#   N_BLOCK:  ACCEPTANCE:
           1    0.545389
           2    0.547403
           3    0.547617
           4    0.547743
           5    0.547459
           6    0.546927
           7    0.546653
           8    0.546649
           9    0.546523
          10    0.546326
          11     0.54633
          12    0.546224
          13    0.546376
          14    0.546444
          15     0.54638
          16    0.546188
          17     0.54591
          18    0.545877
          19    0.545756
          20    0.545794
          21    0.545862
          22    0.545883
          23    0.545835
          24    0.545838
          25    0.545799
          26    0.545841
          27    0.545762
          28    0.545757
          29    0.545803
          30    0.545907
          31    0.545954
          32    0.545893
          33    0.545931
          34    0.545939
          35    0.545955
          36    0.546018
          37    0.546028
          38    0.546014
          39    0.546059
          40    0.546075
          41    0.546111
          42    0.546142
          43    0.546091
          44    0.546084
          45    0.546094
          46    0.546104
          47    0.546109
          48    0.546093
          49    0.546064
          50    0.546101
          51     0.54613
          52    0.546066
          53    0.546087
          54    0.546074
          55    0.546079
          56    0.546123
          57    0.546138
          58    0.546172
          59    0.546189
          60    0.546219
          61    0.546218
          62    0.546246
          63    0.546245
          64    0.546235
          65     0.54626
          66    0.546296
          67    0.546307
          68    0.546289
          69    0.546285
          70    0.546288
          71    0.546295
          72    0.546265
          73    0.546276
          74    0.546267
          75    0.546289
          76    0.546309
          77    0.546295
          78      0.5463
          79    0.546285
          80     0.54628
          81    0.546246
          82    0.546245
          83    0.546278
          84    0.546279
          85    0.546266
          86    0.546247
          87    0.546253
          88    0.546252
          89    0.546257
          90    0.546263
          91     0.54626
          92    0.546263
          93    0.546285
          94    0.546329
          95    0.546317
          96    0.546294
          97    0.546303
          98    0.546309
          99    0.546319
         100    0.546315
         101    0.546285
         102    0.546298
         103    0.546336
         104    0.546327
         105    0.546334
         106    0.546335
         107    0.546331
         108    0.546346
         109    0.546348
         110    0.546363
         111    0.546332
         112    0.546333
         113     0.54632
         114    0.546297
         115    0.546301
         116    0.546296
         117    0.546292
         118    0.546288
         119    0.546308
         120    0.546315
         121    0.546328
         122    0.546324
         123    0.546319
         124    0.546306
         125    0.546327
         126    0.546317
         127    0.546305
         128    0.546294
         129    0.546288
         130    0.546278
         131     0.54628
         132     0.54627
         133    0.546264
         134    0.546254
         135    0.546256
         136    0.546252
         137    0.546269
         138     0.54624
         139    0.546239
         140    0.546229
         141    0.546228
         142    0.546241
         143    0.546242
         144    0.546248
         145    0.546256
         146    0.546242
         147    0.546262
         148     0.54627
         149    0.546277
         150    0.546273
         151    0.546273
         152    0.546261
         153    0.546272
         154    0.546277
         155    0.546277
         156    0.546278
         157    0.546281
         158    0.546283
         159    0.546267
         160     0.54627
         161    0.546285
         162    0.546293
         163    0.546287
         164    0.546287
         165    0.546294
         166     0.54631
         167    0.546306
         168    0.546302
         169    0.546295
         170    0.546289
         171    0.546293
         172    0.546279
         173    0.546274
         174    0.546285
         175    0.546297
         176    0.546293
         177    0.546288
         178    0.546304
         179    0.546298
         180    0.546293
         181     0.54629
         182    0.546281
         183    0.546288
         184    0.546282
         185     0.54629
         186    0.546282
         187    0.546267
         188     0.54627
         189    0.546274
         190    0.546257
         191    0.546245
         192    0.546248
         193    0.546268
         194    0.546263
         195    0.546255
         196    0.546251
         197    0.546258
         198    0.546264
         199    0.546262
         200    0.546258
         201    0.546258
         202    0.546257
         203    0.546256
         204    0.546253
         205    0.546248
         206    0.546253
         207    0.546252
         208    0.546248
         209    0.546259
         210    0.546249
         211    0.546249
         212    0.546248
         213    0.546246
         214    0.546251
         215    0.546244
         216    0.546234
         217     0.54624
         218    0.546236
         219    0.546231
         220    0.546232
         221    0.546251
         222    0.546254
         223    0.546263
         224    0.546263
         225    0.546262
         226    0.546265
         227    0.546263
         228    0.546279
         229    0.546274
         230    0.546262
         231    0.546253
         232    0.546254
         233    0.546238
         234    0.546234
         235    0.546234
         236     0.54624
         237    0.546247
         238    0.546249
         239    0.546265
         240    0.546262
         241    0.546272
         242    0.546279
         243    0.546287
         244    0.546295
         245    0.546301
         246    0.546301
         247    0.546294
         248    0.546296
         249    0.546294
         250    0.546279
         251    0.546275
         252    0.546279
         253    0.546278
         254    0.546273
         255    0.546278
         256    0.546274
         257    0.546267
         258    0.546272
         259    0.546272
         260    0.546279
         261    0.546267
         262    0.546263
         263    0.546256
         264    0.546255
         265    0.546263
         266    0.546269
         267    0.546253
         268    0.546255
         269    0.546248
         270    0.546247
         271    0.546234
         272    0.546225
         273    0.546218
         274    0.546213
         275    0.546206
         276    0.546203
         277    0.546203
         278    0.546203
         279    0.546202
         280     0.54621
         281    0.546206
         282    0.546213
         283    0.546208
         284    0.546216
         285    0.546215
         286    0.546213
         287    0.546214
         288    0.546217
         289    0.546213
         290    0.546217
         291    0.546227
         292    0.546223
         293    0.546223
         294    0.546225
         295    0.546219
         296     0.54622
         297    0.546224
         298    0.546236
         299    0.546235
         300    0.546237
         301    0.546237
         302    0.546239
         303    0.546239
         304     0.54624
         305    0.546249
         306     0.54625
         307    0.546246
         308     0.54625
         309     0.54624
         310    0.546241
         311    0.546241
         312    0.546246
         313    0.546238
         314    0.546238
         315    0.546241
         316    0.546243
         317    0.546243
         318    0.546232
         319    0.546234
         320    0.546226
         321    0.546225
         322    0.546219
         323    0.546222
         324    0.546232
         325    0.546232
         326    0.546235
         327    0.546245
         328     0.54625
         329    0.546247
         330    0.546247
         331    0.546248
         332    0.546244
         333    0.546241
         334    0.546237
         335    0.546233
         336    0.546228
         337    0.546226
         338    0.546228
         339    0.546222
         340    0.546223
         341    0.546224
         342    0.546226
         343    0.546226
         344    0.546225
         345    0.546224
         346    0.546227
         347    0.546228
         348    0.546231
         349    0.546231
         350    0.546228
         351    0.546228
         352    0.546235
         353     0.54624
         354    0.546247
         355    0.546244
         356    0.546245
         357    0.546247
         358    0.546246
         359    0.546243
         360    0.546244
         361    0.546243
         362    0.546237
         363    0.546232
         364    0.546231
         365     0.54623
         366    0.546225
         367    0.546225
         368     0.54623
         369    0.546234
         370    0.546231
         371    0.546229
         372    0.546226
         373    0.546235
         374    0.546238
         375     0.54623
         376    0.546232
         377    0.546237
         378    0.546241
         379    0.546238
         380    0.546233
         381     0.54623
         382    0.546226
         383    0.546227
         384    0.546224
         385    0.546225
         386    0.546232
         387    0.546224
         388    0.546227
         389    0.546233
         390    0.546231
         391    0.546228
         392    0.546219
         393    0.546214
         394    0.546209
         395    0.546212
         396    0.546219
         397    0.546218
         398     0.54622
         399    0.546221
         400     0.54622
         401    0.546224
         402    0.546224
         403    0.546221
         404    0.546216
         405    0.546213
         406    0.546214
         407    0.546213
         408    0.546217
         409    0.546221
         410    0.546219
         411    0.546211
         412    0.546207
         413    0.546206
         414    0.546205
         415    0.546204
         416    0.546204
         417    0.546205
         418    0.546206
         419    0.546199
         420    0.546196
         421    0.546199
         422    0.546203
         423    0.546198
         424    0.546199
         425    0.546205
         426    0.546209
         427    0.546203
         428      0.5462
         429    0.546196
         430    0.546199
         431      0.5462
         432      0.5462
         433    0.546199
         434    0.546201
         435    0.546195
         436    0.546197
         437     0.54619
         438    0.546195
         439    0.546197
         440    0.546201
         441    0.546197
         442    0.546201
         443    0.546203
         444    0.546204
         445    0.546201
         446    0.546204
         447    0.546203
         448    0.546202
         449    0.546203
         450    0.546205
         451    0.546206
         452    0.546205
         453    0.546203
         454     0.54621
         455    0.546211
         456    0.546204
         457    0.546202
         458    0.546201
         459    0.546199
         460      0.5462
         461    0.546202
         462     0.54621
         463    0.546211
         464    0.546213
         465    0.546208
         466     0.54621
         467    0.546208
         468    0.546205
         469    0.546204
         470    0.546196
         471    0.546201
         472    0.546203
         473    0.546204
         474      0.5462
         475    0.546201
         476    0.546199
         477    0.546197
         478    0.546197
         479    0.546198
         480     0.54619
         481    0.546188
         482    0.546185
         483    0.546181
         484    0.546179
         485    0.546184
         486    0.546184
         487    0.546182
         488    0.546178
         489    0.546179
         490    0.546177
         491    0.546178
         492    0.546185
         493    0.546178
         494     0.54618
         495    0.546188
         496    0.546189
         497    0.546188
         498    0.546188
         499    0.546192
         500    0.546193
         501    0.546185
         502     0.54618
         503    0.546177
         504    0.546181
         505    0.546181
         506    0.546181
         507    0.546182
         508    0.546184
         509    0.546183
         510    0.546186
         511    0.546186
         512    0.546189
         513    0.546191
         514    0.546191
         515    0.546191
         516    0.546188
         517    0.546191
         518    0.546193
         519    0.546191
         520    0.546191
         521     0.54619
         522    0.546195
         523    0.546198
         524    0.546191
         525     0.54619
         526    0.546192
         527    0.546189
         528    0.546184
         529    0.546183
         530    0.546183
         531    0.546184
         532    0.546186
         533    0.546186
         534    0.546178
         535    0.546179
         536    0.546177
         537    0.546174
         538    0.546174
         539    0.546168
         540    0.546174
         541    0.546177
         542    0.546175
         543    0.546176
         544     0.54618
         545    0.546182
         546    0.546185
         547    0.546181
         548    0.546176
         549    0.546174
         550    0.546173
         551    0.546172
         552    0.546175
         553    0.546173
         554     0.54617
         555    0.546168
         556    0.546169
         557    0.546167
         558    0.546165
         559    0.546169
         560     0.54617
         561    0.546172
         562    0.546171
         563    0.546177
         564    0.546179
         565    0.546172
         566    0.546173
         567    0.546172
         568    0.546174
         569    0.546172
         570    0.546173
         571    0.546171
         572    0.546169
         573    0.546165
         574    0.546161
         575     0.54616
         576    0.546159
         577    0.546159
         578    0.546162
         579    0.546161
         580    0.546159
         581    0.546158
         582    0.546152
         583    0.546153
         584    0.546153
         585    0.546154
         586    0.546156
         587    0.546157
         588     0.54616
         589    0.546163
         590    0.546162
         591    0.546159
         592    0.546158
         593    0.546157
         594    0.546159
         595    0.546159
         596     0.54616
         597    0.546159
         598    0.546157
         599    0.546156
         600    0.546155
         601    0.546152
         602    0.546151
         603    0.546151
         604    0.546147
         605    0.546145
         606    0.546145
         607    0.546143
         608    0.546142
         609    0.546143
         610    0.546144
         611    0.546144
         612    0.546146
         613    0.546145
         614    0.546145
         615    0.546148
         616    0.546151
         617    0.546148
         618    0.546152
         619    0.546155
         620    0.546158
         621    0.546163
         622    0.546161
         623    0.546161
         624     0.54616
         625    0.546157
         626    0.546158
         627    0.546156
         628    0.546157
         629    0.546161
         630    0.546159
         631    0.546157
         632    0.546156
         633    0.546158
         634    0.546164
         635    0.546166
         636    0.546168
         637    0.546169
         638    0.546172
         639    0.546174
         640    0.546176
         641     0.54618
         642    0.546177
         643    0.546176
         644    0.546169
         645    0.546173
         646    0.546174
         647    0.546174
         648    0.546169
         649     0.54617
         650     0.54617
         651    0.546169
         652    0.546169
         653    0.546168
         654    0.546168
         655    0.546173
         656    0.546179
         657     0.54618
         658    0.546183
         659    0.546183
         660    0.546183
         661    0.546181
         662    0.546178
         663    0.546177
         664    0.546178
         665    0.546178
         666    0.546176
         667    0.546174
         668    0.546175
         669    0.546179
         670    0.546178
         671     0.54618
         672    0.546181
         673    0.546179
         674    0.546184
         675     0.54618
         676    0.546178
         677    0.546178
         678    0.546176
         679    0.546175
         680    0.546176
         681    0.546175
         682    0.546172
         683    0.546173
         684    0.546171
         685    0.546169
         686    0.546169
         687    0.546172
         688    0.546176
         689    0.546177
         690    0.546173
         691    0.546172
         692    0.546171
         693     0.54617
         694    0.546168
         695     0.54617
         696    0.546171
         697    0.546172
         698    0.546172
         699    0.546173
         700    0.546171
         701    0.546168
         702     0.54617
         703    0.546173
         704    0.546175
         705    0.546174
         706    0.546174
         707    0.546175
         708    0.546176
         709    0.546175
         710    0.546176
         711    0.546177
         712    0.546171
         713     0.54617
         714    0.546173
         715    0.546168
         716    0.546166
         717    0.546163
         718    0.546164
         719     0.54616
         720    0.546161
         721    0.546161
         722    0.546158
         723     0.54616
         724    0.546163
         725    0.546163
         726    0.546162
         727    0.546162
         728    0.546162
         729    0.546159
         730     0.54616
         731    0.546157
         732    0.546157
         733    0.546156
         734    0.546156
         735    0.546151
         736    0.546151
         737    0.546151
         738    0.546149
         739     0.54615
         740    0.546149
         741     0.54615
         742    0.546149
         743    0.546149
         744    0.546147
         745    0.546145
         746    0.546147
         747    0.546146
         748    0.546149
         749    0.546146
         750    0.546147
         751    0.546145
         752    0.546146
         753    0.546147
         754    0.546145
         755    0.546144
         756    0.546142
         757    0.546142
         758    0.546143
         759     0.54614
         760    0.546141
         761    0.546142
         762    0.546142
         763    0.546144
         764    0.546145
         765    0.546144
         766    0.546144
         767    0.546145
         768    0.546148
         769    0.546143
         770    0.546141
         771    0.546142
         772    0.546144
         773    0.546141
         774     0.54614
         775    0.546141
         776    0.546139
         777    0.546139
         778     0.54614
         779    0.546139
         780    0.546141
         781    0.546141
         782    0.546141
         783     0.54614
         784    0.546139
         785    0.546141
         786    0.546138
         787    0.546142
         788    0.546138
         789    0.546138
         790    0.546136
         791    0.546134
         792    0.546135
         793    0.546137
         794     0.54614
         795     0.54614
         796    0.546141
         797    0.546141
         798    0.546141
         799    0.546145
         800    0.546144
         801    0.546145
         802    0.546148
         803    0.546148
         804    0.546148
         805    0.546148
         806     0.54615
         807    0.546151
         808    0.546152
         809    0.546152
         810    0.546152
         811    0.546152
         812    0.546155
         813    0.546156
         814    0.546154
         815    0.546153
         816    0.546157
         817    0.546158
         818    0.546158
         819     0.54616
         820    0.546162
         821    0.546164
         822    0.546162
         823    0.546159
         824    0.546161
         825    0.546162
         826    0.546164
         827    0.546165
         828    0.546165
         829    0.546166
         830    0.546166
         831    0.546166
         832    0.546164
         833    0.546164
         834    0.546162
         835    0.546164
         836    0.546162
         837    0.546161
         838    0.546161
         839    0.546162
         840    0.546163
         841    0.546162
         842    0.546163
         843    0.546164
         844    0.546164
         845    0.546161
         846    0.546159
         847    0.546158
         848    0.546158
         849     0.54616
         850     0.54616
         851     0.54616
         852    0.546163
         853    0.546163
         854    0.546163
         855    0.546164
         856    0.546165
         857    0.546166
         858    0.546165
         859    0.546162
         860    0.546162
         861     0.54616
         862    0.546158
         863    0.546158
         864     0.54616
         865    0.546159
         866    0.546159
         867    0.546159
         868    0.546156
         869    0.546156
         870    0.546156
         871    0.546155
         872    0.546156
         873    0.546154
         874    0.546156
         875    0.546156
         876    0.546155
         877    0.546156
         878    0.546156
         879    0.546158
         880    0.546159
         881     0.54616
         882     0.54616
         883    0.546161
         884    0.546162
         885    0.546165
         886    0.546162
         887    0.546161
         888    0.546162
         889    0.546159
         890    0.546161
         891    0.546157
         892    0.546155
         893    0.546157
         894    0.546154
         895    0.546154
         896    0.546154
         897    0.546155
         898    0.546157
         899    0.546159
         900     0.54616
         901    0.546161
         902    0.546163
         903    0.546161
         904    0.546162
         905    0.546162
         906    0.546162
         907    0.546163
         908    0.546164
         909    0.546162
         910     0.54616
         911    0.546162
         912    0.546162
         913    0.546159
         914    0.546158
         915    0.546159
         916    0.546159
         917    0.546164
         918    0.546163
         919    0.546161
         920    0.546161
         921    0.546158
         922    0.546155
         923    0.546155
         924    0.546153
         925    0.546153
         926    0.546155
         927    0.546154
         928    0.546153
         929    0.546155
         930    0.546153
         931    0.546149
         932    0.546146
         933    0.546147
         934     0.54615
         935    0.546153
         936    0.546155
         937    0.546155
         938    0.546155
         939    0.546155
         940    0.546155
         941    0.546155
         942    0.546155
         943    0.546155
         944    0.546154
         945    0.546149
         946    0.546146
         947    0.546146
         948    0.546147
         949    0.546153
         950    0.546154
         951    0.546155
         952    0.546157
         953    0.546156
         954    0.546156
         955     0.54616
         956     0.54616
         957    0.546158
         958    0.546156
         959    0.546152
         960     0.54615
         961     0.54615
         962    0.546148
         963    0.546147
         964    0.546146
         965    0.546147
         966    0.546147
         967    0.546145
         968    0.546143
         969     0.54614
         970    0.546142
         971    0.546141
         972    0.546143
         973    0.546141
         974    0.546142
         975    0.546144
         976    0.546144
         977    0.546145
         978    0.546145
         979    0.546147
         980    0.546147
         981    0.546145
         982    0.546143
         983    0.546142
         984    0.546142
         985    0.546144
         986    0.546143
         987    0.546143
         988    0.546143
         989    0.546141
         990    0.546138
         991    0.546139
         992    0.546142
         993    0.546144
         994    0.546143
         995    0.546144
         996    0.546144
         997    0.546145
         998    0.546145
         999    0.546147
        1000    0.546147
