BLOCK:	ACTUAL_PE:	PE_AVE:	ERROR:
1	-7.55414	-7.55414	0
2	-7.54526	-7.5497	0.00313958
3	-7.53754	-7.54564	0.0039156
4	-7.56471	-7.55041	0.0050657
5	-7.55787	-7.5519	0.00426648
6	-7.53356	-7.54884	0.00451958
7	-7.53736	-7.5472	0.0041609
8	-7.5535	-7.54799	0.00371442
9	-7.53369	-7.5464	0.00362562
10	-7.53958	-7.54572	0.00332668
11	-7.56758	-7.54771	0.00356896
12	-7.56334	-7.54901	0.00350115
13	-7.54321	-7.54856	0.00326016
14	-7.53884	-7.54787	0.00310033
15	-7.54157	-7.54745	0.00292196
16	-7.53365	-7.54659	0.00286372
17	-7.51344	-7.54464	0.00329283
18	-7.562	-7.5456	0.00324812
19	-7.55871	-7.54629	0.00314961
20	-7.54876	-7.54642	0.00299454
21	-7.52994	-7.54563	0.00295288
22	-7.55373	-7.546	0.00284152
23	-7.54284	-7.54586	0.00272129
24	-7.53935	-7.54559	0.00262141
25	-7.565	-7.54637	0.00262897
26	-7.54756	-7.54641	0.00252826
27	-7.52895	-7.54577	0.002516
28	-7.52423	-7.545	0.00254099
29	-7.54194	-7.54489	0.00245556
30	-7.56427	-7.54554	0.00245724
31	-7.54393	-7.54549	0.00237852
32	-7.54347	-7.54542	0.00230502
33	-7.57427	-7.5463	0.00239525
34	-7.56722	-7.54691	0.00240257
35	-7.53996	-7.54671	0.00234213
36	-7.54095	-7.54655	0.00228254
37	-7.53629	-7.54628	0.00223764
38	-7.5629	-7.54671	0.00222109
39	-7.5535	-7.54689	0.00217095
40	-7.53642	-7.54663	0.00213239
41	-7.53719	-7.5464	0.00209276
42	-7.54751	-7.54642	0.0020431
43	-7.53546	-7.54617	0.00201144
44	-7.54885	-7.54623	0.00196665
45	-7.55009	-7.54631	0.00192482
46	-7.53764	-7.54613	0.00189219
47	-7.56751	-7.54658	0.00190586
48	-7.54949	-7.54664	0.00186712
49	-7.53738	-7.54645	0.00183855
50	-7.54776	-7.54648	0.00180197
51	-7.55645	-7.54667	0.0017772
52	-7.53505	-7.54645	0.00175704
53	-7.54201	-7.54637	0.00172589
54	-7.55118	-7.54646	0.00169623
55	-7.54395	-7.54641	0.001666
56	-7.54447	-7.54637	0.00163661
57	-7.52633	-7.54602	0.00164524
58	-7.53503	-7.54583	0.00162776
59	-7.56142	-7.5461	0.00162148
60	-7.55333	-7.54622	0.00159893
61	-7.57603	-7.54671	0.00164573
62	-7.52599	-7.54637	0.00165276
63	-7.55859	-7.54657	0.00163786
64	-7.55735	-7.54674	0.0016209
65	-7.55173	-7.54681	0.00159778
66	-7.56306	-7.54706	0.00159244
67	-7.54063	-7.54696	0.00157156
68	-7.53371	-7.54677	0.00156048
69	-7.55489	-7.54689	0.0015423
70	-7.54721	-7.54689	0.00152027
71	-7.53165	-7.54668	0.00151394
72	-7.55012	-7.54672	0.00149367
73	-7.53672	-7.54659	0.00147948
74	-7.53839	-7.54648	0.00146363
75	-7.53107	-7.54627	0.00145845
76	-7.54783	-7.54629	0.00143941
77	-7.54531	-7.54628	0.00142077
78	-7.51705	-7.5459	0.00145112
79	-7.55546	-7.54602	0.00143778
80	-7.52413	-7.54575	0.00144563
81	-7.55113	-7.54582	0.00142931
82	-7.5501	-7.54587	0.00141283
83	-7.53936	-7.54579	0.00139799
84	-7.56767	-7.54605	0.00140539
85	-7.54282	-7.54601	0.00138937
86	-7.53902	-7.54593	0.00137559
87	-7.55734	-7.54606	0.00136601
88	-7.51871	-7.54575	0.00138539
89	-7.53338	-7.54561	0.00137679
90	-7.56143	-7.54579	0.00137266
91	-7.54287	-7.54576	0.00135795
92	-7.56022	-7.54591	0.00135226
93	-7.55942	-7.54606	0.00134549
94	-7.56934	-7.54631	0.00135378
95	-7.53926	-7.54623	0.00134157
96	-7.5434	-7.5462	0.00132791
97	-7.5531	-7.54627	0.00131613
98	-7.56194	-7.54643	0.00131236
99	-7.55952	-7.54657	0.00130575
100	-7.55762	-7.54668	0.00129736
101	-7.54274	-7.54664	0.0012851
102	-7.55472	-7.54672	0.00127494
103	-7.57071	-7.54695	0.00128367
104	-7.56474	-7.54712	0.00128267
105	-7.53889	-7.54704	0.00127285
106	-7.55594	-7.54713	0.0012636
107	-7.55691	-7.54722	0.0012551
108	-7.54952	-7.54724	0.00124366
109	-7.54258	-7.5472	0.00123298
110	-7.55207	-7.54724	0.00122257
111	-7.55415	-7.5473	0.00121314
112	-7.53659	-7.54721	0.00120607
113	-7.55264	-7.54726	0.00119636
114	-7.52906	-7.5471	0.00119646
115	-7.53972	-7.54703	0.00118777
116	-7.55207	-7.54708	0.00117833
117	-7.53318	-7.54696	0.00117423
118	-7.54624	-7.54695	0.00116429
119	-7.5631	-7.54709	0.00116239
120	-7.56005	-7.54719	0.00115771
121	-7.53849	-7.54712	0.00115038
122	-7.51998	-7.5469	0.00116227
123	-7.53849	-7.54683	0.00115483
124	-7.54826	-7.54684	0.00114558
125	-7.5631	-7.54697	0.00114377
126	-7.54902	-7.54699	0.00113481
127	-7.55047	-7.54702	0.00112621
128	-7.55635	-7.54709	0.00111977
129	-7.55897	-7.54718	0.00111487
130	-7.55687	-7.54726	0.00110878
131	-7.54813	-7.54726	0.00110033
132	-7.56948	-7.54743	0.00110479
133	-7.54684	-7.54743	0.0010965
134	-7.5538	-7.54747	0.00108934
135	-7.54839	-7.54748	0.0010813
136	-7.54405	-7.54746	0.00107364
137	-7.56332	-7.54757	0.00107203
138	-7.55794	-7.54765	0.00106689
139	-7.54046	-7.54759	0.00106047
140	-7.52705	-7.54745	0.001063
141	-7.54962	-7.54746	0.00105557
142	-7.54986	-7.54748	0.00104827
143	-7.55896	-7.54756	0.00104401
144	-7.53511	-7.54747	0.00104034
145	-7.53542	-7.54739	0.00103648
146	-7.5487	-7.5474	0.00102942
147	-7.56573	-7.54752	0.00102994
148	-7.55171	-7.54755	0.00102337
149	-7.55514	-7.5476	0.00101776
150	-7.54563	-7.54759	0.00101106
151	-7.56011	-7.54767	0.00100776
152	-7.54421	-7.54765	0.00100139
153	-7.55159	-7.54768	0.000995174
154	-7.53512	-7.5476	0.000992046
155	-7.54625	-7.54759	0.000985683
156	-7.54477	-7.54757	0.00097953
157	-7.53834	-7.54751	0.000975054
158	-7.52848	-7.54739	0.000976296
159	-7.55089	-7.54741	0.000970403
160	-7.55781	-7.54748	0.000966514
161	-7.55436	-7.54752	0.000961457
162	-7.53847	-7.54746	0.000957145
163	-7.56971	-7.5476	0.000960955
164	-7.54376	-7.54758	0.00095538
165	-7.52867	-7.54746	0.000956438
166	-7.54937	-7.54747	0.000950745
167	-7.54573	-7.54746	0.000945109
168	-7.56312	-7.54756	0.000944069
169	-7.53588	-7.54749	0.000941005
170	-7.54631	-7.54748	0.000935495
171	-7.53951	-7.54743	0.000931185
172	-7.53171	-7.54734	0.00093025
173	-7.53831	-7.54729	0.000926338
174	-7.56117	-7.54737	0.000924443
175	-7.56184	-7.54745	0.000922852
176	-7.54593	-7.54744	0.000917649
177	-7.5368	-7.54738	0.000914434
178	-7.5569	-7.54744	0.00091086
179	-7.54024	-7.5474	0.000906658
180	-7.5373	-7.54734	0.000903355
181	-7.53427	-7.54727	0.000901245
182	-7.54133	-7.54724	0.000896885
183	-7.54759	-7.54724	0.000891986
184	-7.55319	-7.54727	0.000887725
185	-7.54172	-7.54724	0.000883433
186	-7.55359	-7.54727	0.000879342
187	-7.55585	-7.54732	0.000875836
188	-7.54068	-7.54728	0.000871888
189	-7.54399	-7.54727	0.00086745
190	-7.5568	-7.54732	0.000864334
191	-7.52582	-7.5472	0.000867104
192	-7.57455	-7.54735	0.000874209
193	-7.57073	-7.54747	0.000878035
194	-7.56638	-7.54757	0.000878901
195	-7.53901	-7.54752	0.000875487
196	-7.54894	-7.54753	0.000871051
197	-7.54559	-7.54752	0.000866685
198	-7.5359	-7.54746	0.000864291
199	-7.5386	-7.54742	0.000861094
200	-7.5646	-7.5475	0.000861065
201	-7.56058	-7.54757	0.000859235
202	-7.56597	-7.54766	0.000859798
203	-7.56046	-7.54772	0.000857872
204	-7.52594	-7.54761	0.000860285
205	-7.55207	-7.54764	0.000856363
206	-7.53868	-7.54759	0.000853308
207	-7.52267	-7.54747	0.000857639
208	-7.53496	-7.54741	0.000855621
209	-7.56868	-7.54751	0.000857557
210	-7.54713	-7.54751	0.000853475
211	-7.52729	-7.54742	0.000854794
212	-7.55719	-7.54746	0.000852004
213	-7.53545	-7.54741	0.000849869
214	-7.53788	-7.54736	0.000847063
215	-7.54508	-7.54735	0.000843189
216	-7.52996	-7.54727	0.00084312
217	-7.52863	-7.54718	0.000843598
218	-7.57754	-7.54732	0.000851145
219	-7.53836	-7.54728	0.000848242
220	-7.5441	-7.54727	0.00084451
221	-7.54993	-7.54728	0.000840775
222	-7.54537	-7.54727	0.000837032
223	-7.55657	-7.54731	0.000834317
224	-7.52409	-7.54721	0.00083701
225	-7.53815	-7.54717	0.000834257
226	-7.5564	-7.54721	0.000831564
227	-7.55606	-7.54725	0.000828814
228	-7.57185	-7.54736	0.000832172
229	-7.56132	-7.54742	0.00083077
230	-7.50554	-7.54724	0.000846874
231	-7.53944	-7.5472	0.000843881
232	-7.55465	-7.54723	0.000840854
233	-7.54639	-7.54723	0.000837253
234	-7.55544	-7.54727	0.00083441
235	-7.55703	-7.54731	0.000831894
236	-7.54735	-7.54731	0.000828369
237	-7.53708	-7.54726	0.000825996
238	-7.55255	-7.54729	0.000822825
239	-7.52909	-7.54721	0.000822897
240	-7.53157	-7.54715	0.000822043
241	-7.54848	-7.54715	0.000818651
242	-7.56675	-7.54723	0.000819263
243	-7.55235	-7.54725	0.000816162
244	-7.54582	-7.54725	0.000812838
245	-7.53267	-7.54719	0.000811694
246	-7.54949	-7.5472	0.000808449
247	-7.54739	-7.5472	0.000805176
248	-7.54414	-7.54719	0.000802024
249	-7.56045	-7.54724	0.000800569
250	-7.54137	-7.54722	0.000797711
251	-7.54654	-7.54721	0.000794538
252	-7.5546	-7.54724	0.000791925
253	-7.54103	-7.54722	0.000789175
254	-7.56255	-7.54728	0.000788373
255	-7.54169	-7.54726	0.000785586
256	-7.56385	-7.54732	0.000785186
257	-7.52724	-7.54724	0.00078601
258	-7.54294	-7.54723	0.00078314
259	-7.5329	-7.54717	0.000782067
260	-7.5744	-7.54728	0.000786039
261	-7.54417	-7.54726	0.000783117
262	-7.52228	-7.54717	0.000785912
263	-7.5307	-7.54711	0.000785414
264	-7.541	-7.54708	0.00078278
265	-7.57455	-7.54719	0.00078666
266	-7.52325	-7.5471	0.000788834
267	-7.53799	-7.54706	0.000786616
268	-7.55534	-7.54709	0.000784287
269	-7.52952	-7.54703	0.000784088
270	-7.54502	-7.54702	0.000781219
271	-7.53142	-7.54696	0.000780455
272	-7.52356	-7.54688	0.000782312
273	-7.55144	-7.54689	0.000779625
274	-7.55226	-7.54691	0.000777026
275	-7.53924	-7.54688	0.000774701
276	-7.54785	-7.54689	0.000771902
277	-7.54451	-7.54688	0.000769163
278	-7.55262	-7.5469	0.000766673
279	-7.53607	-7.54686	0.000764908
280	-7.55593	-7.54689	0.000762862
281	-7.56026	-7.54694	0.000761628
282	-7.54127	-7.54692	0.000759193
283	-7.54869	-7.54693	0.000756536
284	-7.54545	-7.54692	0.00075389
285	-7.54086	-7.5469	0.000751544
286	-7.55514	-7.54693	0.000749468
287	-7.54073	-7.54691	0.000747168
288	-7.54367	-7.5469	0.000744658
289	-7.56039	-7.54694	0.000743543
290	-7.55396	-7.54697	0.000741373
291	-7.57092	-7.54705	0.000743381
292	-7.56107	-7.5471	0.000742385
293	-7.53855	-7.54707	0.000740424
294	-7.53788	-7.54704	0.000738564
295	-7.53976	-7.54701	0.000736473
296	-7.531	-7.54696	0.00073597
297	-7.55895	-7.547	0.000734599
298	-7.54789	-7.547	0.00073214
299	-7.54137	-7.54698	0.000729933
300	-7.51891	-7.54689	0.000733474
301	-7.55237	-7.54691	0.000731264
302	-7.55265	-7.54693	0.000729089
303	-7.54303	-7.54691	0.000726797
304	-7.54242	-7.5469	0.000724556
305	-7.55897	-7.54694	0.00072326
306	-7.55455	-7.54696	0.000721324
307	-7.55105	-7.54698	0.000719097
308	-7.52426	-7.5469	0.000720534
309	-7.52429	-7.54683	0.000721908
310	-7.56655	-7.54689	0.000722377
311	-7.5402	-7.54687	0.000720375
312	-7.54789	-7.54688	0.000718073
313	-7.5483	-7.54688	0.000715794
314	-7.54522	-7.54687	0.000713534
315	-7.5502	-7.54689	0.000711347
316	-7.53157	-7.54684	0.000710744
317	-7.52956	-7.54678	0.000710587
318	-7.52347	-7.54671	0.000712123
319	-7.55379	-7.54673	0.000710237
320	-7.54722	-7.54673	0.000708019
321	-7.54159	-7.54672	0.000705994
322	-7.51057	-7.5466	0.00071267
323	-7.56643	-7.54667	0.000713102
324	-7.5402	-7.54665	0.00071118
325	-7.55383	-7.54667	0.000709335
326	-7.53043	-7.54662	0.000708906
327	-7.56259	-7.54667	0.000708418
328	-7.55883	-7.5467	0.000707228
329	-7.54753	-7.54671	0.000705083
330	-7.56383	-7.54676	0.000704852
331	-7.55815	-7.54679	0.000703562
332	-7.52542	-7.54673	0.000704382
333	-7.55618	-7.54676	0.000702839
334	-7.56165	-7.5468	0.000702147
335	-7.54585	-7.5468	0.000700056
336	-7.55234	-7.54682	0.000698167
337	-7.54108	-7.5468	0.000696303
338	-7.55226	-7.54681	0.00069443
339	-7.5502	-7.54682	0.000692454
340	-7.54786	-7.54683	0.000690424
341	-7.53317	-7.54679	0.000689559
342	-7.54169	-7.54677	0.000687704
343	-7.54068	-7.54675	0.000685929
344	-7.53956	-7.54673	0.000684254
345	-7.50586	-7.54662	0.000692452
346	-7.54264	-7.5466	0.000690546
347	-7.54726	-7.54661	0.000688559
348	-7.55258	-7.54662	0.000686795
349	-7.55243	-7.54664	0.000685028
350	-7.52665	-7.54658	0.000685448
351	-7.53439	-7.54655	0.000684375
352	-7.56095	-7.54659	0.000683654
353	-7.56573	-7.54664	0.000683865
354	-7.54167	-7.54663	0.000682077
355	-7.54939	-7.54664	0.0006802
356	-7.56173	-7.54668	0.000679609
357	-7.55585	-7.5467	0.000678191
358	-7.54201	-7.54669	0.000676423
359	-7.55217	-7.54671	0.000674711
360	-7.55554	-7.54673	0.000673283
361	-7.53032	-7.54669	0.000672952
362	-7.53617	-7.54666	0.000671719
363	-7.55054	-7.54667	0.000669954
364	-7.53655	-7.54664	0.00066869
365	-7.53708	-7.54661	0.000667371
366	-7.53472	-7.54658	0.000666338
367	-7.55194	-7.5466	0.000664683
368	-7.54894	-7.5466	0.000662907
369	-7.53267	-7.54656	0.000662184
370	-7.56057	-7.5466	0.000661475
371	-7.53752	-7.54658	0.000660145
372	-7.54788	-7.54658	0.00065838
373	-7.52143	-7.54651	0.000660058
374	-7.5654	-7.54656	0.000660222
375	-7.55617	-7.54659	0.000658958
376	-7.5601	-7.54663	0.000658185
377	-7.56608	-7.54668	0.000658458
378	-7.53275	-7.54664	0.000657746
379	-7.5483	-7.54665	0.000656025
380	-7.54204	-7.54663	0.000654411
381	-7.54986	-7.54664	0.000652748
382	-7.52545	-7.54659	0.000653392
383	-7.56527	-7.54663	0.000653504
384	-7.54717	-7.54664	0.000651804
385	-7.53556	-7.54661	0.000650745
386	-7.54882	-7.54661	0.000649084
387	-7.54744	-7.54662	0.000647411
388	-7.54424	-7.54661	0.000645771
389	-7.57311	-7.54668	0.000647695
390	-7.53299	-7.54664	0.000646985
391	-7.54394	-7.54664	0.000645367
392	-7.54574	-7.54663	0.000643725
393	-7.55983	-7.54667	0.000642962
394	-7.52546	-7.54661	0.000643579
395	-7.52802	-7.54657	0.000643669
396	-7.52163	-7.5465	0.000645118
397	-7.54716	-7.5465	0.000643495
398	-7.53591	-7.54648	0.000642428
399	-7.55315	-7.54649	0.000641036
400	-7.54064	-7.54648	0.0006396
401	-7.55901	-7.54651	0.000638768
402	-7.54038	-7.5465	0.000637361
403	-7.53887	-7.54648	0.00063606
404	-7.55652	-7.5465	0.000634972
405	-7.53935	-7.54648	0.000633649
406	-7.55068	-7.54649	0.000632173
407	-7.53302	-7.54646	0.000631486
408	-7.54393	-7.54646	0.000629968
409	-7.54877	-7.54646	0.000628453
410	-7.54442	-7.54646	0.00062694
411	-7.54327	-7.54645	0.000625463
412	-7.54014	-7.54643	0.000624132
413	-7.56038	-7.54647	0.000623533
414	-7.54304	-7.54646	0.000622082
415	-7.55074	-7.54647	0.000620669
416	-7.56263	-7.54651	0.000620392
417	-7.55405	-7.54653	0.000619168
418	-7.53614	-7.5465	0.000618185
419	-7.57063	-7.54656	0.000619386
420	-7.56506	-7.5466	0.000619476
421	-7.55427	-7.54662	0.000618273
422	-7.54984	-7.54663	0.000616855
423	-7.55119	-7.54664	0.000615491
424	-7.56045	-7.54667	0.000614901
425	-7.56051	-7.5467	0.000614316
426	-7.55619	-7.54673	0.000613277
427	-7.56079	-7.54676	0.000612725
428	-7.55229	-7.54677	0.000611429
429	-7.54107	-7.54676	0.000610149
430	-7.5482	-7.54676	0.000608739
431	-7.54788	-7.54676	0.000607332
432	-7.51833	-7.5467	0.000609482
433	-7.57617	-7.54677	0.000611864
434	-7.55887	-7.54679	0.000611089
435	-7.55181	-7.54681	0.000609793
436	-7.55634	-7.54683	0.000608786
437	-7.54464	-7.54682	0.000607414
438	-7.52992	-7.54678	0.000607251
439	-7.55414	-7.5468	0.000606099
440	-7.54877	-7.54681	0.000604738
441	-7.53255	-7.54677	0.000604231
442	-7.54875	-7.54678	0.00060288
443	-7.53965	-7.54676	0.000601734
444	-7.55457	-7.54678	0.000600636
445	-7.52501	-7.54673	0.000601275
446	-7.57216	-7.54679	0.000602624
447	-7.52832	-7.54675	0.000602691
448	-7.53698	-7.54672	0.00060174
449	-7.54696	-7.54673	0.0006004
450	-7.55196	-7.54674	0.000599178
451	-7.53375	-7.54671	0.000598541
452	-7.53257	-7.54668	0.000598033
453	-7.55302	-7.54669	0.000596877
454	-7.56468	-7.54673	0.000596875
455	-7.54172	-7.54672	0.000595665
456	-7.53072	-7.54668	0.000595392
457	-7.5706	-7.54674	0.000596385
458	-7.54057	-7.54672	0.000595235
459	-7.55476	-7.54674	0.000594195
460	-7.55517	-7.54676	0.000593186
461	-7.53248	-7.54673	0.000592707
462	-7.55999	-7.54676	0.000592119
463	-7.55546	-7.54678	0.000591139
464	-7.53311	-7.54675	0.000590598
465	-7.54081	-7.54673	0.000589465
466	-7.53055	-7.5467	0.000589222
467	-7.56086	-7.54673	0.00058874
468	-7.54938	-7.54673	0.00058751
469	-7.54195	-7.54672	0.000586345
470	-7.55569	-7.54674	0.000585408
471	-7.54664	-7.54674	0.000584166
472	-7.54701	-7.54674	0.000582928
473	-7.56056	-7.54677	0.000582427
474	-7.54399	-7.54677	0.000581228
475	-7.53624	-7.54674	0.000580427
476	-7.53686	-7.54672	0.000579579
477	-7.54565	-7.54672	0.000578368
478	-7.53825	-7.5467	0.00057743
479	-7.56261	-7.54674	0.000577178
480	-7.54486	-7.54673	0.000575989
481	-7.52568	-7.54669	0.000576452
482	-7.54082	-7.54668	0.000575385
483	-7.57171	-7.54673	0.000576524
484	-7.55338	-7.54674	0.000575497
485	-7.54523	-7.54674	0.000574318
486	-7.54875	-7.54674	0.000573152
487	-7.54737	-7.54675	0.000571976
488	-7.53766	-7.54673	0.000571107
489	-7.53715	-7.54671	0.000570275
490	-7.54564	-7.5467	0.000569115
491	-7.53172	-7.54667	0.000568773
492	-7.54109	-7.54666	0.000567731
493	-7.54325	-7.54666	0.000566621
494	-7.56142	-7.54669	0.000566262
495	-7.54907	-7.54669	0.000565138
496	-7.53264	-7.54666	0.000564709
497	-7.55328	-7.54668	0.000563729
498	-7.55609	-7.54669	0.000562914
499	-7.54525	-7.54669	0.000561793
500	-7.54665	-7.54669	0.00056067
501	-7.53558	-7.54667	0.000559989
502	-7.52292	-7.54662	0.000560868
503	-7.54748	-7.54662	0.000559756
504	-7.55973	-7.54665	0.000559249
505	-7.52271	-7.5466	0.000560148
506	-7.55093	-7.54661	0.000559106
507	-7.56473	-7.54665	0.000559144
508	-7.5573	-7.54667	0.000558437
509	-7.54617	-7.54667	0.00055734
510	-7.53876	-7.54665	0.000556463
511	-7.54529	-7.54665	0.000555381
512	-7.55336	-7.54666	0.000554451
513	-7.54026	-7.54665	0.00055351
514	-7.53298	-7.54662	0.000553072
515	-7.54937	-7.54663	0.000552024
516	-7.53962	-7.54661	0.000551121
517	-7.53209	-7.54659	0.000550771
518	-7.55725	-7.54661	0.000550092
519	-7.53727	-7.54659	0.000549326
520	-7.53283	-7.54656	0.000548907
521	-7.55655	-7.54658	0.000548188
522	-7.54957	-7.54659	0.000547167
523	-7.53503	-7.54657	0.000546567
524	-7.53261	-7.54654	0.000546172
525	-7.57264	-7.54659	0.000547391
526	-7.55337	-7.5466	0.000546502
527	-7.54595	-7.5466	0.000545466
528	-7.55894	-7.54662	0.000544933
529	-7.56196	-7.54665	0.000544674
530	-7.56508	-7.54669	0.000544755
531	-7.55636	-7.54671	0.000544034
532	-7.54762	-7.54671	0.000543014
533	-7.54181	-7.5467	0.000542073
534	-7.53382	-7.54667	0.000541594
535	-7.54395	-7.54667	0.000540605
536	-7.56696	-7.54671	0.000540921
537	-7.55978	-7.54673	0.000540461
538	-7.55859	-7.54675	0.000539906
539	-7.53435	-7.54673	0.000539394
540	-7.5509	-7.54674	0.000538451
541	-7.54374	-7.54673	0.000537484
542	-7.49569	-7.54664	0.000544681
543	-7.53487	-7.54662	0.000544109
544	-7.57829	-7.54667	0.000546215
545	-7.5518	-7.54668	0.000545293
546	-7.55783	-7.5467	0.000544677
547	-7.54655	-7.5467	0.000543681
548	-7.53558	-7.54668	0.000543068
549	-7.53512	-7.54666	0.000542487
550	-7.54567	-7.54666	0.000541503
551	-7.55306	-7.54667	0.000540645
552	-7.54549	-7.54667	0.00053967
553	-7.53548	-7.54665	0.000539073
554	-7.55503	-7.54667	0.000538313
555	-7.57205	-7.54671	0.000539282
556	-7.53279	-7.54669	0.000538893
557	-7.53681	-7.54667	0.000538217
558	-7.56124	-7.54669	0.000537886
559	-7.5318	-7.54667	0.000537584
560	-7.52135	-7.54662	0.000538521
561	-7.56216	-7.54665	0.000538273
562	-7.55833	-7.54667	0.000537716
563	-7.55789	-7.54669	0.00053713
564	-7.54816	-7.54669	0.000536184
565	-7.54975	-7.5467	0.000535263
566	-7.53911	-7.54669	0.000534485
567	-7.55738	-7.5467	0.000533875
568	-7.54456	-7.5467	0.000532949
569	-7.5509	-7.54671	0.000532063
570	-7.55263	-7.54672	0.000531231
571	-7.54383	-7.54671	0.000530325
572	-7.53345	-7.54669	0.000529904
573	-7.55021	-7.5467	0.000529015
574	-7.54129	-7.54669	0.000528177
575	-7.55671	-7.5467	0.000527547
576	-7.55395	-7.54672	0.00052678
577	-7.55228	-7.54673	0.000525956
578	-7.54556	-7.54672	0.00052505
579	-7.52676	-7.54669	0.000525274
580	-7.54732	-7.54669	0.000524369
581	-7.56467	-7.54672	0.000524379
582	-7.49868	-7.54664	0.000529935
583	-7.53535	-7.54662	0.00052938
584	-7.56946	-7.54666	0.000529916
585	-7.55752	-7.54668	0.000529336
586	-7.5666	-7.54671	0.000529523
587	-7.52988	-7.54668	0.000529396
588	-7.56764	-7.54672	0.000529694
589	-7.56104	-7.54674	0.000529352
590	-7.55418	-7.54676	0.000528605
591	-7.53114	-7.54673	0.00052837
592	-7.5316	-7.5467	0.000528095
593	-7.52604	-7.54667	0.000528353
594	-7.55616	-7.54668	0.000527705
595	-7.56129	-7.54671	0.000527389
596	-7.55042	-7.54672	0.000526541
597	-7.54178	-7.54671	0.000525724
598	-7.53801	-7.54669	0.000525046
599	-7.5419	-7.54668	0.00052423
600	-7.5437	-7.54668	0.00052338
601	-7.51274	-7.54662	0.000525548
602	-7.54278	-7.54662	0.000524714
603	-7.51754	-7.54657	0.000526055
604	-7.55183	-7.54658	0.000525256
605	-7.56504	-7.54661	0.000525273
606	-7.54182	-7.5466	0.000524465
607	-7.53143	-7.54657	0.000524197
608	-7.52771	-7.54654	0.000524252
609	-7.54941	-7.54655	0.000523413
610	-7.54462	-7.54655	0.000522564
611	-7.5482	-7.54655	0.000521716
612	-7.57282	-7.54659	0.000522626
613	-7.55393	-7.5466	0.000521911
614	-7.55683	-7.54662	0.000521327
615	-7.56157	-7.54664	0.000521046
616	-7.54967	-7.54665	0.000520223
617	-7.5328	-7.54663	0.000519864
618	-7.56275	-7.54665	0.000519677
619	-7.55234	-7.54666	0.000518919
620	-7.55475	-7.54667	0.000518246
621	-7.55943	-7.5467	0.000517818
622	-7.51051	-7.54664	0.000520244
623	-7.56689	-7.54667	0.000520424
624	-7.54614	-7.54667	0.00051959
625	-7.56089	-7.54669	0.000519257
626	-7.55241	-7.5467	0.000518508
627	-7.54575	-7.5467	0.000517683
628	-7.57161	-7.54674	0.000518377
629	-7.53439	-7.54672	0.000517924
630	-7.55002	-7.54672	0.000517129
631	-7.55304	-7.54673	0.000516406
632	-7.55892	-7.54675	0.000515949
633	-7.52934	-7.54673	0.000515867
634	-7.54855	-7.54673	0.000515061
635	-7.55357	-7.54674	0.000514362
636	-7.57232	-7.54678	0.000515123
637	-7.55276	-7.54679	0.0005144
638	-7.55555	-7.5468	0.000513777
639	-7.57064	-7.54684	0.000514326
640	-7.57106	-7.54688	0.000514913
641	-7.56242	-7.5469	0.00051468
642	-7.53862	-7.54689	0.00051404
643	-7.54785	-7.54689	0.000513243
644	-7.54915	-7.54689	0.000512458
645	-7.55287	-7.5469	0.000511747
646	-7.55828	-7.54692	0.000511258
647	-7.53759	-7.54691	0.000510671
648	-7.52914	-7.54688	0.000510619
649	-7.53143	-7.54686	0.000510387
650	-7.55257	-7.54686	0.000509677
651	-7.55356	-7.54688	0.000508998
652	-7.55848	-7.54689	0.000508529
653	-7.54346	-7.54689	0.000507777
654	-7.52883	-7.54686	0.00050775
655	-7.54773	-7.54686	0.000506977
656	-7.55803	-7.54688	0.00050649
657	-7.5407	-7.54687	0.000505806
658	-7.54131	-7.54686	0.000505108
659	-7.54888	-7.54686	0.000504351
660	-7.56346	-7.54689	0.000504214
661	-7.53929	-7.54688	0.000503582
662	-7.53621	-7.54686	0.000503079
663	-7.54393	-7.54686	0.000502339
664	-7.5515	-7.54686	0.000501631
665	-7.53898	-7.54685	0.000501017
666	-7.54789	-7.54685	0.000500267
667	-7.54409	-7.54685	0.000499534
668	-7.5345	-7.54683	0.000499129
669	-7.53636	-7.54682	0.000498628
670	-7.55564	-7.54683	0.000498058
671	-7.53548	-7.54681	0.000497603
672	-7.53557	-7.54679	0.000497143
673	-7.55161	-7.5468	0.000496456
674	-7.56479	-7.54683	0.000496436
675	-7.53468	-7.54681	0.000496027
676	-7.54063	-7.5468	0.000495377
677	-7.5342	-7.54678	0.000494996
678	-7.53041	-7.54676	0.000494854
679	-7.53023	-7.54673	0.000494723
680	-7.56059	-7.54675	0.000494416
681	-7.54788	-7.54676	0.000493692
682	-7.56092	-7.54678	0.000493405
683	-7.54315	-7.54677	0.000492711
684	-7.56885	-7.5468	0.000493047
685	-7.53072	-7.54678	0.000492886
686	-7.54374	-7.54678	0.000492188
687	-7.53913	-7.54677	0.000491597
688	-7.55334	-7.54677	0.000490976
689	-7.54562	-7.54677	0.000490266
690	-7.52172	-7.54674	0.000490898
691	-7.52151	-7.5467	0.000491543
692	-7.56161	-7.54672	0.000491305
693	-7.5463	-7.54672	0.000490596
694	-7.5351	-7.5467	0.000490175
695	-7.54565	-7.5467	0.000489472
696	-7.5605	-7.54672	0.00048917
697	-7.53919	-7.54671	0.000488587
698	-7.54241	-7.54671	0.000487926
699	-7.53438	-7.54669	0.000487547
700	-7.54726	-7.54669	0.000486851
701	-7.55539	-7.5467	0.000486315
702	-7.56207	-7.54672	0.000486115
703	-7.55455	-7.54673	0.00048555
704	-7.55024	-7.54674	0.000484886
705	-7.52872	-7.54671	0.000484871
706	-7.53186	-7.54669	0.000484641
707	-7.54206	-7.54669	0.000484
708	-7.54095	-7.54668	0.000483384
709	-7.5458	-7.54668	0.000482704
710	-7.53451	-7.54666	0.000482328
711	-7.54732	-7.54666	0.000481651
712	-7.54739	-7.54666	0.000480975
713	-7.54995	-7.54667	0.000480323
714	-7.55344	-7.54668	0.000479744
715	-7.54163	-7.54667	0.000479125
716	-7.52514	-7.54664	0.000479398
717	-7.55888	-7.54666	0.000479033
718	-7.55744	-7.54667	0.000478601
719	-7.52957	-7.54665	0.000478526
720	-7.54318	-7.54664	0.000477886
721	-7.54106	-7.54663	0.000477286
722	-7.56276	-7.54666	0.000477147
723	-7.56131	-7.54668	0.000476917
724	-7.55219	-7.54668	0.000476319
725	-7.53735	-7.54667	0.000475836
726	-7.57011	-7.5467	0.000476275
727	-7.54419	-7.5467	0.000475632
728	-7.56343	-7.54672	0.000475534
729	-7.53923	-7.54671	0.000474993
730	-7.56758	-7.54674	0.000475201
731	-7.54288	-7.54674	0.00047458
732	-7.53309	-7.54672	0.000474298
733	-7.52897	-7.54669	0.000474268
734	-7.54819	-7.5467	0.000473627
735	-7.52959	-7.54667	0.000473553
736	-7.54859	-7.54667	0.000472917
737	-7.53213	-7.54666	0.000472687
738	-7.55225	-7.54666	0.000472107
739	-7.5545	-7.54667	0.000471588
740	-7.53606	-7.54666	0.000471168
741	-7.56165	-7.54668	0.000470966
742	-7.55464	-7.54669	0.000470454
743	-7.54955	-7.54669	0.000469836
744	-7.5373	-7.54668	0.000469374
745	-7.54764	-7.54668	0.000468746
746	-7.55098	-7.54669	0.000468153
747	-7.55432	-7.5467	0.000467638
748	-7.56306	-7.54672	0.000467524
749	-7.53439	-7.5467	0.000467189
750	-7.52011	-7.54667	0.00046791
751	-7.54297	-7.54666	0.000467313
752	-7.54686	-7.54666	0.000466691
753	-7.53267	-7.54665	0.000466442
754	-7.52878	-7.54662	0.000466425
755	-7.54168	-7.54661	0.000465853
756	-7.5576	-7.54663	0.000465463
757	-7.53068	-7.54661	0.000465325
758	-7.54106	-7.5466	0.000464768
759	-7.52284	-7.54657	0.000465209
760	-7.533	-7.54655	0.000464939
761	-7.53628	-7.54654	0.000464524
762	-7.58175	-7.54658	0.000466207
763	-7.54355	-7.54658	0.000465613
764	-7.56373	-7.5466	0.000465545
765	-7.53551	-7.54659	0.000465162
766	-7.54455	-7.54659	0.000464562
767	-7.5324	-7.54657	0.000464325
768	-7.56173	-7.54659	0.00046414
769	-7.51543	-7.54655	0.000465301
770	-7.54943	-7.54655	0.000464712
771	-7.5535	-7.54656	0.000464197
772	-7.54013	-7.54655	0.00046367
773	-7.52503	-7.54652	0.000463906
774	-7.53334	-7.54651	0.000463619
775	-7.54203	-7.5465	0.000463057
776	-7.54677	-7.5465	0.00046246
777	-7.54885	-7.5465	0.000461875
778	-7.55833	-7.54652	0.000461531
779	-7.54533	-7.54652	0.000460942
780	-7.57425	-7.54655	0.00046172
781	-7.52899	-7.54653	0.000461676
782	-7.54251	-7.54653	0.000461114
783	-7.56482	-7.54655	0.000461117
784	-7.5584	-7.54656	0.000460777
785	-7.54896	-7.54657	0.0004602
786	-7.54152	-7.54656	0.000459659
787	-7.55723	-7.54657	0.000459275
788	-7.54427	-7.54657	0.000458701
789	-7.54825	-7.54657	0.000458125
790	-7.54414	-7.54657	0.000457555
791	-7.55276	-7.54658	0.000457044
792	-7.55057	-7.54658	0.000456494
793	-7.54316	-7.54658	0.000455939
794	-7.54329	-7.54657	0.000455384
795	-7.56792	-7.5466	0.000455601
796	-7.56488	-7.54662	0.000455607
797	-7.52511	-7.5466	0.000455835
798	-7.54282	-7.54659	0.000455288
799	-7.5495	-7.5466	0.000454733
800	-7.53177	-7.54658	0.000454542
801	-7.53872	-7.54657	0.00045408
802	-7.54413	-7.54656	0.000453524
803	-7.55968	-7.54658	0.000453253
804	-7.5428	-7.54658	0.000452714
805	-7.54631	-7.54658	0.000452152
806	-7.53961	-7.54657	0.000451673
807	-7.53766	-7.54656	0.000451249
808	-7.53876	-7.54655	0.000450793
809	-7.5647	-7.54657	0.000450794
810	-7.54744	-7.54657	0.000450239
811	-7.53024	-7.54655	0.000450134
812	-7.55321	-7.54656	0.000449654
813	-7.55818	-7.54657	0.000449328
814	-7.56312	-7.54659	0.000449236
815	-7.5648	-7.54662	0.00044924
816	-7.53955	-7.54661	0.000448773
817	-7.54504	-7.5466	0.000448228
818	-7.52613	-7.54658	0.000448378
819	-7.55749	-7.54659	0.000448028
820	-7.53358	-7.54658	0.000447763
821	-7.53116	-7.54656	0.000447611
822	-7.54539	-7.54656	0.000447069
823	-7.54631	-7.54656	0.000446526
824	-7.54206	-7.54655	0.000446017
825	-7.54785	-7.54655	0.000445479
826	-7.54082	-7.54655	0.000444994
827	-7.54324	-7.54654	0.000444474
828	-7.55246	-7.54655	0.000443994
829	-7.55441	-7.54656	0.00044356
830	-7.56222	-7.54658	0.000443427
831	-7.54615	-7.54658	0.000442894
832	-7.54184	-7.54657	0.000442398
833	-7.54979	-7.54658	0.000441884
834	-7.54286	-7.54657	0.000441376
835	-7.54059	-7.54656	0.000440906
836	-7.54007	-7.54656	0.000440447
837	-7.5554	-7.54657	0.000440047
838	-7.55945	-7.54658	0.000439791
839	-7.54452	-7.54658	0.000439273
840	-7.52645	-7.54656	0.000439403
841	-7.50588	-7.54651	0.000441534
842	-7.53329	-7.54649	0.000441289
843	-7.54579	-7.54649	0.000440766
844	-7.52398	-7.54646	0.00044105
845	-7.53513	-7.54645	0.000440732
846	-7.53285	-7.54643	0.000440505
847	-7.53443	-7.54642	0.000440212
848	-7.53424	-7.54641	0.000439928
849	-7.54153	-7.5464	0.000439447
850	-7.54883	-7.5464	0.000438939
851	-7.54261	-7.5464	0.000438446
852	-7.5614	-7.54642	0.000438285
853	-7.55875	-7.54643	0.000438009
854	-7.55509	-7.54644	0.000437614
855	-7.55439	-7.54645	0.000437201
856	-7.55882	-7.54646	0.000436929
857	-7.55382	-7.54647	0.000436504
858	-7.53689	-7.54646	0.000436138
859	-7.5637	-7.54648	0.000436091
860	-7.55992	-7.5465	0.000435864
861	-7.55792	-7.54651	0.000435559
862	-7.52556	-7.54649	0.000435732
863	-7.54939	-7.54649	0.00043524
864	-7.56708	-7.54651	0.000435388
865	-7.56883	-7.54654	0.000435649
866	-7.5327	-7.54652	0.000435439
867	-7.54465	-7.54652	0.000434942
868	-7.55656	-7.54653	0.000434595
869	-7.55584	-7.54654	0.000434227
870	-7.56896	-7.54657	0.000434491
871	-7.55885	-7.54658	0.000434221
872	-7.54964	-7.54659	0.000433737
873	-7.5492	-7.54659	0.000433251
874	-7.56567	-7.54661	0.000433305
875	-7.5762	-7.54665	0.000434127
876	-7.55485	-7.54665	0.000433732
877	-7.54605	-7.54665	0.000433238
878	-7.56369	-7.54667	0.000433179
879	-7.56048	-7.54669	0.000432971
880	-7.5396	-7.54668	0.000432554
881	-7.53877	-7.54667	0.000432156
882	-7.54812	-7.54667	0.000431669
883	-7.5531	-7.54668	0.000431242
884	-7.53561	-7.54667	0.000430936
885	-7.52749	-7.54665	0.000430994
886	-7.54941	-7.54665	0.000430519
887	-7.53881	-7.54664	0.000430124
888	-7.52184	-7.54661	0.000430545
889	-7.5368	-7.5466	0.000430203
890	-7.56693	-7.54663	0.000430325
891	-7.55555	-7.54664	0.000429959
892	-7.53685	-7.54662	0.000429617
893	-7.56164	-7.54664	0.000429465
894	-7.53181	-7.54662	0.000429305
895	-7.55144	-7.54663	0.000428859
896	-7.56838	-7.54665	0.000429067
897	-7.53217	-7.54664	0.000428892
898	-7.55119	-7.54664	0.000428444
899	-7.56644	-7.54667	0.000428534
900	-7.5378	-7.54666	0.000428171
901	-7.55315	-7.54666	0.000427756
902	-7.56388	-7.54668	0.000427708
903	-7.53495	-7.54667	0.000427431
904	-7.53873	-7.54666	0.000427048
905	-7.53809	-7.54665	0.000426681
906	-7.54611	-7.54665	0.000426211
907	-7.57559	-7.54668	0.000426934
908	-7.52017	-7.54665	0.00042746
909	-7.54124	-7.54665	0.000427032
910	-7.52699	-7.54662	0.000427108
911	-7.52407	-7.5466	0.000427357
912	-7.53947	-7.54659	0.00042696
913	-7.54409	-7.54659	0.000426501
914	-7.53657	-7.54658	0.000426175
915	-7.54316	-7.54657	0.000425726
916	-7.56344	-7.54659	0.000425659
917	-7.53858	-7.54658	0.000425284
918	-7.53721	-7.54657	0.000424943
919	-7.54221	-7.54657	0.000424507
920	-7.52477	-7.54655	0.000424707
921	-7.53284	-7.54653	0.000424506
922	-7.53513	-7.54652	0.000424226
923	-7.55194	-7.54652	0.000423807
924	-7.53619	-7.54651	0.000423496
925	-7.55015	-7.54652	0.000423056
926	-7.5686	-7.54654	0.000423271
927	-7.54688	-7.54654	0.000422815
928	-7.53535	-7.54653	0.000422531
929	-7.54533	-7.54653	0.000422078
930	-7.53622	-7.54652	0.00042177
931	-7.53186	-7.5465	0.000421611
932	-7.55818	-7.54651	0.000421345
933	-7.55806	-7.54653	0.000421075
934	-7.5515	-7.54653	0.000420658
935	-7.53991	-7.54652	0.000420267
936	-7.54366	-7.54652	0.000419829
937	-7.56263	-7.54654	0.000419733
938	-7.56101	-7.54655	0.000419569
939	-7.54628	-7.54655	0.000419123
940	-7.53215	-7.54654	0.000418957
941	-7.54774	-7.54654	0.000418513
942	-7.52679	-7.54652	0.000418594
943	-7.55051	-7.54652	0.000418172
944	-7.5492	-7.54653	0.000417738
945	-7.52592	-7.5465	0.000417865
946	-7.56413	-7.54652	0.000417838
947	-7.53597	-7.54651	0.000417546
948	-7.54013	-7.5465	0.00041716
949	-7.54515	-7.5465	0.000416722
950	-7.54237	-7.5465	0.000416307
951	-7.54741	-7.5465	0.00041587
952	-7.55849	-7.54651	0.000415624
953	-7.52467	-7.54649	0.000415819
954	-7.56035	-7.5465	0.000415637
955	-7.55135	-7.54651	0.000415233
956	-7.56358	-7.54653	0.000415182
957	-7.55149	-7.54653	0.000414781
958	-7.55282	-7.54654	0.0004144
959	-7.5323	-7.54652	0.000414233
960	-7.55426	-7.54653	0.00041388
961	-7.53979	-7.54652	0.000413509
962	-7.54112	-7.54652	0.000413117
963	-7.57773	-7.54655	0.000413957
964	-7.5326	-7.54654	0.000413781
965	-7.55824	-7.54655	0.00041353
966	-7.55478	-7.54656	0.000413189
967	-7.55588	-7.54657	0.000412875
968	-7.55109	-7.54657	0.000412474
969	-7.56027	-7.54659	0.000412291
970	-7.55604	-7.5466	0.000411981
971	-7.55301	-7.5466	0.00041161
972	-7.53495	-7.54659	0.000411361
973	-7.52667	-7.54657	0.000411447
974	-7.54326	-7.54657	0.000411039
975	-7.5633	-7.54658	0.000410975
976	-7.54471	-7.54658	0.000410558
977	-7.57813	-7.54661	0.000411406
978	-7.53271	-7.5466	0.000411231
979	-7.53696	-7.54659	0.000410929
980	-7.54946	-7.54659	0.00041052
981	-7.53325	-7.54658	0.000410327
982	-7.53124	-7.54656	0.000410206
983	-7.57172	-7.54659	0.000410586
984	-7.54699	-7.54659	0.000410169
985	-7.54757	-7.54659	0.000409754
986	-7.54338	-7.54659	0.000409351
987	-7.5488	-7.54659	0.000408943
988	-7.54329	-7.54659	0.000408542
989	-7.54667	-7.54659	0.000408129
990	-7.52878	-7.54657	0.000408113
991	-7.55362	-7.54658	0.000407764
992	-7.55821	-7.54659	0.000407521
993	-7.5417	-7.54658	0.000407141
994	-7.54886	-7.54658	0.000406738
995	-7.54436	-7.54658	0.000406335
996	-7.55003	-7.54659	0.000405942
997	-7.53192	-7.54657	0.000405801
998	-7.55913	-7.54658	0.00040559
999	-7.55373	-7.54659	0.000405247
1000	-7.56004	-7.5466	0.000405065
