BLOCK:	ACTUAL_TE:	TE_AVE:	ERROR:
1	-6.35414	-6.35414	0
2	-6.34526	-6.3497	0.00313958
3	-6.33754	-6.34564	0.0039156
4	-6.36471	-6.35041	0.0050657
5	-6.35787	-6.3519	0.00426648
6	-6.33356	-6.34884	0.00451958
7	-6.33736	-6.3472	0.0041609
8	-6.3535	-6.34799	0.00371442
9	-6.33369	-6.3464	0.00362562
10	-6.33958	-6.34572	0.00332668
11	-6.36758	-6.34771	0.00356896
12	-6.36334	-6.34901	0.00350115
13	-6.34321	-6.34856	0.00326016
14	-6.33884	-6.34787	0.00310033
15	-6.34157	-6.34745	0.00292196
16	-6.33365	-6.34659	0.00286372
17	-6.31344	-6.34464	0.00329283
18	-6.362	-6.3456	0.00324812
19	-6.35871	-6.34629	0.00314961
20	-6.34876	-6.34642	0.00299454
21	-6.32994	-6.34563	0.00295288
22	-6.35373	-6.346	0.00284152
23	-6.34284	-6.34586	0.00272129
24	-6.33935	-6.34559	0.00262141
25	-6.365	-6.34637	0.00262897
26	-6.34756	-6.34641	0.00252826
27	-6.32895	-6.34577	0.002516
28	-6.32423	-6.345	0.00254099
29	-6.34194	-6.34489	0.00245556
30	-6.36427	-6.34554	0.00245724
31	-6.34393	-6.34549	0.00237852
32	-6.34347	-6.34542	0.00230502
33	-6.37427	-6.3463	0.00239525
34	-6.36722	-6.34691	0.00240257
35	-6.33996	-6.34671	0.00234213
36	-6.34095	-6.34655	0.00228254
37	-6.33629	-6.34628	0.00223764
38	-6.3629	-6.34671	0.00222109
39	-6.3535	-6.34689	0.00217095
40	-6.33642	-6.34663	0.00213239
41	-6.33719	-6.3464	0.00209276
42	-6.34751	-6.34642	0.0020431
43	-6.33546	-6.34617	0.00201144
44	-6.34885	-6.34623	0.00196665
45	-6.35009	-6.34631	0.00192482
46	-6.33764	-6.34613	0.00189219
47	-6.36751	-6.34658	0.00190586
48	-6.34949	-6.34664	0.00186712
49	-6.33738	-6.34645	0.00183855
50	-6.34776	-6.34648	0.00180197
51	-6.35645	-6.34667	0.0017772
52	-6.33505	-6.34645	0.00175704
53	-6.34201	-6.34637	0.00172589
54	-6.35118	-6.34646	0.00169623
55	-6.34395	-6.34641	0.001666
56	-6.34447	-6.34637	0.00163661
57	-6.32633	-6.34602	0.00164524
58	-6.33503	-6.34583	0.00162776
59	-6.36142	-6.3461	0.00162148
60	-6.35333	-6.34622	0.00159893
61	-6.37603	-6.34671	0.00164573
62	-6.32599	-6.34637	0.00165276
63	-6.35859	-6.34657	0.00163786
64	-6.35735	-6.34674	0.0016209
65	-6.35173	-6.34681	0.00159778
66	-6.36306	-6.34706	0.00159244
67	-6.34063	-6.34696	0.00157156
68	-6.33371	-6.34677	0.00156048
69	-6.35489	-6.34689	0.0015423
70	-6.34721	-6.34689	0.00152027
71	-6.33165	-6.34668	0.00151394
72	-6.35012	-6.34672	0.00149367
73	-6.33672	-6.34659	0.00147948
74	-6.33839	-6.34648	0.00146363
75	-6.33107	-6.34627	0.00145845
76	-6.34783	-6.34629	0.00143941
77	-6.34531	-6.34628	0.00142077
78	-6.31705	-6.3459	0.00145112
79	-6.35546	-6.34602	0.00143778
80	-6.32413	-6.34575	0.00144563
81	-6.35113	-6.34582	0.00142931
82	-6.3501	-6.34587	0.00141283
83	-6.33936	-6.34579	0.00139799
84	-6.36767	-6.34605	0.00140539
85	-6.34282	-6.34601	0.00138937
86	-6.33902	-6.34593	0.00137559
87	-6.35734	-6.34606	0.00136601
88	-6.31871	-6.34575	0.00138539
89	-6.33338	-6.34561	0.00137679
90	-6.36143	-6.34579	0.00137266
91	-6.34287	-6.34576	0.00135795
92	-6.36022	-6.34591	0.00135226
93	-6.35942	-6.34606	0.00134549
94	-6.36934	-6.34631	0.00135378
95	-6.33926	-6.34623	0.00134157
96	-6.3434	-6.3462	0.00132791
97	-6.3531	-6.34627	0.00131613
98	-6.36194	-6.34643	0.00131236
99	-6.35952	-6.34657	0.00130575
100	-6.35762	-6.34668	0.00129736
101	-6.34274	-6.34664	0.0012851
102	-6.35472	-6.34672	0.00127494
103	-6.37071	-6.34695	0.00128367
104	-6.36474	-6.34712	0.00128267
105	-6.33889	-6.34704	0.00127285
106	-6.35594	-6.34713	0.0012636
107	-6.35691	-6.34722	0.0012551
108	-6.34952	-6.34724	0.00124366
109	-6.34258	-6.3472	0.00123298
110	-6.35207	-6.34724	0.00122257
111	-6.35415	-6.3473	0.00121314
112	-6.33659	-6.34721	0.00120607
113	-6.35264	-6.34726	0.00119636
114	-6.32906	-6.3471	0.00119646
115	-6.33972	-6.34703	0.00118777
116	-6.35207	-6.34708	0.00117833
117	-6.33318	-6.34696	0.00117423
118	-6.34624	-6.34695	0.00116429
119	-6.3631	-6.34709	0.00116239
120	-6.36005	-6.34719	0.00115771
121	-6.33849	-6.34712	0.00115038
122	-6.31998	-6.3469	0.00116227
123	-6.33849	-6.34683	0.00115483
124	-6.34826	-6.34684	0.00114558
125	-6.3631	-6.34697	0.00114377
126	-6.34902	-6.34699	0.00113481
127	-6.35047	-6.34702	0.00112621
128	-6.35635	-6.34709	0.00111977
129	-6.35897	-6.34718	0.00111487
130	-6.35687	-6.34726	0.00110878
131	-6.34813	-6.34726	0.00110033
132	-6.36948	-6.34743	0.00110479
133	-6.34684	-6.34743	0.0010965
134	-6.3538	-6.34747	0.00108934
135	-6.34839	-6.34748	0.0010813
136	-6.34405	-6.34746	0.00107364
137	-6.36332	-6.34757	0.00107203
138	-6.35794	-6.34765	0.00106689
139	-6.34046	-6.34759	0.00106047
140	-6.32705	-6.34745	0.001063
141	-6.34962	-6.34746	0.00105557
142	-6.34986	-6.34748	0.00104827
143	-6.35896	-6.34756	0.00104401
144	-6.33511	-6.34747	0.00104034
145	-6.33542	-6.34739	0.00103648
146	-6.3487	-6.3474	0.00102942
147	-6.36573	-6.34752	0.00102994
148	-6.35171	-6.34755	0.00102337
149	-6.35514	-6.3476	0.00101776
150	-6.34563	-6.34759	0.00101106
151	-6.36011	-6.34767	0.00100776
152	-6.34421	-6.34765	0.00100139
153	-6.35159	-6.34768	0.000995174
154	-6.33512	-6.3476	0.000992046
155	-6.34625	-6.34759	0.000985683
156	-6.34477	-6.34757	0.00097953
157	-6.33834	-6.34751	0.000975054
158	-6.32848	-6.34739	0.000976296
159	-6.35089	-6.34741	0.000970403
160	-6.35781	-6.34748	0.000966514
161	-6.35436	-6.34752	0.000961457
162	-6.33847	-6.34746	0.000957145
163	-6.36971	-6.3476	0.000960955
164	-6.34376	-6.34758	0.00095538
165	-6.32867	-6.34746	0.000956438
166	-6.34937	-6.34747	0.000950745
167	-6.34573	-6.34746	0.000945109
168	-6.36312	-6.34756	0.000944069
169	-6.33588	-6.34749	0.000941005
170	-6.34631	-6.34748	0.000935495
171	-6.33951	-6.34743	0.000931185
172	-6.33171	-6.34734	0.00093025
173	-6.33831	-6.34729	0.000926338
174	-6.36117	-6.34737	0.000924443
175	-6.36184	-6.34745	0.000922852
176	-6.34593	-6.34744	0.000917649
177	-6.3368	-6.34738	0.000914434
178	-6.3569	-6.34744	0.00091086
179	-6.34024	-6.3474	0.000906658
180	-6.3373	-6.34734	0.000903355
181	-6.33427	-6.34727	0.000901245
182	-6.34133	-6.34724	0.000896885
183	-6.34759	-6.34724	0.000891986
184	-6.35319	-6.34727	0.000887725
185	-6.34172	-6.34724	0.000883433
186	-6.35359	-6.34727	0.000879342
187	-6.35585	-6.34732	0.000875836
188	-6.34068	-6.34728	0.000871888
189	-6.34399	-6.34727	0.00086745
190	-6.3568	-6.34732	0.000864334
191	-6.32582	-6.3472	0.000867104
192	-6.37455	-6.34735	0.000874209
193	-6.37073	-6.34747	0.000878035
194	-6.36638	-6.34757	0.000878901
195	-6.33901	-6.34752	0.000875487
196	-6.34894	-6.34753	0.000871051
197	-6.34559	-6.34752	0.000866685
198	-6.3359	-6.34746	0.000864291
199	-6.3386	-6.34742	0.000861094
200	-6.3646	-6.3475	0.000861065
201	-6.36058	-6.34757	0.000859235
202	-6.36597	-6.34766	0.000859798
203	-6.36046	-6.34772	0.000857872
204	-6.32594	-6.34761	0.000860285
205	-6.35207	-6.34764	0.000856363
206	-6.33868	-6.34759	0.000853308
207	-6.32267	-6.34747	0.000857639
208	-6.33496	-6.34741	0.000855621
209	-6.36868	-6.34751	0.000857557
210	-6.34713	-6.34751	0.000853475
211	-6.32729	-6.34742	0.000854794
212	-6.35719	-6.34746	0.000852004
213	-6.33545	-6.34741	0.000849869
214	-6.33788	-6.34736	0.000847063
215	-6.34508	-6.34735	0.000843189
216	-6.32996	-6.34727	0.00084312
217	-6.32863	-6.34718	0.000843598
218	-6.37754	-6.34732	0.000851145
219	-6.33836	-6.34728	0.000848242
220	-6.3441	-6.34727	0.00084451
221	-6.34993	-6.34728	0.000840775
222	-6.34537	-6.34727	0.000837032
223	-6.35657	-6.34731	0.000834317
224	-6.32409	-6.34721	0.00083701
225	-6.33815	-6.34717	0.000834257
226	-6.3564	-6.34721	0.000831564
227	-6.35606	-6.34725	0.000828814
228	-6.37185	-6.34736	0.000832172
229	-6.36132	-6.34742	0.00083077
230	-6.30554	-6.34724	0.000846874
231	-6.33944	-6.3472	0.000843881
232	-6.35465	-6.34723	0.000840854
233	-6.34639	-6.34723	0.000837253
234	-6.35544	-6.34727	0.00083441
235	-6.35703	-6.34731	0.000831894
236	-6.34735	-6.34731	0.000828369
237	-6.33708	-6.34726	0.000825996
238	-6.35255	-6.34729	0.000822825
239	-6.32909	-6.34721	0.000822897
240	-6.33157	-6.34715	0.000822043
241	-6.34848	-6.34715	0.000818651
242	-6.36675	-6.34723	0.000819263
243	-6.35235	-6.34725	0.000816162
244	-6.34582	-6.34725	0.000812838
245	-6.33267	-6.34719	0.000811694
246	-6.34949	-6.3472	0.000808449
247	-6.34739	-6.3472	0.000805176
248	-6.34414	-6.34719	0.000802024
249	-6.36045	-6.34724	0.000800569
250	-6.34137	-6.34722	0.000797711
251	-6.34654	-6.34721	0.000794538
252	-6.3546	-6.34724	0.000791925
253	-6.34103	-6.34722	0.000789175
254	-6.36255	-6.34728	0.000788373
255	-6.34169	-6.34726	0.000785586
256	-6.36385	-6.34732	0.000785186
257	-6.32724	-6.34724	0.00078601
258	-6.34294	-6.34723	0.00078314
259	-6.3329	-6.34717	0.000782067
260	-6.3744	-6.34728	0.000786039
261	-6.34417	-6.34726	0.000783117
262	-6.32228	-6.34717	0.000785912
263	-6.3307	-6.34711	0.000785414
264	-6.341	-6.34708	0.00078278
265	-6.37455	-6.34719	0.00078666
266	-6.32325	-6.3471	0.000788834
267	-6.33799	-6.34706	0.000786616
268	-6.35534	-6.34709	0.000784287
269	-6.32952	-6.34703	0.000784088
270	-6.34502	-6.34702	0.000781219
271	-6.33142	-6.34696	0.000780455
272	-6.32356	-6.34688	0.000782312
273	-6.35144	-6.34689	0.000779625
274	-6.35226	-6.34691	0.000777026
275	-6.33924	-6.34688	0.000774701
276	-6.34785	-6.34689	0.000771902
277	-6.34451	-6.34688	0.000769163
278	-6.35262	-6.3469	0.000766673
279	-6.33607	-6.34686	0.000764908
280	-6.35593	-6.34689	0.000762862
281	-6.36026	-6.34694	0.000761628
282	-6.34127	-6.34692	0.000759193
283	-6.34869	-6.34693	0.000756536
284	-6.34545	-6.34692	0.00075389
285	-6.34086	-6.3469	0.000751544
286	-6.35514	-6.34693	0.000749468
287	-6.34073	-6.34691	0.000747168
288	-6.34367	-6.3469	0.000744658
289	-6.36039	-6.34694	0.000743543
290	-6.35396	-6.34697	0.000741373
291	-6.37092	-6.34705	0.000743381
292	-6.36107	-6.3471	0.000742385
293	-6.33855	-6.34707	0.000740424
294	-6.33788	-6.34704	0.000738564
295	-6.33976	-6.34701	0.000736473
296	-6.331	-6.34696	0.00073597
297	-6.35895	-6.347	0.000734599
298	-6.34789	-6.347	0.00073214
299	-6.34137	-6.34698	0.000729933
300	-6.31891	-6.34689	0.000733474
301	-6.35237	-6.34691	0.000731264
302	-6.35265	-6.34693	0.000729089
303	-6.34303	-6.34691	0.000726797
304	-6.34242	-6.3469	0.000724556
305	-6.35897	-6.34694	0.00072326
306	-6.35455	-6.34696	0.000721324
307	-6.35105	-6.34698	0.000719097
308	-6.32426	-6.3469	0.000720534
309	-6.32429	-6.34683	0.000721908
310	-6.36655	-6.34689	0.000722377
311	-6.3402	-6.34687	0.000720375
312	-6.34789	-6.34688	0.000718073
313	-6.3483	-6.34688	0.000715794
314	-6.34522	-6.34687	0.000713534
315	-6.3502	-6.34689	0.000711347
316	-6.33157	-6.34684	0.000710744
317	-6.32956	-6.34678	0.000710587
318	-6.32347	-6.34671	0.000712123
319	-6.35379	-6.34673	0.000710237
320	-6.34722	-6.34673	0.000708019
321	-6.34159	-6.34672	0.000705994
322	-6.31057	-6.3466	0.00071267
323	-6.36643	-6.34667	0.000713102
324	-6.3402	-6.34665	0.00071118
325	-6.35383	-6.34667	0.000709335
326	-6.33043	-6.34662	0.000708906
327	-6.36259	-6.34667	0.000708418
328	-6.35883	-6.3467	0.000707228
329	-6.34753	-6.34671	0.000705083
330	-6.36383	-6.34676	0.000704852
331	-6.35815	-6.34679	0.000703562
332	-6.32542	-6.34673	0.000704382
333	-6.35618	-6.34676	0.000702839
334	-6.36165	-6.3468	0.000702147
335	-6.34585	-6.3468	0.000700056
336	-6.35234	-6.34682	0.000698167
337	-6.34108	-6.3468	0.000696303
338	-6.35226	-6.34681	0.00069443
339	-6.3502	-6.34682	0.000692454
340	-6.34786	-6.34683	0.000690424
341	-6.33317	-6.34679	0.000689559
342	-6.34169	-6.34677	0.000687704
343	-6.34068	-6.34675	0.000685929
344	-6.33956	-6.34673	0.000684254
345	-6.30586	-6.34662	0.000692452
346	-6.34264	-6.3466	0.000690546
347	-6.34726	-6.34661	0.000688559
348	-6.35258	-6.34662	0.000686795
349	-6.35243	-6.34664	0.000685028
350	-6.32665	-6.34658	0.000685448
351	-6.33439	-6.34655	0.000684375
352	-6.36095	-6.34659	0.000683654
353	-6.36573	-6.34664	0.000683865
354	-6.34167	-6.34663	0.000682077
355	-6.34939	-6.34664	0.0006802
356	-6.36173	-6.34668	0.000679609
357	-6.35585	-6.3467	0.000678191
358	-6.34201	-6.34669	0.000676423
359	-6.35217	-6.34671	0.000674711
360	-6.35554	-6.34673	0.000673283
361	-6.33032	-6.34669	0.000672952
362	-6.33617	-6.34666	0.000671719
363	-6.35054	-6.34667	0.000669954
364	-6.33655	-6.34664	0.00066869
365	-6.33708	-6.34661	0.000667371
366	-6.33472	-6.34658	0.000666338
367	-6.35194	-6.3466	0.000664683
368	-6.34894	-6.3466	0.000662907
369	-6.33267	-6.34656	0.000662184
370	-6.36057	-6.3466	0.000661475
371	-6.33752	-6.34658	0.000660145
372	-6.34788	-6.34658	0.00065838
373	-6.32143	-6.34651	0.000660058
374	-6.3654	-6.34656	0.000660222
375	-6.35617	-6.34659	0.000658958
376	-6.3601	-6.34663	0.000658185
377	-6.36608	-6.34668	0.000658458
378	-6.33275	-6.34664	0.000657746
379	-6.3483	-6.34665	0.000656025
380	-6.34204	-6.34663	0.000654411
381	-6.34986	-6.34664	0.000652748
382	-6.32545	-6.34659	0.000653392
383	-6.36527	-6.34663	0.000653504
384	-6.34717	-6.34664	0.000651804
385	-6.33556	-6.34661	0.000650745
386	-6.34882	-6.34661	0.000649084
387	-6.34744	-6.34662	0.000647411
388	-6.34424	-6.34661	0.000645771
389	-6.37311	-6.34668	0.000647695
390	-6.33299	-6.34664	0.000646985
391	-6.34394	-6.34664	0.000645367
392	-6.34574	-6.34663	0.000643725
393	-6.35983	-6.34667	0.000642962
394	-6.32546	-6.34661	0.000643579
395	-6.32802	-6.34657	0.000643669
396	-6.32163	-6.3465	0.000645118
397	-6.34716	-6.3465	0.000643495
398	-6.33591	-6.34648	0.000642428
399	-6.35315	-6.34649	0.000641036
400	-6.34064	-6.34648	0.0006396
401	-6.35901	-6.34651	0.000638768
402	-6.34038	-6.3465	0.000637361
403	-6.33887	-6.34648	0.00063606
404	-6.35652	-6.3465	0.000634972
405	-6.33935	-6.34648	0.000633649
406	-6.35068	-6.34649	0.000632173
407	-6.33302	-6.34646	0.000631486
408	-6.34393	-6.34646	0.000629968
409	-6.34877	-6.34646	0.000628453
410	-6.34442	-6.34646	0.00062694
411	-6.34327	-6.34645	0.000625463
412	-6.34014	-6.34643	0.000624132
413	-6.36038	-6.34647	0.000623533
414	-6.34304	-6.34646	0.000622082
415	-6.35074	-6.34647	0.000620669
416	-6.36263	-6.34651	0.000620392
417	-6.35405	-6.34653	0.000619168
418	-6.33614	-6.3465	0.000618185
419	-6.37063	-6.34656	0.000619386
420	-6.36506	-6.3466	0.000619476
421	-6.35427	-6.34662	0.000618273
422	-6.34984	-6.34663	0.000616855
423	-6.35119	-6.34664	0.000615491
424	-6.36045	-6.34667	0.000614901
425	-6.36051	-6.3467	0.000614316
426	-6.35619	-6.34673	0.000613277
427	-6.36079	-6.34676	0.000612725
428	-6.35229	-6.34677	0.000611429
429	-6.34107	-6.34676	0.000610149
430	-6.3482	-6.34676	0.000608739
431	-6.34788	-6.34676	0.000607332
432	-6.31833	-6.3467	0.000609482
433	-6.37617	-6.34677	0.000611864
434	-6.35887	-6.34679	0.000611089
435	-6.35181	-6.34681	0.000609793
436	-6.35634	-6.34683	0.000608786
437	-6.34464	-6.34682	0.000607414
438	-6.32992	-6.34678	0.000607251
439	-6.35414	-6.3468	0.000606099
440	-6.34877	-6.34681	0.000604738
441	-6.33255	-6.34677	0.000604231
442	-6.34875	-6.34678	0.00060288
443	-6.33965	-6.34676	0.000601734
444	-6.35457	-6.34678	0.000600636
445	-6.32501	-6.34673	0.000601275
446	-6.37216	-6.34679	0.000602624
447	-6.32832	-6.34675	0.000602691
448	-6.33698	-6.34672	0.00060174
449	-6.34696	-6.34673	0.0006004
450	-6.35196	-6.34674	0.000599178
451	-6.33375	-6.34671	0.000598541
452	-6.33257	-6.34668	0.000598033
453	-6.35302	-6.34669	0.000596877
454	-6.36468	-6.34673	0.000596875
455	-6.34172	-6.34672	0.000595665
456	-6.33072	-6.34668	0.000595392
457	-6.3706	-6.34674	0.000596385
458	-6.34057	-6.34672	0.000595235
459	-6.35476	-6.34674	0.000594195
460	-6.35517	-6.34676	0.000593186
461	-6.33248	-6.34673	0.000592707
462	-6.35999	-6.34676	0.000592119
463	-6.35546	-6.34678	0.000591139
464	-6.33311	-6.34675	0.000590598
465	-6.34081	-6.34673	0.000589465
466	-6.33055	-6.3467	0.000589222
467	-6.36086	-6.34673	0.00058874
468	-6.34938	-6.34673	0.00058751
469	-6.34195	-6.34672	0.000586345
470	-6.35569	-6.34674	0.000585408
471	-6.34664	-6.34674	0.000584166
472	-6.34701	-6.34674	0.000582928
473	-6.36056	-6.34677	0.000582427
474	-6.34399	-6.34677	0.000581228
475	-6.33624	-6.34674	0.000580427
476	-6.33686	-6.34672	0.000579579
477	-6.34565	-6.34672	0.000578368
478	-6.33825	-6.3467	0.00057743
479	-6.36261	-6.34674	0.000577178
480	-6.34486	-6.34673	0.000575989
481	-6.32568	-6.34669	0.000576452
482	-6.34082	-6.34668	0.000575385
483	-6.37171	-6.34673	0.000576524
484	-6.35338	-6.34674	0.000575497
485	-6.34523	-6.34674	0.000574318
486	-6.34875	-6.34674	0.000573152
487	-6.34737	-6.34675	0.000571976
488	-6.33766	-6.34673	0.000571107
489	-6.33715	-6.34671	0.000570275
490	-6.34564	-6.3467	0.000569115
491	-6.33172	-6.34667	0.000568773
492	-6.34109	-6.34666	0.000567731
493	-6.34325	-6.34666	0.000566621
494	-6.36142	-6.34669	0.000566262
495	-6.34907	-6.34669	0.000565138
496	-6.33264	-6.34666	0.000564709
497	-6.35328	-6.34668	0.000563729
498	-6.35609	-6.34669	0.000562914
499	-6.34525	-6.34669	0.000561793
500	-6.34665	-6.34669	0.00056067
501	-6.33558	-6.34667	0.000559989
502	-6.32292	-6.34662	0.000560868
503	-6.34748	-6.34662	0.000559756
504	-6.35973	-6.34665	0.000559249
505	-6.32271	-6.3466	0.000560148
506	-6.35093	-6.34661	0.000559106
507	-6.36473	-6.34665	0.000559144
508	-6.3573	-6.34667	0.000558437
509	-6.34617	-6.34667	0.00055734
510	-6.33876	-6.34665	0.000556463
511	-6.34529	-6.34665	0.000555381
512	-6.35336	-6.34666	0.000554451
513	-6.34026	-6.34665	0.00055351
514	-6.33298	-6.34662	0.000553072
515	-6.34937	-6.34663	0.000552024
516	-6.33962	-6.34661	0.000551121
517	-6.33209	-6.34659	0.000550771
518	-6.35725	-6.34661	0.000550092
519	-6.33727	-6.34659	0.000549326
520	-6.33283	-6.34656	0.000548907
521	-6.35655	-6.34658	0.000548188
522	-6.34957	-6.34659	0.000547167
523	-6.33503	-6.34657	0.000546567
524	-6.33261	-6.34654	0.000546172
525	-6.37264	-6.34659	0.000547391
526	-6.35337	-6.3466	0.000546502
527	-6.34595	-6.3466	0.000545466
528	-6.35894	-6.34662	0.000544933
529	-6.36196	-6.34665	0.000544674
530	-6.36508	-6.34669	0.000544755
531	-6.35636	-6.34671	0.000544034
532	-6.34762	-6.34671	0.000543014
533	-6.34181	-6.3467	0.000542073
534	-6.33382	-6.34667	0.000541594
535	-6.34395	-6.34667	0.000540605
536	-6.36696	-6.34671	0.000540921
537	-6.35978	-6.34673	0.000540461
538	-6.35859	-6.34675	0.000539906
539	-6.33435	-6.34673	0.000539394
540	-6.3509	-6.34674	0.000538451
541	-6.34374	-6.34673	0.000537484
542	-6.29569	-6.34664	0.000544681
543	-6.33487	-6.34662	0.000544109
544	-6.37829	-6.34667	0.000546215
545	-6.3518	-6.34668	0.000545293
546	-6.35783	-6.3467	0.000544677
547	-6.34655	-6.3467	0.000543681
548	-6.33558	-6.34668	0.000543068
549	-6.33512	-6.34666	0.000542487
550	-6.34567	-6.34666	0.000541503
551	-6.35306	-6.34667	0.000540645
552	-6.34549	-6.34667	0.00053967
553	-6.33548	-6.34665	0.000539073
554	-6.35503	-6.34667	0.000538313
555	-6.37205	-6.34671	0.000539282
556	-6.33279	-6.34669	0.000538893
557	-6.33681	-6.34667	0.000538217
558	-6.36124	-6.34669	0.000537886
559	-6.3318	-6.34667	0.000537584
560	-6.32135	-6.34662	0.000538521
561	-6.36216	-6.34665	0.000538273
562	-6.35833	-6.34667	0.000537716
563	-6.35789	-6.34669	0.00053713
564	-6.34816	-6.34669	0.000536184
565	-6.34975	-6.3467	0.000535263
566	-6.33911	-6.34669	0.000534485
567	-6.35738	-6.3467	0.000533875
568	-6.34456	-6.3467	0.000532949
569	-6.3509	-6.34671	0.000532063
570	-6.35263	-6.34672	0.000531231
571	-6.34383	-6.34671	0.000530325
572	-6.33345	-6.34669	0.000529904
573	-6.35021	-6.3467	0.000529015
574	-6.34129	-6.34669	0.000528177
575	-6.35671	-6.3467	0.000527547
576	-6.35395	-6.34672	0.00052678
577	-6.35228	-6.34673	0.000525956
578	-6.34556	-6.34672	0.00052505
579	-6.32676	-6.34669	0.000525274
580	-6.34732	-6.34669	0.000524369
581	-6.36467	-6.34672	0.000524379
582	-6.29868	-6.34664	0.000529935
583	-6.33535	-6.34662	0.00052938
584	-6.36946	-6.34666	0.000529916
585	-6.35752	-6.34668	0.000529336
586	-6.3666	-6.34671	0.000529523
587	-6.32988	-6.34668	0.000529396
588	-6.36764	-6.34672	0.000529694
589	-6.36104	-6.34674	0.000529352
590	-6.35418	-6.34676	0.000528605
591	-6.33114	-6.34673	0.00052837
592	-6.3316	-6.3467	0.000528095
593	-6.32604	-6.34667	0.000528353
594	-6.35616	-6.34668	0.000527705
595	-6.36129	-6.34671	0.000527389
596	-6.35042	-6.34672	0.000526541
597	-6.34178	-6.34671	0.000525724
598	-6.33801	-6.34669	0.000525046
599	-6.3419	-6.34668	0.00052423
600	-6.3437	-6.34668	0.00052338
601	-6.31274	-6.34662	0.000525548
602	-6.34278	-6.34662	0.000524714
603	-6.31754	-6.34657	0.000526055
604	-6.35183	-6.34658	0.000525256
605	-6.36504	-6.34661	0.000525273
606	-6.34182	-6.3466	0.000524465
607	-6.33143	-6.34657	0.000524197
608	-6.32771	-6.34654	0.000524252
609	-6.34941	-6.34655	0.000523413
610	-6.34462	-6.34655	0.000522564
611	-6.3482	-6.34655	0.000521716
612	-6.37282	-6.34659	0.000522626
613	-6.35393	-6.3466	0.000521911
614	-6.35683	-6.34662	0.000521327
615	-6.36157	-6.34664	0.000521046
616	-6.34967	-6.34665	0.000520223
617	-6.3328	-6.34663	0.000519864
618	-6.36275	-6.34665	0.000519677
619	-6.35234	-6.34666	0.000518919
620	-6.35475	-6.34667	0.000518246
621	-6.35943	-6.3467	0.000517818
622	-6.31051	-6.34664	0.000520244
623	-6.36689	-6.34667	0.000520424
624	-6.34614	-6.34667	0.00051959
625	-6.36089	-6.34669	0.000519257
626	-6.35241	-6.3467	0.000518508
627	-6.34575	-6.3467	0.000517683
628	-6.37161	-6.34674	0.000518377
629	-6.33439	-6.34672	0.000517924
630	-6.35002	-6.34672	0.000517129
631	-6.35304	-6.34673	0.000516406
632	-6.35892	-6.34675	0.000515949
633	-6.32934	-6.34673	0.000515867
634	-6.34855	-6.34673	0.000515061
635	-6.35357	-6.34674	0.000514362
636	-6.37232	-6.34678	0.000515123
637	-6.35276	-6.34679	0.0005144
638	-6.35555	-6.3468	0.000513777
639	-6.37064	-6.34684	0.000514326
640	-6.37106	-6.34688	0.000514913
641	-6.36242	-6.3469	0.00051468
642	-6.33862	-6.34689	0.00051404
643	-6.34785	-6.34689	0.000513243
644	-6.34915	-6.34689	0.000512458
645	-6.35287	-6.3469	0.000511747
646	-6.35828	-6.34692	0.000511258
647	-6.33759	-6.34691	0.000510671
648	-6.32914	-6.34688	0.000510619
649	-6.33143	-6.34686	0.000510387
650	-6.35257	-6.34686	0.000509677
651	-6.35356	-6.34688	0.000508998
652	-6.35848	-6.34689	0.000508529
653	-6.34346	-6.34689	0.000507777
654	-6.32883	-6.34686	0.00050775
655	-6.34773	-6.34686	0.000506977
656	-6.35803	-6.34688	0.00050649
657	-6.3407	-6.34687	0.000505806
658	-6.34131	-6.34686	0.000505108
659	-6.34888	-6.34686	0.000504351
660	-6.36346	-6.34689	0.000504214
661	-6.33929	-6.34688	0.000503582
662	-6.33621	-6.34686	0.000503079
663	-6.34393	-6.34686	0.000502339
664	-6.3515	-6.34686	0.000501631
665	-6.33898	-6.34685	0.000501017
666	-6.34789	-6.34685	0.000500267
667	-6.34409	-6.34685	0.000499534
668	-6.3345	-6.34683	0.000499129
669	-6.33636	-6.34682	0.000498628
670	-6.35564	-6.34683	0.000498058
671	-6.33548	-6.34681	0.000497603
672	-6.33557	-6.34679	0.000497143
673	-6.35161	-6.3468	0.000496456
674	-6.36479	-6.34683	0.000496436
675	-6.33468	-6.34681	0.000496027
676	-6.34063	-6.3468	0.000495377
677	-6.3342	-6.34678	0.000494996
678	-6.33041	-6.34676	0.000494854
679	-6.33023	-6.34673	0.000494723
680	-6.36059	-6.34675	0.000494416
681	-6.34788	-6.34676	0.000493692
682	-6.36092	-6.34678	0.000493405
683	-6.34315	-6.34677	0.000492711
684	-6.36885	-6.3468	0.000493047
685	-6.33072	-6.34678	0.000492886
686	-6.34374	-6.34678	0.000492188
687	-6.33913	-6.34677	0.000491597
688	-6.35334	-6.34677	0.000490976
689	-6.34562	-6.34677	0.000490266
690	-6.32172	-6.34674	0.000490898
691	-6.32151	-6.3467	0.000491543
692	-6.36161	-6.34672	0.000491305
693	-6.3463	-6.34672	0.000490596
694	-6.3351	-6.3467	0.000490175
695	-6.34565	-6.3467	0.000489472
696	-6.3605	-6.34672	0.00048917
697	-6.33919	-6.34671	0.000488587
698	-6.34241	-6.34671	0.000487926
699	-6.33438	-6.34669	0.000487547
700	-6.34726	-6.34669	0.000486851
701	-6.35539	-6.3467	0.000486315
702	-6.36207	-6.34672	0.000486115
703	-6.35455	-6.34673	0.00048555
704	-6.35024	-6.34674	0.000484886
705	-6.32872	-6.34671	0.000484871
706	-6.33186	-6.34669	0.000484641
707	-6.34206	-6.34669	0.000484
708	-6.34095	-6.34668	0.000483384
709	-6.3458	-6.34668	0.000482704
710	-6.33451	-6.34666	0.000482328
711	-6.34732	-6.34666	0.000481651
712	-6.34739	-6.34666	0.000480975
713	-6.34995	-6.34667	0.000480323
714	-6.35344	-6.34668	0.000479744
715	-6.34163	-6.34667	0.000479125
716	-6.32514	-6.34664	0.000479398
717	-6.35888	-6.34666	0.000479033
718	-6.35744	-6.34667	0.000478601
719	-6.32957	-6.34665	0.000478526
720	-6.34318	-6.34664	0.000477886
721	-6.34106	-6.34663	0.000477286
722	-6.36276	-6.34666	0.000477147
723	-6.36131	-6.34668	0.000476917
724	-6.35219	-6.34668	0.000476319
725	-6.33735	-6.34667	0.000475836
726	-6.37011	-6.3467	0.000476275
727	-6.34419	-6.3467	0.000475632
728	-6.36343	-6.34672	0.000475534
729	-6.33923	-6.34671	0.000474993
730	-6.36758	-6.34674	0.000475201
731	-6.34288	-6.34674	0.00047458
732	-6.33309	-6.34672	0.000474298
733	-6.32897	-6.34669	0.000474268
734	-6.34819	-6.3467	0.000473627
735	-6.32959	-6.34667	0.000473553
736	-6.34859	-6.34667	0.000472917
737	-6.33213	-6.34666	0.000472687
738	-6.35225	-6.34666	0.000472107
739	-6.3545	-6.34667	0.000471588
740	-6.33606	-6.34666	0.000471168
741	-6.36165	-6.34668	0.000470966
742	-6.35464	-6.34669	0.000470454
743	-6.34955	-6.34669	0.000469836
744	-6.3373	-6.34668	0.000469374
745	-6.34764	-6.34668	0.000468746
746	-6.35098	-6.34669	0.000468153
747	-6.35432	-6.3467	0.000467638
748	-6.36306	-6.34672	0.000467524
749	-6.33439	-6.3467	0.000467189
750	-6.32011	-6.34667	0.00046791
751	-6.34297	-6.34666	0.000467313
752	-6.34686	-6.34666	0.000466691
753	-6.33267	-6.34665	0.000466442
754	-6.32878	-6.34662	0.000466425
755	-6.34168	-6.34661	0.000465853
756	-6.3576	-6.34663	0.000465463
757	-6.33068	-6.34661	0.000465325
758	-6.34106	-6.3466	0.000464768
759	-6.32284	-6.34657	0.000465209
760	-6.333	-6.34655	0.000464939
761	-6.33628	-6.34654	0.000464524
762	-6.38175	-6.34658	0.000466207
763	-6.34355	-6.34658	0.000465613
764	-6.36373	-6.3466	0.000465545
765	-6.33551	-6.34659	0.000465162
766	-6.34455	-6.34659	0.000464562
767	-6.3324	-6.34657	0.000464325
768	-6.36173	-6.34659	0.00046414
769	-6.31543	-6.34655	0.000465301
770	-6.34943	-6.34655	0.000464712
771	-6.3535	-6.34656	0.000464197
772	-6.34013	-6.34655	0.00046367
773	-6.32503	-6.34652	0.000463906
774	-6.33334	-6.34651	0.000463619
775	-6.34203	-6.3465	0.000463057
776	-6.34677	-6.3465	0.00046246
777	-6.34885	-6.3465	0.000461875
778	-6.35833	-6.34652	0.000461531
779	-6.34533	-6.34652	0.000460942
780	-6.37425	-6.34655	0.00046172
781	-6.32899	-6.34653	0.000461676
782	-6.34251	-6.34653	0.000461114
783	-6.36482	-6.34655	0.000461117
784	-6.3584	-6.34656	0.000460777
785	-6.34896	-6.34657	0.0004602
786	-6.34152	-6.34656	0.000459659
787	-6.35723	-6.34657	0.000459275
788	-6.34427	-6.34657	0.000458701
789	-6.34825	-6.34657	0.000458125
790	-6.34414	-6.34657	0.000457555
791	-6.35276	-6.34658	0.000457044
792	-6.35057	-6.34658	0.000456494
793	-6.34316	-6.34658	0.000455939
794	-6.34329	-6.34657	0.000455384
795	-6.36792	-6.3466	0.000455601
796	-6.36488	-6.34662	0.000455607
797	-6.32511	-6.3466	0.000455835
798	-6.34282	-6.34659	0.000455288
799	-6.3495	-6.3466	0.000454733
800	-6.33177	-6.34658	0.000454542
801	-6.33872	-6.34657	0.00045408
802	-6.34413	-6.34656	0.000453524
803	-6.35968	-6.34658	0.000453253
804	-6.3428	-6.34658	0.000452714
805	-6.34631	-6.34658	0.000452152
806	-6.33961	-6.34657	0.000451673
807	-6.33766	-6.34656	0.000451249
808	-6.33876	-6.34655	0.000450793
809	-6.3647	-6.34657	0.000450794
810	-6.34744	-6.34657	0.000450239
811	-6.33024	-6.34655	0.000450134
812	-6.35321	-6.34656	0.000449654
813	-6.35818	-6.34657	0.000449328
814	-6.36312	-6.34659	0.000449236
815	-6.3648	-6.34662	0.00044924
816	-6.33955	-6.34661	0.000448773
817	-6.34504	-6.3466	0.000448228
818	-6.32613	-6.34658	0.000448378
819	-6.35749	-6.34659	0.000448028
820	-6.33358	-6.34658	0.000447763
821	-6.33116	-6.34656	0.000447611
822	-6.34539	-6.34656	0.000447069
823	-6.34631	-6.34656	0.000446526
824	-6.34206	-6.34655	0.000446017
825	-6.34785	-6.34655	0.000445479
826	-6.34082	-6.34655	0.000444994
827	-6.34324	-6.34654	0.000444474
828	-6.35246	-6.34655	0.000443994
829	-6.35441	-6.34656	0.00044356
830	-6.36222	-6.34658	0.000443427
831	-6.34615	-6.34658	0.000442894
832	-6.34184	-6.34657	0.000442398
833	-6.34979	-6.34658	0.000441884
834	-6.34286	-6.34657	0.000441376
835	-6.34059	-6.34656	0.000440906
836	-6.34007	-6.34656	0.000440447
837	-6.3554	-6.34657	0.000440047
838	-6.35945	-6.34658	0.000439791
839	-6.34452	-6.34658	0.000439273
840	-6.32645	-6.34656	0.000439403
841	-6.30588	-6.34651	0.000441534
842	-6.33329	-6.34649	0.000441289
843	-6.34579	-6.34649	0.000440766
844	-6.32398	-6.34646	0.00044105
845	-6.33513	-6.34645	0.000440732
846	-6.33285	-6.34643	0.000440505
847	-6.33443	-6.34642	0.000440212
848	-6.33424	-6.34641	0.000439928
849	-6.34153	-6.3464	0.000439447
850	-6.34883	-6.3464	0.000438939
851	-6.34261	-6.3464	0.000438446
852	-6.3614	-6.34642	0.000438285
853	-6.35875	-6.34643	0.000438009
854	-6.35509	-6.34644	0.000437614
855	-6.35439	-6.34645	0.000437201
856	-6.35882	-6.34646	0.000436929
857	-6.35382	-6.34647	0.000436504
858	-6.33689	-6.34646	0.000436138
859	-6.3637	-6.34648	0.000436091
860	-6.35992	-6.3465	0.000435864
861	-6.35792	-6.34651	0.000435559
862	-6.32556	-6.34649	0.000435732
863	-6.34939	-6.34649	0.00043524
864	-6.36708	-6.34651	0.000435388
865	-6.36883	-6.34654	0.000435649
866	-6.3327	-6.34652	0.000435439
867	-6.34465	-6.34652	0.000434942
868	-6.35656	-6.34653	0.000434595
869	-6.35584	-6.34654	0.000434227
870	-6.36896	-6.34657	0.000434491
871	-6.35885	-6.34658	0.000434221
872	-6.34964	-6.34659	0.000433737
873	-6.3492	-6.34659	0.000433251
874	-6.36567	-6.34661	0.000433305
875	-6.3762	-6.34665	0.000434127
876	-6.35485	-6.34665	0.000433732
877	-6.34605	-6.34665	0.000433238
878	-6.36369	-6.34667	0.000433179
879	-6.36048	-6.34669	0.000432971
880	-6.3396	-6.34668	0.000432554
881	-6.33877	-6.34667	0.000432156
882	-6.34812	-6.34667	0.000431669
883	-6.3531	-6.34668	0.000431242
884	-6.33561	-6.34667	0.000430936
885	-6.32749	-6.34665	0.000430994
886	-6.34941	-6.34665	0.000430519
887	-6.33881	-6.34664	0.000430124
888	-6.32184	-6.34661	0.000430545
889	-6.3368	-6.3466	0.000430203
890	-6.36693	-6.34663	0.000430325
891	-6.35555	-6.34664	0.000429959
892	-6.33685	-6.34662	0.000429617
893	-6.36164	-6.34664	0.000429465
894	-6.33181	-6.34662	0.000429305
895	-6.35144	-6.34663	0.000428859
896	-6.36838	-6.34665	0.000429067
897	-6.33217	-6.34664	0.000428892
898	-6.35119	-6.34664	0.000428444
899	-6.36644	-6.34667	0.000428534
900	-6.3378	-6.34666	0.000428171
901	-6.35315	-6.34666	0.000427756
902	-6.36388	-6.34668	0.000427708
903	-6.33495	-6.34667	0.000427431
904	-6.33873	-6.34666	0.000427048
905	-6.33809	-6.34665	0.000426681
906	-6.34611	-6.34665	0.000426211
907	-6.37559	-6.34668	0.000426934
908	-6.32017	-6.34665	0.00042746
909	-6.34124	-6.34665	0.000427032
910	-6.32699	-6.34662	0.000427108
911	-6.32407	-6.3466	0.000427357
912	-6.33947	-6.34659	0.00042696
913	-6.34409	-6.34659	0.000426501
914	-6.33657	-6.34658	0.000426175
915	-6.34316	-6.34657	0.000425726
916	-6.36344	-6.34659	0.000425659
917	-6.33858	-6.34658	0.000425284
918	-6.33721	-6.34657	0.000424943
919	-6.34221	-6.34657	0.000424507
920	-6.32477	-6.34655	0.000424707
921	-6.33284	-6.34653	0.000424506
922	-6.33513	-6.34652	0.000424226
923	-6.35194	-6.34652	0.000423807
924	-6.33619	-6.34651	0.000423496
925	-6.35015	-6.34652	0.000423056
926	-6.3686	-6.34654	0.000423271
927	-6.34688	-6.34654	0.000422815
928	-6.33535	-6.34653	0.000422531
929	-6.34533	-6.34653	0.000422078
930	-6.33622	-6.34652	0.00042177
931	-6.33186	-6.3465	0.000421611
932	-6.35818	-6.34651	0.000421345
933	-6.35806	-6.34653	0.000421075
934	-6.3515	-6.34653	0.000420658
935	-6.33991	-6.34652	0.000420267
936	-6.34366	-6.34652	0.000419829
937	-6.36263	-6.34654	0.000419733
938	-6.36101	-6.34655	0.000419569
939	-6.34628	-6.34655	0.000419123
940	-6.33215	-6.34654	0.000418957
941	-6.34774	-6.34654	0.000418513
942	-6.32679	-6.34652	0.000418594
943	-6.35051	-6.34652	0.000418172
944	-6.3492	-6.34653	0.000417738
945	-6.32592	-6.3465	0.000417865
946	-6.36413	-6.34652	0.000417838
947	-6.33597	-6.34651	0.000417546
948	-6.34013	-6.3465	0.00041716
949	-6.34515	-6.3465	0.000416722
950	-6.34237	-6.3465	0.000416307
951	-6.34741	-6.3465	0.00041587
952	-6.35849	-6.34651	0.000415624
953	-6.32467	-6.34649	0.000415819
954	-6.36035	-6.3465	0.000415637
955	-6.35135	-6.34651	0.000415233
956	-6.36358	-6.34653	0.000415182
957	-6.35149	-6.34653	0.000414781
958	-6.35282	-6.34654	0.0004144
959	-6.3323	-6.34652	0.000414233
960	-6.35426	-6.34653	0.00041388
961	-6.33979	-6.34652	0.000413509
962	-6.34112	-6.34652	0.000413117
963	-6.37773	-6.34655	0.000413957
964	-6.3326	-6.34654	0.000413781
965	-6.35824	-6.34655	0.00041353
966	-6.35478	-6.34656	0.000413189
967	-6.35588	-6.34657	0.000412875
968	-6.35109	-6.34657	0.000412474
969	-6.36027	-6.34659	0.000412291
970	-6.35604	-6.3466	0.000411981
971	-6.35301	-6.3466	0.00041161
972	-6.33495	-6.34659	0.000411361
973	-6.32667	-6.34657	0.000411447
974	-6.34326	-6.34657	0.000411039
975	-6.3633	-6.34658	0.000410975
976	-6.34471	-6.34658	0.000410558
977	-6.37813	-6.34661	0.000411406
978	-6.33271	-6.3466	0.000411231
979	-6.33696	-6.34659	0.000410929
980	-6.34946	-6.34659	0.00041052
981	-6.33325	-6.34658	0.000410327
982	-6.33124	-6.34656	0.000410206
983	-6.37172	-6.34659	0.000410586
984	-6.34699	-6.34659	0.000410169
985	-6.34757	-6.34659	0.000409754
986	-6.34338	-6.34659	0.000409351
987	-6.3488	-6.34659	0.000408943
988	-6.34329	-6.34659	0.000408542
989	-6.34667	-6.34659	0.000408129
990	-6.32878	-6.34657	0.000408113
991	-6.35362	-6.34658	0.000407764
992	-6.35821	-6.34659	0.000407521
993	-6.3417	-6.34658	0.000407141
994	-6.34886	-6.34658	0.000406738
995	-6.34436	-6.34658	0.000406335
996	-6.35003	-6.34659	0.000405942
997	-6.33192	-6.34657	0.000405801
998	-6.35913	-6.34658	0.00040559
999	-6.35373	-6.34659	0.000405247
1000	-6.36004	-6.3466	0.000405065
