BLOCK:	ACTUAL_PE:	PE_AVE:	ERROR:
1	-7.55628	-7.55628	0
2	-7.5553	-7.55579	0.000348035
3	-7.55621	-7.55593	0.000258427
4	-7.56931	-7.55927	0.00290328
5	-7.53949	-7.55532	0.00423389
6	-7.54521	-7.55363	0.00384858
7	-7.55905	-7.55441	0.00337569
8	-7.55038	-7.5539	0.00299097
9	-7.55677	-7.55422	0.0026756
10	-7.55091	-7.55389	0.00242847
11	-7.54777	-7.55334	0.00227057
12	-7.55286	-7.5533	0.0020817
13	-7.56196	-7.55396	0.00202549
14	-7.54028	-7.55298	0.00210353
15	-7.54846	-7.55268	0.00198483
16	-7.54538	-7.55223	0.00191257
17	-7.56596	-7.55303	0.00196319
18	-7.55512	-7.55315	0.00185754
19	-7.54959	-7.55296	0.0017692
20	-7.5478	-7.5527	0.00169944
21	-7.56086	-7.55309	0.00166229
22	-7.56006	-7.55341	0.00161661
23	-7.54391	-7.553	0.00159816
24	-7.5452	-7.55267	0.00156426
25	-7.56011	-7.55297	0.00152975
26	-7.54129	-7.55252	0.00153546
27	-7.54344	-7.55218	0.00151494
28	-7.55138	-7.55216	0.00146111
29	-7.55799	-7.55236	0.00142453
30	-7.55595	-7.55248	0.00138207
31	-7.56027	-7.55273	0.00136015
32	-7.55792	-7.55289	0.00132728
33	-7.56323	-7.5532	0.00132352
34	-7.54369	-7.55292	0.00131382
35	-7.54442	-7.55268	0.00129854
36	-7.56063	-7.5529	0.0012811
37	-7.55539	-7.55297	0.00124824
38	-7.55658	-7.55306	0.00121901
39	-7.5511	-7.55301	0.00118879
40	-7.55518	-7.55307	0.00116031
41	-7.54438	-7.55286	0.00115118
42	-7.55679	-7.55295	0.00112758
43	-7.55509	-7.553	0.00110245
44	-7.53041	-7.55249	0.00119094
45	-7.56047	-7.55266	0.00117763
46	-7.55505	-7.55271	0.00115317
47	-7.54371	-7.55252	0.00114443
48	-7.56514	-7.55279	0.00115039
49	-7.54098	-7.55255	0.00115185
50	-7.56227	-7.55274	0.00114511
51	-7.54897	-7.55267	0.00112504
52	-7.55375	-7.55269	0.0011036
53	-7.55567	-7.55274	0.00108421
54	-7.55865	-7.55285	0.00106963
55	-7.54804	-7.55276	0.00105375
56	-7.54945	-7.55271	0.00103659
57	-7.54563	-7.55258	0.00102581
58	-7.56501	-7.5528	0.00103024
59	-7.55177	-7.55278	0.00101293
60	-7.55065	-7.55274	0.000996666
61	-7.55687	-7.55281	0.000982626
62	-7.55327	-7.55282	0.000966805
63	-7.55764	-7.55289	0.000954489
64	-7.54826	-7.55282	0.000942314
65	-7.55461	-7.55285	0.000928217
66	-7.55487	-7.55288	0.000914658
67	-7.56305	-7.55303	0.000913503
68	-7.54738	-7.55295	0.000903837
69	-7.55526	-7.55298	0.000891359
70	-7.55069	-7.55295	0.000879226
71	-7.5606	-7.55306	0.000873416
72	-7.55254	-7.55305	0.000861314
73	-7.55556	-7.55308	0.000850203
74	-7.5402	-7.55291	0.000856369
75	-7.55684	-7.55296	0.000846549
76	-7.54641	-7.55288	0.000839792
77	-7.54772	-7.55281	0.000831547
78	-7.55239	-7.5528	0.000820904
79	-7.54576	-7.55272	0.000815335
80	-7.55381	-7.55273	0.000805259
81	-7.55735	-7.55279	0.000797339
82	-7.55604	-7.55283	0.000788601
83	-7.55069	-7.5528	0.00077952
84	-7.55558	-7.55283	0.000770943
85	-7.55325	-7.55284	0.000761889
86	-7.55984	-7.55292	0.00075737
87	-7.5481	-7.55286	0.000750685
88	-7.5535	-7.55287	0.000742189
89	-7.55382	-7.55288	0.000733926
90	-7.56402	-7.55301	0.000736129
91	-7.55477	-7.55303	0.000728296
92	-7.55135	-7.55301	0.000720608
93	-7.55709	-7.55305	0.000714195
94	-7.5437	-7.55295	0.000713493
95	-7.56398	-7.55307	0.000715371
96	-7.55041	-7.55304	0.000708455
97	-7.55819	-7.55309	0.000703138
98	-7.53874	-7.55295	0.000711058
99	-7.56173	-7.55304	0.000709386
100	-7.55078	-7.55301	0.000702651
101	-7.55776	-7.55306	0.000697266
102	-7.55713	-7.5531	0.00069157
103	-7.55675	-7.55313	0.000685763
104	-7.54727	-7.55308	0.000681487
105	-7.55241	-7.55307	0.000675026
106	-7.55513	-7.55309	0.000668936
107	-7.55296	-7.55309	0.000662686
108	-7.55486	-7.55311	0.000656753
109	-7.54779	-7.55306	0.000652536
110	-7.56248	-7.55314	0.000652205
111	-7.55299	-7.55314	0.000646331
112	-7.54706	-7.55309	0.000642834
113	-7.55637	-7.55312	0.000637801
114	-7.54231	-7.55302	0.000639212
115	-7.56103	-7.55309	0.000637433
116	-7.54375	-7.55301	0.000637004
117	-7.55776	-7.55305	0.000632853
118	-7.55182	-7.55304	0.000627577
119	-7.55776	-7.55308	0.000623554
120	-7.55716	-7.55312	0.000619284
121	-7.55894	-7.55316	0.000616036
122	-7.55775	-7.5532	0.000612133
123	-7.55397	-7.55321	0.000607188
124	-7.54742	-7.55316	0.00060408
125	-7.55874	-7.55321	0.000600893
126	-7.5391	-7.55309	0.000606465
127	-7.55272	-7.55309	0.000601697
128	-7.55249	-7.55309	0.000597014
129	-7.54843	-7.55305	0.000593476
130	-7.54606	-7.553	0.000591341
131	-7.55575	-7.55302	0.000587199
132	-7.55072	-7.553	0.000583009
133	-7.55007	-7.55298	0.000579041
134	-7.56256	-7.55305	0.000579118
135	-7.55179	-7.55304	0.000574904
136	-7.55145	-7.55303	0.000570795
137	-7.55765	-7.55306	0.000567623
138	-7.56069	-7.55312	0.000566199
139	-7.55163	-7.55311	0.000562227
140	-7.54769	-7.55307	0.00055954
141	-7.55137	-7.55306	0.000555701
142	-7.54887	-7.55303	0.000552569
143	-7.558	-7.55306	0.0005498
144	-7.54359	-7.55299	0.000549898
145	-7.5559	-7.55302	0.00054647
146	-7.54527	-7.55296	0.000545293
147	-7.55939	-7.55301	0.000543335
148	-7.55285	-7.553	0.000539665
149	-7.54915	-7.55298	0.000536662
150	-7.55505	-7.55299	0.000533262
151	-7.54722	-7.55295	0.000531098
152	-7.54622	-7.55291	0.000529446
153	-7.55779	-7.55294	0.000526946
154	-7.5494	-7.55292	0.000524026
155	-7.55624	-7.55294	0.000521082
156	-7.56177	-7.553	0.00052081
157	-7.55622	-7.55302	0.000517897
158	-7.54379	-7.55296	0.000517905
159	-7.55559	-7.55298	0.000514913
160	-7.54463	-7.55292	0.000514328
161	-7.55842	-7.55296	0.000512263
162	-7.55091	-7.55295	0.000509257
163	-7.5557	-7.55296	0.000506413
164	-7.55528	-7.55298	0.000503521
165	-7.56173	-7.55303	0.000503255
166	-7.55276	-7.55303	0.000500226
167	-7.54433	-7.55298	0.000499932
168	-7.55391	-7.55298	0.000496987
169	-7.55273	-7.55298	0.000494048
170	-7.55515	-7.55299	0.000491306
171	-7.55723	-7.55302	0.000489058
172	-7.55535	-7.55303	0.000486403
173	-7.54186	-7.55297	0.00048786
174	-7.55601	-7.55298	0.000485369
175	-7.54051	-7.55291	0.000487801
176	-7.54703	-7.55288	0.000486175
177	-7.55845	-7.55291	0.000484446
178	-7.55876	-7.55294	0.000482839
179	-7.55397	-7.55295	0.000480175
180	-7.53339	-7.55284	0.000489653
181	-7.56389	-7.5529	0.000490738
182	-7.55225	-7.5529	0.000488054
183	-7.55077	-7.55289	0.000485526
184	-7.55011	-7.55287	0.000483121
185	-7.551	-7.55286	0.000480615
186	-7.55109	-7.55285	0.000478125
187	-7.54407	-7.5528	0.000477869
188	-7.56564	-7.55287	0.000480177
189	-7.55007	-7.55286	0.000477865
190	-7.55003	-7.55284	0.000475582
191	-7.55546	-7.55286	0.000473289
192	-7.54382	-7.55281	0.000473158
193	-7.56875	-7.55289	0.000477864
194	-7.55682	-7.55291	0.00047583
195	-7.53918	-7.55284	0.000478573
196	-7.55831	-7.55287	0.000476943
197	-7.54883	-7.55285	0.000474962
198	-7.56827	-7.55293	0.000478907
199	-7.54565	-7.55289	0.000477895
200	-7.56111	-7.55293	0.000477267
201	-7.55973	-7.55297	0.00047609
202	-7.53779	-7.55289	0.000479627
203	-7.55653	-7.55291	0.000477599
204	-7.56745	-7.55298	0.000480551
205	-7.55206	-7.55298	0.000478228
206	-7.54381	-7.55293	0.00047797
207	-7.55231	-7.55293	0.00047567
208	-7.56022	-7.55296	0.000474673
209	-7.54325	-7.55292	0.000474671
210	-7.56169	-7.55296	0.000474246
211	-7.55563	-7.55297	0.000472167
212	-7.5377	-7.5529	0.000475401
213	-7.55905	-7.55293	0.000474046
214	-7.54125	-7.55287	0.000474961
215	-7.55448	-7.55288	0.000472811
216	-7.55383	-7.55288	0.000470643
217	-7.55285	-7.55288	0.000468474
218	-7.56681	-7.55295	0.000470659
219	-7.55153	-7.55294	0.000468555
220	-7.55305	-7.55294	0.000466425
221	-7.55667	-7.55296	0.00046462
222	-7.55274	-7.55296	0.000462528
223	-7.56046	-7.55299	0.000461675
224	-7.55311	-7.55299	0.000459614
225	-7.54676	-7.55297	0.000458406
226	-7.56086	-7.553	0.000457706
227	-7.55493	-7.55301	0.000455768
228	-7.56238	-7.55305	0.000455617
229	-7.55629	-7.55306	0.000453848
230	-7.54946	-7.55305	0.000452145
231	-7.56367	-7.55309	0.000452519
232	-7.55382	-7.5531	0.00045058
233	-7.54933	-7.55308	0.000448935
234	-7.55296	-7.55308	0.000447017
235	-7.54718	-7.55306	0.000445821
236	-7.54812	-7.55303	0.000444421
237	-7.57323	-7.55312	0.000450642
238	-7.54928	-7.5531	0.000449037
239	-7.54507	-7.55307	0.000448413
240	-7.54325	-7.55303	0.000448407
241	-7.55751	-7.55305	0.000446931
242	-7.55693	-7.55306	0.000445372
243	-7.56148	-7.5531	0.000444885
244	-7.54722	-7.55307	0.000443714
245	-7.54922	-7.55306	0.000442181
246	-7.55887	-7.55308	0.000441014
247	-7.5529	-7.55308	0.000439229
248	-7.54807	-7.55306	0.000437923
249	-7.53656	-7.55299	0.000441147
250	-7.5594	-7.55302	0.000440125
251	-7.54539	-7.55299	0.00043942
252	-7.548	-7.55297	0.000438122
253	-7.55132	-7.55296	0.000436439
254	-7.56013	-7.55299	0.000435631
255	-7.55052	-7.55298	0.00043403
256	-7.55507	-7.55299	0.000432411
257	-7.55353	-7.55299	0.000430734
258	-7.55397	-7.553	0.000429081
259	-7.56547	-7.55304	0.00043012
260	-7.5519	-7.55304	0.000428489
261	-7.55566	-7.55305	0.000426965
262	-7.53714	-7.55299	0.000429629
263	-7.55423	-7.55299	0.000428022
264	-7.54664	-7.55297	0.000427077
265	-7.55473	-7.55298	0.000425518
266	-7.54911	-7.55296	0.000424166
267	-7.55348	-7.55296	0.000422582
268	-7.55231	-7.55296	0.000421012
269	-7.5633	-7.553	0.000421197
270	-7.55878	-7.55302	0.00042018
271	-7.55062	-7.55301	0.000418723
272	-7.54824	-7.553	0.000417551
273	-7.54503	-7.55297	0.000417039
274	-7.54658	-7.55294	0.000416167
275	-7.56738	-7.553	0.00041795
276	-7.55225	-7.55299	0.000416445
277	-7.5482	-7.55298	0.000415301
278	-7.5413	-7.55293	0.000415926
279	-7.55727	-7.55295	0.000414726
280	-7.56022	-7.55297	0.000414057
281	-7.54375	-7.55294	0.000413882
282	-7.55474	-7.55295	0.000412464
283	-7.56088	-7.55298	0.000411957
284	-7.55382	-7.55298	0.000410517
285	-7.556	-7.55299	0.000409213
286	-7.53927	-7.55294	0.000410586
287	-7.54961	-7.55293	0.00040932
288	-7.55878	-7.55295	0.000408401
289	-7.55617	-7.55296	0.000407141
290	-7.55465	-7.55297	0.000405778
291	-7.57015	-7.55303	0.000408656
292	-7.54042	-7.55298	0.000409531
293	-7.55751	-7.553	0.000408425
294	-7.55274	-7.553	0.000407036
295	-7.54843	-7.55298	0.000405951
296	-7.55297	-7.55298	0.00040458
297	-7.56067	-7.55301	0.000404044
298	-7.55192	-7.553	0.000402705
299	-7.55607	-7.55301	0.000401488
300	-7.55476	-7.55302	0.000400192
301	-7.54703	-7.553	0.000399357
302	-7.55025	-7.55299	0.000398138
303	-7.54464	-7.55296	0.000397778
304	-7.55531	-7.55297	0.000396544
305	-7.56016	-7.553	0.000395944
306	-7.54628	-7.55297	0.000395258
307	-7.55741	-7.55299	0.000394235
308	-7.54217	-7.55295	0.000394515
309	-7.54451	-7.55293	0.000394184
310	-7.54907	-7.55291	0.000393109
311	-7.54627	-7.55289	0.000392424
312	-7.55646	-7.5529	0.000391332
313	-7.55552	-7.55291	0.000390171
314	-7.5577	-7.55293	0.000389227
315	-7.55173	-7.55292	0.000388009
316	-7.55262	-7.55292	0.000386783
317	-7.54939	-7.55291	0.000385723
318	-7.55908	-7.55293	0.000384998
319	-7.53803	-7.55288	0.000386613
320	-7.57191	-7.55294	0.000389949
321	-7.55036	-7.55293	0.000388817
322	-7.56431	-7.55297	0.000389211
323	-7.54932	-7.55296	0.000388171
324	-7.55041	-7.55295	0.000387052
325	-7.56433	-7.55299	0.000387441
326	-7.55079	-7.55298	0.000386311
327	-7.5472	-7.55296	0.000385534
328	-7.56016	-7.55298	0.000384983
329	-7.5453	-7.55296	0.000384521
330	-7.55933	-7.55298	0.00038384
331	-7.55471	-7.55298	0.000382716
332	-7.54697	-7.55297	0.000381992
333	-7.55327	-7.55297	0.000380846
334	-7.55348	-7.55297	0.000379708
335	-7.55292	-7.55297	0.000378575
336	-7.54605	-7.55295	0.000378008
337	-7.55691	-7.55296	0.000377069
338	-7.54909	-7.55295	0.000376127
339	-7.5448	-7.55292	0.000375785
340	-7.56274	-7.55295	0.000375786
341	-7.53855	-7.55291	0.000377051
342	-7.5629	-7.55294	0.000377077
343	-7.55326	-7.55294	0.000375979
344	-7.55265	-7.55294	0.000374887
345	-7.55108	-7.55294	0.00037384
346	-7.55168	-7.55293	0.000372777
347	-7.56323	-7.55296	0.000372882
348	-7.54292	-7.55293	0.000372924
349	-7.55389	-7.55293	0.000371866
350	-7.55825	-7.55295	0.000371113
351	-7.54966	-7.55294	0.000370175
352	-7.551	-7.55294	0.000369164
353	-7.55349	-7.55294	0.000368122
354	-7.55675	-7.55295	0.00036724
355	-7.54624	-7.55293	0.000366692
356	-7.55612	-7.55294	0.000365771
357	-7.56044	-7.55296	0.000365349
358	-7.5375	-7.55292	0.000366872
359	-7.55523	-7.55292	0.000365906
360	-7.55395	-7.55292	0.000364901
361	-7.54796	-7.55291	0.000364149
362	-7.54598	-7.55289	0.000363647
363	-7.5647	-7.55292	0.000364097
364	-7.55403	-7.55293	0.000363109
365	-7.55705	-7.55294	0.00036229
366	-7.53731	-7.5529	0.000363808
367	-7.56361	-7.55293	0.000363985
368	-7.54731	-7.55291	0.000363316
369	-7.56564	-7.55294	0.000363965
370	-7.5448	-7.55292	0.000363645
371	-7.55121	-7.55292	0.000362694
372	-7.56353	-7.55295	0.000362839
373	-7.55433	-7.55295	0.000361886
374	-7.54645	-7.55293	0.000361335
375	-7.5552	-7.55294	0.000360422
376	-7.55704	-7.55295	0.000359628
377	-7.54801	-7.55294	0.000358913
378	-7.54631	-7.55292	0.000358391
379	-7.56234	-7.55294	0.000358306
380	-7.5624	-7.55297	0.000358227
381	-7.55347	-7.55297	0.000357289
382	-7.55327	-7.55297	0.000356354
383	-7.5507	-7.55296	0.000355473
384	-7.56315	-7.55299	0.000355536
385	-7.55019	-7.55298	0.000354688
386	-7.52943	-7.55292	0.00035898
387	-7.56385	-7.55295	0.000359161
388	-7.54909	-7.55294	0.000358373
389	-7.56133	-7.55296	0.000358101
390	-7.54658	-7.55295	0.000357556
391	-7.55787	-7.55296	0.000356864
392	-7.56302	-7.55298	0.000356875
393	-7.55616	-7.55299	0.000356058
394	-7.55555	-7.553	0.000355214
395	-7.55486	-7.553	0.000354345
396	-7.55429	-7.55301	0.000353466
397	-7.5542	-7.55301	0.000352588
398	-7.54808	-7.553	0.000351919
399	-7.56056	-7.55302	0.000351547
400	-7.55673	-7.55303	0.000350791
401	-7.54365	-7.553	0.000350694
402	-7.55665	-7.55301	0.000349939
403	-7.55145	-7.55301	0.000349092
404	-7.54879	-7.553	0.000348385
405	-7.55041	-7.55299	0.000347583
406	-7.56096	-7.55301	0.000347281
407	-7.55605	-7.55302	0.000346508
408	-7.54867	-7.55301	0.000345822
409	-7.55564	-7.55301	0.000345036
410	-7.55599	-7.55302	0.000344271
411	-7.56085	-7.55304	0.000343959
412	-7.56046	-7.55306	0.000343596
413	-7.54893	-7.55305	0.00034291
414	-7.55049	-7.55304	0.000342137
415	-7.55626	-7.55305	0.0003414
416	-7.55368	-7.55305	0.000340583
417	-7.54332	-7.55303	0.000340564
418	-7.5478	-7.55302	0.000339979
419	-7.54493	-7.553	0.000339715
420	-7.55671	-7.55301	0.000339021
421	-7.54376	-7.55298	0.000338926
422	-7.5549	-7.55299	0.000338154
423	-7.54857	-7.55298	0.000337515
424	-7.55988	-7.55299	0.000337112
425	-7.5428	-7.55297	0.000337171
426	-7.56231	-7.55299	0.000337091
427	-7.55757	-7.553	0.000336472
428	-7.53435	-7.55296	0.000338497
429	-7.55605	-7.55297	0.000337785
430	-7.55108	-7.55296	0.000337028
431	-7.54938	-7.55295	0.000336348
432	-7.5527	-7.55295	0.00033557
433	-7.56211	-7.55297	0.000335461
434	-7.5318	-7.55293	0.000338217
435	-7.55749	-7.55294	0.000337603
436	-7.55871	-7.55295	0.000337089
437	-7.54178	-7.55292	0.000337286
438	-7.55766	-7.55293	0.000336689
439	-7.54312	-7.55291	0.000336663
440	-7.5656	-7.55294	0.00033713
441	-7.54853	-7.55293	0.000336514
442	-7.56396	-7.55296	0.000336677
443	-7.54545	-7.55294	0.000336343
444	-7.55343	-7.55294	0.000335587
445	-7.55728	-7.55295	0.000334975
446	-7.55006	-7.55294	0.000334287
447	-7.55722	-7.55295	0.000333676
448	-7.55497	-7.55296	0.000332961
449	-7.53906	-7.55293	0.000333656
450	-7.55446	-7.55293	0.000332932
451	-7.55003	-7.55292	0.000332255
452	-7.54079	-7.5529	0.000332603
453	-7.56425	-7.55292	0.000332812
454	-7.55431	-7.55292	0.000332093
455	-7.55576	-7.55293	0.000331422
456	-7.55528	-7.55294	0.000330735
457	-7.55865	-7.55295	0.000330248
458	-7.56223	-7.55297	0.000330148
459	-7.53625	-7.55293	0.00033143
460	-7.5616	-7.55295	0.000331246
461	-7.53844	-7.55292	0.000332019
462	-7.56188	-7.55294	0.000331866
463	-7.54448	-7.55292	0.000331652
464	-7.5518	-7.55292	0.000330945
465	-7.55467	-7.55292	0.000330255
466	-7.55985	-7.55294	0.000329881
467	-7.55171	-7.55293	0.000329185
468	-7.55712	-7.55294	0.000328604
469	-7.54498	-7.55293	0.000328341
470	-7.54672	-7.55291	0.000327908
471	-7.55994	-7.55293	0.000327551
472	-7.552	-7.55293	0.000326863
473	-7.54987	-7.55292	0.000326235
474	-7.56765	-7.55295	0.000327024
475	-7.54478	-7.55293	0.000326787
476	-7.54573	-7.55292	0.000326451
477	-7.55573	-7.55292	0.00032582
478	-7.55649	-7.55293	0.000325224
479	-7.55159	-7.55293	0.000324557
480	-7.5308	-7.55288	0.000327138
481	-7.56159	-7.5529	0.000326958
482	-7.56426	-7.55292	0.000327128
483	-7.53961	-7.5529	0.000327611
484	-7.56076	-7.55291	0.000327337
485	-7.53973	-7.55289	0.000327788
486	-7.56603	-7.55291	0.000328227
487	-7.55383	-7.55291	0.000327558
488	-7.55812	-7.55293	0.000327061
489	-7.55547	-7.55293	0.000326434
490	-7.54704	-7.55292	0.000325988
491	-7.5731	-7.55296	0.000327905
492	-7.53605	-7.55293	0.000329034
493	-7.56326	-7.55295	0.000329035
494	-7.55944	-7.55296	0.000328631
495	-7.55374	-7.55296	0.000327971
496	-7.55904	-7.55297	0.000327538
497	-7.54234	-7.55295	0.000327577
498	-7.54399	-7.55293	0.000327413
499	-7.56241	-7.55295	0.000327307
500	-7.55246	-7.55295	0.000326654
501	-7.55338	-7.55295	0.000326003
502	-7.55255	-7.55295	0.000325355
503	-7.54336	-7.55293	0.000325266
504	-7.55492	-7.55294	0.000324645
505	-7.55983	-7.55295	0.000324289
506	-7.55085	-7.55295	0.000323674
507	-7.54865	-7.55294	0.000323147
508	-7.5557	-7.55294	0.000322556
509	-7.54521	-7.55293	0.00032228
510	-7.54399	-7.55291	0.000322124
511	-7.55121	-7.55291	0.000321511
512	-7.56355	-7.55293	0.000321555
513	-7.55617	-7.55293	0.00032099
514	-7.55244	-7.55293	0.000320367
515	-7.55127	-7.55293	0.000319761
516	-7.54938	-7.55292	0.000319215
517	-7.55926	-7.55294	0.000318833
518	-7.55508	-7.55294	0.000318245
519	-7.55376	-7.55294	0.000317636
520	-7.56107	-7.55296	0.00031741
521	-7.55505	-7.55296	0.000316826
522	-7.54642	-7.55295	0.000316466
523	-7.55493	-7.55295	0.000315884
524	-7.55835	-7.55296	0.000315449
525	-7.54415	-7.55295	0.000315294
526	-7.55876	-7.55296	0.000314889
527	-7.55125	-7.55295	0.000314308
528	-7.5493	-7.55295	0.000313789
529	-7.55312	-7.55295	0.000313196
530	-7.56092	-7.55296	0.000312966
531	-7.54583	-7.55295	0.000312665
532	-7.54028	-7.55292	0.000312983
533	-7.5621	-7.55294	0.000312869
534	-7.55671	-7.55295	0.000312363
535	-7.54988	-7.55294	0.000311832
536	-7.55026	-7.55294	0.00031129
537	-7.5545	-7.55294	0.000310724
538	-7.55573	-7.55295	0.000310189
539	-7.55388	-7.55295	0.000309619
540	-7.54949	-7.55294	0.000309111
541	-7.54457	-7.55293	0.000308927
542	-7.55097	-7.55292	0.000308378
543	-7.56436	-7.55294	0.000308528
544	-7.53894	-7.55292	0.000309032
545	-7.55345	-7.55292	0.000308467
546	-7.54884	-7.55291	0.000307992
547	-7.55637	-7.55292	0.000307494
548	-7.55824	-7.55293	0.000307087
549	-7.55059	-7.55292	0.000306557
550	-7.55456	-7.55293	0.000306014
551	-7.55495	-7.55293	0.00030548
552	-7.55272	-7.55293	0.000304927
553	-7.53642	-7.5529	0.000305833
554	-7.56498	-7.55292	0.000306058
555	-7.5478	-7.55291	0.000305646
556	-7.5621	-7.55293	0.000305542
557	-7.54196	-7.55291	0.000305627
558	-7.54947	-7.5529	0.000305141
559	-7.57027	-7.55293	0.000306173
560	-7.54284	-7.55292	0.000306156
561	-7.55698	-7.55292	0.000305696
562	-7.53511	-7.55289	0.000306791
563	-7.55237	-7.55289	0.000306248
564	-7.56153	-7.55291	0.000306088
565	-7.5461	-7.55289	0.000305783
566	-7.54367	-7.55288	0.000305677
567	-7.56637	-7.5529	0.000306063
568	-7.55542	-7.55291	0.000305556
569	-7.54741	-7.5529	0.000305172
570	-7.54653	-7.55288	0.000304841
571	-7.56724	-7.55291	0.000305342
572	-7.54799	-7.5529	0.000304929
573	-7.56017	-7.55291	0.000304661
574	-7.54584	-7.5529	0.000304379
575	-7.55021	-7.5529	0.000303886
576	-7.55983	-7.55291	0.000303596
577	-7.56	-7.55292	0.000303319
578	-7.55292	-7.55292	0.000302794
579	-7.55495	-7.55292	0.000302291
580	-7.54967	-7.55292	0.000301822
581	-7.55596	-7.55292	0.000301348
582	-7.53812	-7.5529	0.000301902
583	-7.56305	-7.55292	0.000301885
584	-7.55938	-7.55293	0.000301571
585	-7.53773	-7.5529	0.000302173
586	-7.55995	-7.55291	0.000301896
587	-7.55884	-7.55292	0.000301551
588	-7.54676	-7.55291	0.00030122
589	-7.56205	-7.55293	0.000301107
590	-7.55264	-7.55293	0.000300597
591	-7.55485	-7.55293	0.000300106
592	-7.54951	-7.55293	0.000299655
593	-7.55747	-7.55293	0.000299248
594	-7.55061	-7.55293	0.00029877
595	-7.54282	-7.55291	0.00029875
596	-7.55577	-7.55292	0.000298288
597	-7.55216	-7.55292	0.000297791
598	-7.56164	-7.55293	0.00029765
599	-7.55408	-7.55293	0.000297159
600	-7.5534	-7.55293	0.000296665
601	-7.55404	-7.55294	0.000296177
602	-7.55692	-7.55294	0.000295759
603	-7.56196	-7.55296	0.000295647
604	-7.5389	-7.55293	0.000296072
605	-7.56648	-7.55296	0.000296428
606	-7.54254	-7.55294	0.000296437
607	-7.56978	-7.55297	0.000297244
608	-7.53654	-7.55294	0.000297981
609	-7.54859	-7.55293	0.000297577
610	-7.55335	-7.55293	0.00029709
611	-7.54647	-7.55292	0.000296792
612	-7.56888	-7.55295	0.00029745
613	-7.52789	-7.55291	0.000299761
614	-7.55083	-7.5529	0.000299292
615	-7.56578	-7.55293	0.000299537
616	-7.54514	-7.55291	0.000299317
617	-7.55897	-7.55292	0.000298993
618	-7.54882	-7.55292	0.000298583
619	-7.56492	-7.55293	0.00029873
620	-7.54692	-7.55293	0.000298405
621	-7.54777	-7.55292	0.00029804
622	-7.54999	-7.55291	0.000297598
623	-7.55243	-7.55291	0.000297122
624	-7.53821	-7.55289	0.000297577
625	-7.56345	-7.5529	0.000297581
626	-7.55034	-7.5529	0.000297134
627	-7.55804	-7.55291	0.000296773
628	-7.54541	-7.5529	0.00029654
629	-7.55987	-7.55291	0.000296276
630	-7.55599	-7.55291	0.000295846
631	-7.54789	-7.55291	0.000295484
632	-7.55456	-7.55291	0.000295028
633	-7.55388	-7.55291	0.000294566
634	-7.55929	-7.55292	0.000294273
635	-7.5447	-7.55291	0.000294094
636	-7.55956	-7.55292	0.000293818
637	-7.53736	-7.55289	0.000294369
638	-7.54865	-7.55289	0.000293983
639	-7.54807	-7.55288	0.00029362
640	-7.56237	-7.55289	0.000293535
641	-7.55047	-7.55289	0.000293102
642	-7.55267	-7.55289	0.000292645
643	-7.54851	-7.55288	0.000292269
644	-7.55834	-7.55289	0.000291938
645	-7.54891	-7.55288	0.000291551
646	-7.55149	-7.55288	0.000291107
647	-7.5501	-7.55288	0.000290689
648	-7.56732	-7.5529	0.000291094
649	-7.54128	-7.55288	0.000291195
650	-7.55645	-7.55289	0.000290798
651	-7.55344	-7.55289	0.000290353
652	-7.537	-7.55286	0.000290928
653	-7.56437	-7.55288	0.000291016
654	-7.55329	-7.55288	0.000290571
655	-7.56324	-7.5529	0.000290558
656	-7.54822	-7.55289	0.000290202
657	-7.56506	-7.55291	0.000290351
658	-7.55771	-7.55292	0.000290001
659	-7.54745	-7.55291	0.00028968
660	-7.56136	-7.55292	0.000289524
661	-7.54835	-7.55291	0.000289169
662	-7.56624	-7.55293	0.000289432
663	-7.54995	-7.55293	0.00028903
664	-7.55206	-7.55293	0.000288598
665	-7.54805	-7.55292	0.000288257
666	-7.54836	-7.55291	0.000287906
667	-7.55663	-7.55292	0.000287528
668	-7.55539	-7.55292	0.000287121
669	-7.55406	-7.55293	0.000286697
670	-7.55244	-7.55292	0.00028627
671	-7.54934	-7.55292	0.000285893
672	-7.55479	-7.55292	0.000285482
673	-7.54297	-7.55291	0.00028544
674	-7.56449	-7.55292	0.000285534
675	-7.55262	-7.55292	0.000285111
676	-7.55274	-7.55292	0.000284689
677	-7.55792	-7.55293	0.000284364
678	-7.56363	-7.55295	0.000284382
679	-7.53759	-7.55292	0.000284862
680	-7.55928	-7.55293	0.000284596
681	-7.55629	-7.55294	0.000284221
682	-7.5422	-7.55292	0.00028424
683	-7.56054	-7.55293	0.000284042
684	-7.55326	-7.55293	0.000283627
685	-7.55107	-7.55293	0.000283226
686	-7.54646	-7.55292	0.00028297
687	-7.56319	-7.55294	0.000282953
688	-7.545	-7.55293	0.000282777
689	-7.55769	-7.55293	0.000282451
690	-7.55902	-7.55294	0.000282179
691	-7.55735	-7.55295	0.000281843
692	-7.55403	-7.55295	0.00028144
693	-7.55708	-7.55296	0.000281097
694	-7.55498	-7.55296	0.000280707
695	-7.55183	-7.55296	0.000280308
696	-7.55885	-7.55297	0.000280033
697	-7.55175	-7.55296	0.000279636
698	-7.55357	-7.55296	0.000279237
699	-7.56387	-7.55298	0.000279273
700	-7.55531	-7.55298	0.000278894
701	-7.54408	-7.55297	0.000278785
702	-7.55791	-7.55298	0.000278477
703	-7.54517	-7.55297	0.000278302
704	-7.54697	-7.55296	0.000278037
705	-7.56722	-7.55298	0.000278377
706	-7.54832	-7.55297	0.000278061
707	-7.55405	-7.55297	0.000277672
708	-7.55934	-7.55298	0.000277425
709	-7.55917	-7.55299	0.000277171
710	-7.55293	-7.55299	0.000276781
711	-7.5499	-7.55299	0.000276426
712	-7.55063	-7.55298	0.000276058
713	-7.54206	-7.55297	0.000276095
714	-7.56058	-7.55298	0.000275914
715	-7.55417	-7.55298	0.000275533
716	-7.5461	-7.55297	0.000275316
717	-7.55347	-7.55297	0.000274933
718	-7.54765	-7.55296	0.00027465
719	-7.55221	-7.55296	0.00027427
720	-7.54712	-7.55295	0.000274009
721	-7.5523	-7.55295	0.00027363
722	-7.55621	-7.55296	0.000273289
723	-7.54475	-7.55295	0.000273147
724	-7.5579	-7.55295	0.000272855
725	-7.54754	-7.55295	0.000272581
726	-7.55166	-7.55294	0.000272211
727	-7.54849	-7.55294	0.000271906
728	-7.56171	-7.55295	0.000271799
729	-7.54899	-7.55295	0.00027148
730	-7.55443	-7.55295	0.000271116
731	-7.55929	-7.55296	0.000270884
732	-7.54815	-7.55295	0.000270593
733	-7.5677	-7.55297	0.000270971
734	-7.55173	-7.55297	0.000270608
735	-7.5588	-7.55298	0.000270356
736	-7.54993	-7.55297	0.00027002
737	-7.54672	-7.55296	0.000269787
738	-7.56215	-7.55298	0.000269708
739	-7.54811	-7.55297	0.000269424
740	-7.5424	-7.55295	0.000269438
741	-7.55659	-7.55296	0.000269119
742	-7.54132	-7.55294	0.000269213
743	-7.55486	-7.55295	0.000268863
744	-7.55787	-7.55295	0.000268583
745	-7.5496	-7.55295	0.00026826
746	-7.55014	-7.55294	0.000267927
747	-7.55309	-7.55294	0.000267569
748	-7.54926	-7.55294	0.000267256
749	-7.56183	-7.55295	0.000267163
750	-7.54368	-7.55294	0.000267093
751	-7.55708	-7.55295	0.000266794
752	-7.54019	-7.55293	0.000266978
753	-7.55376	-7.55293	0.000266625
754	-7.55784	-7.55294	0.000266351
755	-7.54442	-7.55292	0.000266237
756	-7.55023	-7.55292	0.000265909
757	-7.56267	-7.55293	0.000265869
758	-7.54472	-7.55292	0.000265739
759	-7.55158	-7.55292	0.000265395
760	-7.55153	-7.55292	0.000265052
761	-7.55522	-7.55292	0.000264721
762	-7.55181	-7.55292	0.000264378
763	-7.54506	-7.55291	0.000264232
764	-7.56278	-7.55292	0.000264201
765	-7.55469	-7.55293	0.000263866
766	-7.53955	-7.55291	0.000264099
767	-7.56558	-7.55292	0.00026427
768	-7.53938	-7.55291	0.000264514
769	-7.56908	-7.55293	0.000265005
770	-7.54245	-7.55291	0.00026501
771	-7.55138	-7.55291	0.000264673
772	-7.54995	-7.55291	0.000264358
773	-7.55365	-7.55291	0.000264018
774	-7.55313	-7.55291	0.000263677
775	-7.5584	-7.55292	0.000263432
776	-7.54862	-7.55291	0.000263151
777	-7.54652	-7.5529	0.000262941
778	-7.56226	-7.55292	0.000262878
779	-7.55282	-7.55292	0.00026254
780	-7.55759	-7.55292	0.000262272
781	-7.55403	-7.55292	0.00026194
782	-7.55865	-7.55293	0.000261708
783	-7.5552	-7.55293	0.000261389
784	-7.55089	-7.55293	0.000261069
785	-7.55968	-7.55294	0.000260878
786	-7.54975	-7.55293	0.000260577
787	-7.56483	-7.55295	0.000260684
788	-7.55016	-7.55295	0.000260378
789	-7.55264	-7.55295	0.000260048
790	-7.54006	-7.55293	0.00026023
791	-7.55329	-7.55293	0.000259902
792	-7.55988	-7.55294	0.000259721
793	-7.55228	-7.55294	0.000259395
794	-7.55198	-7.55294	0.000259071
795	-7.56449	-7.55295	0.000259153
796	-7.55227	-7.55295	0.000258829
797	-7.56525	-7.55297	0.000258964
798	-7.54298	-7.55295	0.000258941
799	-7.54908	-7.55295	0.000258663
800	-7.56002	-7.55296	0.00025849
801	-7.55341	-7.55296	0.000258168
802	-7.55387	-7.55296	0.000257849
803	-7.55413	-7.55296	0.000257532
804	-7.55266	-7.55296	0.000257212
805	-7.55072	-7.55296	0.000256907
806	-7.55834	-7.55296	0.000256675
807	-7.55159	-7.55296	0.000256363
808	-7.55059	-7.55296	0.000256062
809	-7.55507	-7.55296	0.000255759
810	-7.54712	-7.55295	0.000255545
811	-7.56646	-7.55297	0.000255772
812	-7.54634	-7.55296	0.000255587
813	-7.565	-7.55298	0.000255702
814	-7.54985	-7.55297	0.000255417
815	-7.55786	-7.55298	0.000255174
816	-7.54533	-7.55297	0.000255033
817	-7.55559	-7.55297	0.000254741
818	-7.55188	-7.55297	0.000254433
819	-7.55264	-7.55297	0.000254123
820	-7.55582	-7.55298	0.000253837
821	-7.55973	-7.55298	0.000253661
822	-7.56177	-7.55299	0.000253577
823	-7.55118	-7.55299	0.000253279
824	-7.55497	-7.553	0.000252983
825	-7.55613	-7.553	0.000252705
826	-7.54823	-7.55299	0.000252465
827	-7.55226	-7.55299	0.000252161
828	-7.55327	-7.55299	0.000251857
829	-7.5603	-7.553	0.000251707
830	-7.54641	-7.55299	0.000251529
831	-7.54773	-7.55299	0.000251306
832	-7.55845	-7.55299	0.00025109
833	-7.55714	-7.553	0.000250838
834	-7.55311	-7.553	0.000250537
835	-7.54834	-7.55299	0.000250299
836	-7.5587	-7.553	0.000250093
837	-7.54981	-7.553	0.000249823
838	-7.55152	-7.55299	0.000249531
839	-7.56566	-7.55301	0.00024969
840	-7.55398	-7.55301	0.000249396
841	-7.55475	-7.55301	0.000249108
842	-7.55471	-7.55301	0.00024882
843	-7.56225	-7.55303	0.000248766
844	-7.54374	-7.55301	0.000248714
845	-7.54849	-7.55301	0.000248477
846	-7.56912	-7.55303	0.000248912
847	-7.54457	-7.55302	0.000248819
848	-7.55966	-7.55303	0.000248648
849	-7.54594	-7.55302	0.000248496
850	-7.56893	-7.55304	0.000248907
851	-7.54906	-7.55303	0.000248658
852	-7.55983	-7.55304	0.000248495
853	-7.54461	-7.55303	0.0002484
854	-7.55242	-7.55303	0.00024811
855	-7.55655	-7.55303	0.000247854
856	-7.55477	-7.55304	0.000247573
857	-7.55093	-7.55303	0.000247296
858	-7.55878	-7.55304	0.000247099
859	-7.54835	-7.55303	0.000246871
860	-7.55859	-7.55304	0.000246669
861	-7.55719	-7.55305	0.000246429
862	-7.53977	-7.55303	0.000246625
863	-7.56606	-7.55305	0.0002468
864	-7.53984	-7.55303	0.000246988
865	-7.55667	-7.55303	0.000246738
866	-7.56477	-7.55305	0.000246825
867	-7.54496	-7.55304	0.000246716
868	-7.55495	-7.55304	0.000246442
869	-7.55839	-7.55305	0.000246235
870	-7.55215	-7.55305	0.000245954
871	-7.54763	-7.55304	0.00024575
872	-7.55923	-7.55305	0.000245571
873	-7.54747	-7.55304	0.000245373
874	-7.5537	-7.55304	0.000245093
875	-7.5517	-7.55304	0.000244818
876	-7.55803	-7.55305	0.000244605
877	-7.55658	-7.55305	0.000244359
878	-7.53719	-7.55303	0.000244747
879	-7.54745	-7.55302	0.000244551
880	-7.56225	-7.55304	0.000244498
881	-7.54911	-7.55303	0.000244261
882	-7.55605	-7.55303	0.000244008
883	-7.55844	-7.55304	0.000243808
884	-7.54334	-7.55303	0.00024378
885	-7.54929	-7.55303	0.000243541
886	-7.55627	-7.55303	0.000243293
887	-7.54215	-7.55302	0.000243328
888	-7.5631	-7.55303	0.000243319
889	-7.54085	-7.55301	0.000243431
890	-7.55821	-7.55302	0.000243227
891	-7.56044	-7.55303	0.000243097
892	-7.56118	-7.55304	0.000242996
893	-7.54559	-7.55303	0.000242867
894	-7.55427	-7.55303	0.000242599
895	-7.54607	-7.55302	0.000242453
896	-7.55471	-7.55302	0.000242189
897	-7.55812	-7.55303	0.000241986
898	-7.55669	-7.55303	0.000241751
899	-7.54692	-7.55303	0.000241578
900	-7.54423	-7.55302	0.000241507
901	-7.55756	-7.55302	0.000241291
902	-7.55829	-7.55303	0.000241095
903	-7.5505	-7.55303	0.000240844
904	-7.55384	-7.55303	0.000240579
905	-7.54895	-7.55302	0.000240355
906	-7.551	-7.55302	0.000240101
907	-7.55496	-7.55302	0.000239845
908	-7.55503	-7.55302	0.000239591
909	-7.54154	-7.55301	0.00023966
910	-7.56519	-7.55303	0.00023977
911	-7.54449	-7.55302	0.00023969
912	-7.53909	-7.553	0.000239913
913	-7.55972	-7.55301	0.000239763
914	-7.54886	-7.553	0.000239544
915	-7.55846	-7.55301	0.000239356
916	-7.55875	-7.55302	0.000239177
917	-7.5475	-7.55301	0.000238992
918	-7.56216	-7.55302	0.000238939
919	-7.54791	-7.55301	0.000238744
920	-7.54213	-7.553	0.000238777
921	-7.55494	-7.553	0.000238527
922	-7.56437	-7.55302	0.000238587
923	-7.54129	-7.553	0.000238667
924	-7.55553	-7.55301	0.000238424
925	-7.54145	-7.55299	0.000238494
926	-7.56076	-7.553	0.000238383
927	-7.55114	-7.553	0.000238135
928	-7.54787	-7.55299	0.000237942
929	-7.56432	-7.55301	0.000237998
930	-7.5469	-7.553	0.000237833
931	-7.55395	-7.553	0.00023758
932	-7.54855	-7.553	0.000237373
933	-7.54145	-7.55298	0.00023744
934	-7.56024	-7.55299	0.000237313
935	-7.55589	-7.553	0.00023708
936	-7.55793	-7.553	0.000236885
937	-7.55779	-7.55301	0.000236688
938	-7.55441	-7.55301	0.00023644
939	-7.54758	-7.553	0.000236259
940	-7.55763	-7.55301	0.000236059
941	-7.56005	-7.55301	0.000235927
942	-7.55437	-7.55302	0.000235681
943	-7.55937	-7.55302	0.000235527
944	-7.55712	-7.55303	0.000235318
945	-7.54815	-7.55302	0.000235125
946	-7.54651	-7.55301	0.000234978
947	-7.55215	-7.55301	0.000234731
948	-7.55843	-7.55302	0.000234553
949	-7.54847	-7.55301	0.000234355
950	-7.56714	-7.55303	0.00023458
951	-7.54197	-7.55302	0.000234621
952	-7.55361	-7.55302	0.000234376
953	-7.5558	-7.55302	0.000234148
954	-7.56	-7.55303	0.000234017
955	-7.54291	-7.55302	0.000234011
956	-7.56719	-7.55303	0.000234236
957	-7.53746	-7.55302	0.000234556
958	-7.55834	-7.55302	0.000234377
959	-7.55454	-7.55302	0.000234138
960	-7.54938	-7.55302	0.000233925
961	-7.54915	-7.55302	0.000233716
962	-7.55334	-7.55302	0.000233473
963	-7.5506	-7.55301	0.000233244
964	-7.54384	-7.553	0.000233196
965	-7.56907	-7.55302	0.000233549
966	-7.53938	-7.55301	0.000233734
967	-7.55639	-7.55301	0.000233518
968	-7.55294	-7.55301	0.000233277
969	-7.54969	-7.55301	0.000233061
970	-7.54556	-7.553	0.000232947
971	-7.56332	-7.55301	0.00023295
972	-7.54229	-7.553	0.000232971
973	-7.55646	-7.553	0.000232759
974	-7.54227	-7.55299	0.000232781
975	-7.55339	-7.55299	0.000232542
976	-7.55069	-7.55299	0.000232316
977	-7.54273	-7.55298	0.000232316
978	-7.56563	-7.55299	0.000232438
979	-7.55277	-7.55299	0.000232201
980	-7.55981	-7.553	0.000232068
981	-7.55036	-7.553	0.000231847
982	-7.55028	-7.55299	0.000231628
983	-7.55968	-7.553	0.000231492
984	-7.55167	-7.553	0.000231261
985	-7.55099	-7.553	0.000231035
986	-7.55033	-7.55299	0.000230816
987	-7.56238	-7.553	0.000230778
988	-7.55965	-7.55301	0.000230643
989	-7.55981	-7.55302	0.000230512
990	-7.55272	-7.55302	0.00023028
991	-7.55861	-7.55302	0.000230116
992	-7.55212	-7.55302	0.000229886
993	-7.55877	-7.55303	0.000229728
994	-7.5631	-7.55304	0.00022972
995	-7.56142	-7.55305	0.000229643
996	-7.53904	-7.55303	0.000229843
997	-7.55347	-7.55303	0.000229613
998	-7.55801	-7.55304	0.000229437
999	-7.54783	-7.55303	0.000229267
1000	-7.56502	-7.55304	0.00022935
