       -0.271955        -1.86932       0.0660524
       -0.554977       -0.812877        0.359812
         1.87079        0.963357         1.15012
       -0.256796        0.440328       -0.554175
        0.836079          -1.563        0.157786
        0.380772         1.84672         -1.0521
        0.161913       -0.857816       -0.249501
       -0.802043         0.43704        0.305017
       -0.115324        0.504678        0.166199
        -1.08486      -0.0818374         -1.2513
        0.655573        -1.71822       0.0818793
       0.0720831       -0.570354       -0.784432
       -0.211038      -0.0846029         0.98061
       -0.695639     -0.00504085        0.436224
        0.109481        0.399398        0.436367
        0.771445         1.02087         1.59853
        -1.07084         1.04316        -1.06187
       0.0563626       -0.590621       -0.248212
       -0.108486        -1.38544        0.459127
       0.0777915        -1.50717        -1.14952
        0.233542       -0.195599      -0.0262719
        0.669781        -1.21321       -0.159071
         -1.2141        0.115346         1.48633
       -0.763814       -0.989481          1.7642
         1.71624        0.395318        -1.03013
       0.0610496       0.0641946        -0.78845
         1.81353        0.280991       -0.587659
        -1.37993        0.883261        0.163747
         1.05311        -1.43693       -0.480083
        0.712123        -1.11855       0.0334766
       -0.501636       -0.819193      -0.0745668
        0.341612         0.86109       0.0602035
        0.278932        0.349322        0.621784
        -1.53281       -0.640554         0.12232
         1.58995        0.118652         2.48056
        -0.90041       -0.379737         1.10358
        0.983861        0.407708        -1.13499
        0.840182        0.151386        -1.41228
       -0.526852      0.00632167       -0.419505
       -0.674206         1.58957        -0.39373
        -1.54776       -0.724512       -0.496022
        0.158974        0.312761        -1.12625
        -0.50495         1.39124       -0.355897
        0.693499       0.0291966       -0.838686
        -1.31983         1.20128       -0.340499
       -0.838216       -0.742768        0.132168
          1.2749        0.218751         1.25595
        0.200662       -0.409754       -0.341676
       -0.374285        0.575729        0.759403
       -0.676796        0.337984        0.156714
        0.539671        0.119402        -0.19936
       -0.405792       -0.533821         1.01796
        -1.86065       0.0597153        0.169934
       -0.143846         1.23619       -0.260752
         1.04239       -0.632461     -0.00494322
        0.355778       -0.993624        0.103861
       -0.552841       0.0172936       -0.482971
       -0.485083        0.288079       -0.211359
         1.54368        -1.21871         0.41209
       -0.893681      -0.0147052       -0.415964
       -0.091727       -0.652121        0.178662
         1.20782         1.42666       -0.547824
         1.39939        0.558318        0.566249
        0.100812        0.359507        0.648304
       -0.161158       -0.869737         1.28546
       -0.605711        0.841184       0.0800449
        0.883585      0.00128905        -1.69932
       -0.108864         1.54558       -0.407559
        -1.97303         1.26916       -0.367372
        0.616711        0.605915        0.168647
       -0.871611       -0.204779       -0.250812
       0.0614847       -0.212547        0.697527
      -0.0409559        0.374605       -0.961089
      -0.0501494        0.956318        -0.39616
       -0.615813        -2.05537         1.36979
       -0.322189       -0.329336       -0.421269
         1.02205         -1.2299        0.338392
       -0.708959        0.126093        0.471795
         0.96923        0.266111        0.203012
       -0.362401       -0.455233         -1.4005
        0.871344        -1.13966          1.0938
       -0.114495         1.19044        -1.49316
         1.03836       -0.253113        -0.20424
         1.62685        -0.37581        -1.10525
         1.46427       -0.729294        0.793781
       -0.716329        0.293569        0.493321
       -0.457603       -0.250068         1.67464
       -0.435862        0.645868         1.22451
        0.231062        0.370727       -0.217141
         1.82736        0.922156        0.151248
       -0.422145        -1.15683       -0.110602
         1.40804       -0.370038        0.693632
       -0.505197       -0.552552         0.54292
         1.18123        -0.34298      0.00161059
       -0.454715        0.466127        0.572561
        0.164855       -0.616475        -0.83711
       -0.502747         1.86788        -1.08878
        -0.24536        -0.47124        -1.68175
        -1.20509        0.271213      -0.0419872
       -0.944657      -0.0405158       -0.849823
        -1.65356        0.416002         0.82967
        -1.06857         0.48432      -0.0128652
        0.572138        0.206987       -0.135125
        -1.02576       -0.230711       -0.813958
        -1.68617       -0.644114        0.794482
        0.730164         1.42844       -0.417705
         1.37097         -0.8301        0.835068
       -0.223208         2.56164       -0.357475
