0.973757	0	0.999074	0
0.970898	0.00285858	0.999505	0.000430748
0.987183	0.0163677	1.00047	0.000999555
0.98845	0.0116429	0.99989	0.000916503
0.989233	0.00905247	0.999791	0.000716765
0.992687	0.00815823	0.999993	0.0006192
0.997532	0.00842732	0.999791	0.000560928
0.996616	0.0073555	0.999583	0.000528566
0.995797	0.00653845	0.999564	0.000466512
0.995866	0.00584858	0.999528	0.000418846
0.997098	0.00543185	0.999624	0.00039091
0.995827	0.00511889	0.99964	0.000357203
0.996509	0.00475769	0.999726	0.000339669
0.997142	0.00445011	0.999586	0.000344262
0.995349	0.00451428	0.999564	0.000321234
0.995085	0.00423096	0.999625	0.000306613
0.997299	0.00454927	0.999679	0.000293071
0.998289	0.00440186	0.999744	0.000283856
0.997285	0.00428291	0.999807	0.000275775
0.998174	0.00415911	0.999753	0.000267202
0.998835	0.00401102	0.999819	0.000262567
0.998652	0.00382875	0.999872	0.000255965
0.999437	0.00374188	0.999863	0.000244766
0.999258	0.00358707	0.999857	0.00023441
0.998678	0.00348912	0.999888	0.000226929
0.998381	0.00336537	0.999954	0.000227797
0.999086	0.00331411	0.999931	0.000220457
0.999124	0.00319379	0.999928	0.000212453
0.998516	0.00314122	0.999943	0.000205549
0.998216	0.00304946	1	0.000206831
0.997432	0.00305183	1.00001	0.000200099
0.996821	0.00301751	1.00002	0.000194226
0.997842	0.0030978	1.00002	0.000188249
0.998289	0.00303829	1	0.000183669
0.998054	0.00295952	1.00002	0.000179425
0.998487	0.00290853	1.00002	0.000174369
0.998756	0.00284163	0.999998	0.000170919
0.998341	0.00279683	0.999996	0.000166386
0.998158	0.00273036	1.00001	0.000163209
0.998478	0.00268041	1.00001	0.000159223
0.998203	0.00262864	1.00002	0.000155715
0.998444	0.00257665	1.00001	0.000152232
0.998865	0.00255091	1.00002	0.000148967
0.999306	0.00253099	1.00005	0.000148796
0.999398	0.00247582	1.00004	0.000145714
0.999663	0.00243592	1.00002	0.000144003
0.999269	0.00241597	1.00002	0.000141051
0.999124	0.00236952	0.99998	0.000142419
0.99946	0.00234482	0.999966	0.000140236
0.99927	0.00230528	0.999972	0.000137521
0.9993	0.00225982	0.99999	0.000136038
0.9992	0.00221817	1.00001	0.000134715
0.999463	0.00219172	1.00004	0.000136852
0.999553	0.00215262	1.00003	0.000134935
0.999895	0.00214073	1.00004	0.000132891
1.00025	0.00213111	1.00005	0.000130625
0.999777	0.0021452	1.00005	0.000128329
0.999579	0.00211716	1.00005	0.000126397
0.999475	0.00208355	1.00003	0.000126707
0.999417	0.00204935	1.00004	0.000125451
0.99922	0.00202514	1.00007	0.000125178
0.999166	0.00199294	1.00007	0.000123184
0.998866	0.00198379	1.00008	0.000121716
0.998607	0.00196966	1.00009	0.000120784
0.998578	0.00193935	1.0001	0.000118911
0.998363	0.0019218	1.00009	0.000117328
0.998464	0.0018956	1.0001	0.000116484
0.99823	0.00188203	1.00009	0.000115219
0.998176	0.00185535	1.00008	0.000114382
0.997954	0.0018421	1.00006	0.000114248
0.997874	0.00181774	1.00006	0.000112687
0.997922	0.00179297	1.00006	0.000111152
0.997752	0.00177648	1.00005	0.000109691
0.99779	0.00175274	1.00006	0.000108639
0.997594	0.00174027	1.00008	0.000108244
0.997785	0.00172776	1.00007	0.000106963
0.997951	0.00171326	1.00008	0.000105933
0.998124	0.00169994	1.00011	0.000106937
0.998096	0.00167852	1.0001	0.00010572
0.998118	0.00165754	1.0001	0.000104392
0.997945	0.00164599	1.00009	0.000103916
0.998277	0.00165929	1.00009	0.000102797
0.998263	0.00163923	1.00009	0.000101557
0.998218	0.00162024	1.00011	0.00010172
0.998122	0.0016039	1.00013	0.000102221
0.998078	0.00158575	1.00014	0.00010178
0.998105	0.00156765	1.00014	0.000100639
0.998273	0.00155876	1.00014	9.9509e-05
0.998708	0.00160142	1.00014	9.85642e-05
0.998684	0.00158371	1.00014	9.77223e-05
0.998575	0.00156999	1.00015	9.71092e-05
0.99844	0.00155865	1.00014	9.64956e-05
0.998662	0.00155766	1.00015	9.55194e-05
0.998591	0.00154267	1.00013	9.55892e-05
0.998936	0.00156493	1.00013	9.47284e-05
0.999102	0.00155746	1.00013	9.37388e-05
0.999047	0.00154231	1.00013	9.28234e-05
0.998983	0.00152784	1.00011	9.4811e-05
0.998972	0.00151238	1.00011	9.39542e-05
0.998773	0.00151032	1.0001	9.33824e-05
0.998634	0.00150169	1.00011	9.26853e-05
0.99878	0.00149406	1.0001	9.25345e-05
0.998985	0.00149359	1.0001	9.16335e-05
0.999108	0.00148427	1.0001	9.08388e-05
0.999075	0.00147044	1.00011	9.02283e-05
0.998912	0.00146553	1.0001	8.99623e-05
0.998734	0.00146268	1.00009	8.94656e-05
0.998779	0.00144976	1.00009	8.87073e-05
0.99883	0.00143734	1.0001	8.78984e-05
0.998893	0.00142557	1.0001	8.70975e-05
0.998962	0.00141434	1.0001	8.64244e-05
0.999107	0.00140922	1.0001	8.56496e-05
0.999361	0.0014196	1.00008	8.70943e-05
0.999345	0.00140719	1.00009	8.66596e-05
0.99955	0.00140993	1.00009	8.59041e-05
0.999542	0.00139774	1.0001	8.55371e-05
0.999583	0.00138634	1.00008	8.57219e-05
0.999384	0.00138882	1.00007	8.58957e-05
0.999468	0.00137966	1.00007	8.5355e-05
0.999621	0.0013766	1.00007	8.46418e-05
0.999586	0.00136562	1.00007	8.43098e-05
0.999664	0.00135661	1.00008	8.36837e-05
0.999689	0.00134578	1.00009	8.35463e-05
0.999718	0.00133519	1.00009	8.28701e-05
0.999716	0.00132446	1.00009	8.22119e-05
0.999615	0.00131779	1.00009	8.17176e-05
0.999705	0.00131046	1.00009	8.10719e-05
0.999767	0.00130163	1.0001	8.05063e-05
0.999821	0.00129265	1.00009	8.01859e-05
0.999577	0.00130563	1.00009	7.96635e-05
0.999613	0.00129611	1.00008	7.97052e-05
0.999627	0.00128633	1.00007	7.968e-05
0.999724	0.00128034	1.00007	7.90817e-05
0.999737	0.00127081	1.00007	7.84926e-05
0.999741	0.00126137	1.00007	7.80549e-05
0.999813	0.00125412	1.00008	7.77215e-05
0.999957	0.0012532	1.00007	7.73245e-05
0.999897	0.00124549	1.00008	7.69422e-05
0.99976	0.00124409	1.00008	7.63937e-05
0.99988	0.00124095	1.00008	7.62029e-05
0.999863	0.00123223	1.00009	7.57074e-05
0.999959	0.00122722	1.00008	7.51954e-05
0.999887	0.00122073	1.00008	7.46698e-05
0.999936	0.00121322	1.00008	7.42667e-05
1.00003	0.0012088	1.00008	7.38993e-05
1.00004	0.00120051	1.00008	7.34202e-05
1.0001	0.00119396	1.00009	7.31548e-05
1.00006	0.00118661	1.00009	7.27482e-05
1.00001	0.00117975	1.00009	7.24398e-05
0.999858	0.00118178	1.00009	7.21114e-05
0.99992	0.00117558	1.00009	7.17167e-05
1.00004	0.0011737	1.0001	7.1548e-05
1.00012	0.00116928	1.0001	7.17048e-05
1.00002	0.00116655	1.0001	7.13289e-05
0.999997	0.00115919	1.00011	7.10918e-05
1.00005	0.00115287	1.0001	7.09871e-05
1.00004	0.00114553	1.00009	7.09186e-05
1.00009	0.0011392	1.00009	7.05234e-05
1.00025	0.00114312	1.00009	7.00787e-05
1.00035	0.00114114	1.00009	6.9644e-05
1.00024	0.00113967	1.00008	6.9981e-05
1.00009	0.00114242	1.00008	6.95986e-05
1.00023	0.00114419	1.00009	6.96041e-05
1.00022	0.00113727	1.00008	6.94614e-05
1.00006	0.00114215	1.00008	6.9048e-05
0.999901	0.00114584	1.00009	6.87719e-05
0.999825	0.00114153	1.00009	6.83666e-05
0.999698	0.0011418	1.00008	6.83701e-05
0.999862	0.00114681	1.00008	6.80247e-05
0.999664	0.00115709	1.00008	6.76318e-05
0.999655	0.00115034	1.00008	6.73431e-05
0.999643	0.00114369	1.00008	6.69878e-05
0.999727	0.00114016	1.00007	6.68736e-05
0.999782	0.00113492	1.00007	6.66084e-05
0.999761	0.00112861	1.00007	6.62786e-05
0.999798	0.00112278	1.00007	6.5917e-05
0.999813	0.00111651	1.00007	6.55783e-05
0.999868	0.0011116	1.00007	6.5214e-05
0.999773	0.00110948	1.00007	6.4887e-05
0.999695	0.00110606	1.00006	6.48232e-05
0.999716	0.00110013	1.00006	6.48703e-05
0.999715	0.00109407	1.00006	6.45136e-05
0.999615	0.00109262	1.00005	6.43947e-05
0.999569	0.00108765	1.00005	6.40504e-05
0.99959	0.00108195	1.00004	6.41876e-05
0.999554	0.00107673	1.00005	6.46793e-05
0.999569	0.00107107	1.00006	6.43858e-05
0.999708	0.00107439	1.00005	6.40913e-05
0.999601	0.00107409	1.00005	6.40818e-05
0.999678	0.0010712	1.00005	6.38073e-05
0.999687	0.00106562	1.00005	6.35655e-05
0.99968	0.00106008	1.00005	6.32516e-05
0.999742	0.00105639	1.00005	6.30426e-05
0.999765	0.00105119	1.00006	6.32123e-05
0.999818	0.00104713	1.00005	6.34612e-05
0.999757	0.00104355	1.00005	6.32212e-05
0.999877	0.00104506	1.00005	6.29275e-05
0.999862	0.00103987	1.00006	6.29585e-05
1.00004	0.00105036	1.00005	6.26452e-05
1.00004	0.0010451	1.00006	6.26992e-05
0.99991	0.00104796	1.00006	6.24671e-05
0.999894	0.00104289	1.00006	6.22097e-05
0.999991	0.00104221	1.00006	6.19026e-05
1.00008	0.00104116	1.00006	6.16545e-05
1.00017	0.00103995	1.00006	6.14821e-05
1.00017	0.00103489	1.00006	6.11893e-05
1.00017	0.00102988	1.00006	6.08931e-05
1.0001	0.00102726	1.00006	6.06321e-05
1.0001	0.00102234	1.00005	6.07196e-05
1.00008	0.00101754	1.00005	6.06418e-05
1.00002	0.00101452	1.00004	6.10283e-05
0.999883	0.00101951	1.00004	6.09355e-05
0.999931	0.00101583	1.00004	6.06494e-05
0.999924	0.00101109	1.00003	6.03775e-05
1.00006	0.00101501	1.00004	6.01279e-05
0.99997	0.001014	1.00003	5.99708e-05
1.00002	0.00101056	1.00003	5.96942e-05
1.00008	0.00100772	1.00003	5.94384e-05
1.00013	0.00100436	1.00003	5.93072e-05
1.00009	0.00100042	1.00002	5.90642e-05
1.00011	0.000996041	1.00002	5.88324e-05
1.00017	0.00099334	1.00001	5.97267e-05
1.00019	0.000989085	1.00001	5.95019e-05
1.00016	0.000985091	1.00001	5.92649e-05
1.00002	0.000990815	1	5.90652e-05
0.99996	0.000988335	1.00001	5.89263e-05
0.999895	0.00098616	1.00001	5.86662e-05
0.999806	0.000985849	1.00001	5.84689e-05
0.999859	0.000982974	1	5.82384e-05
0.999893	0.000979282	1	5.79873e-05
0.999984	0.000979239	1	5.77649e-05
1.00008	0.000979768	1	5.75208e-05
1.00003	0.000976598	0.999998	5.73054e-05
1.00011	0.000975	1	5.7189e-05
1.00006	0.000972089	1	5.69465e-05
1.0001	0.000968729	1	5.6726e-05
1.00013	0.000965167	1	5.64874e-05
1.00021	0.000964801	1.00001	5.62543e-05
1.00027	0.000962344	1	5.60247e-05
1.00018	0.000961994	1.00001	5.58568e-05
1.00018	0.000958016	1	5.57695e-05
1.00015	0.000954562	1	5.56077e-05
1.00012	0.00095091	1.00001	5.5655e-05
1.00018	0.000948948	1.00001	5.54265e-05
1.00009	0.000949483	1	5.54002e-05
1.00006	0.000946007	1.00001	5.53876e-05
1.0001	0.00094284	1.00001	5.54022e-05
1.00007	0.000939508	1.00001	5.52508e-05
0.999998	0.000938445	1.00001	5.51235e-05
1.0001	0.000940727	0.999999	5.5264e-05
1.00015	0.000938089	1	5.50494e-05
1.00011	0.000935193	0.999996	5.49439e-05
1.00013	0.000931608	0.999996	5.47268e-05
1.00003	0.000933162	0.999996	5.45111e-05
1.00007	0.000930668	0.999997	5.43087e-05
1.00007	0.000927037	0.999995	5.41455e-05
1.00014	0.000925938	0.999991	5.40811e-05
1.00021	0.000925115	0.999991	5.38745e-05
1.00033	0.000929478	0.999994	5.37302e-05
1.00038	0.000927097	0.999992	5.35423e-05
1.00033	0.000924896	0.999995	5.33809e-05
1.0003	0.000921763	0.999992	5.32176e-05
1.00037	0.000921083	0.999987	5.33278e-05
1.00034	0.0009183	0.999987	5.3127e-05
1.0003	0.000915623	0.999989	5.29697e-05
1.00031	0.000912283	0.999987	5.28125e-05
1.00021	0.000914071	0.999986	5.26224e-05
1.00018	0.000911343	0.999982	5.25747e-05
1.00019	0.000907981	0.999984	5.23941e-05
1.00021	0.000904884	0.999981	5.22434e-05
1.00019	0.00090179	0.99998	5.20609e-05
1.00025	0.00090075	0.999981	5.18726e-05
1.00023	0.000897615	0.999976	5.18904e-05
1.00031	0.000897904	0.999979	5.17746e-05
1.00035	0.000895454	0.999983	5.17307e-05
1.00041	0.00089428	0.999981	5.15642e-05
1.00043	0.000891217	0.999981	5.13854e-05
1.00036	0.000890546	0.999978	5.12603e-05
1.00033	0.00088792	0.999977	5.10866e-05
1.00024	0.00088961	0.999972	5.1178e-05
1.00024	0.000886439	0.999962	5.19261e-05
1.00017	0.000885896	0.999962	5.17416e-05
1.00018	0.000882795	0.999957	5.1805e-05
1.00025	0.000882349	0.999957	5.16225e-05
1.00025	0.000879248	0.999956	5.14555e-05
1.00026	0.00087628	0.99996	5.15054e-05
1.00028	0.00087346	0.999962	5.13499e-05
1.00031	0.000870727	0.999957	5.1464e-05
1.00026	0.000869104	0.999954	5.13652e-05
1.00023	0.000866448	0.999954	5.11878e-05
1.00025	0.000863644	0.999953	5.10179e-05
1.00023	0.000860981	0.99995	5.09407e-05
1.00019	0.000859014	0.999951	5.07942e-05
1.00019	0.000856105	0.99996	5.13733e-05
1.00015	0.000854177	0.999959	5.12121e-05
1.00022	0.000853906	0.999958	5.10425e-05
1.00014	0.000854148	0.999959	5.0872e-05
1.00016	0.000851378	0.999962	5.07947e-05
1.00015	0.000848534	0.999962	5.06275e-05
1.00018	0.000845992	0.999967	5.06665e-05
1.00019	0.000843359	0.999968	5.05024e-05
1.00023	0.000841241	0.999976	5.10562e-05
1.00019	0.000839123	0.999972	5.10714e-05
1.00029	0.000842274	0.999969	5.09792e-05
1.00027	0.000839821	0.99997	5.08203e-05
1.00027	0.000837076	0.999967	5.07349e-05
1.00032	0.000836011	0.999966	5.0587e-05
1.00032	0.000833306	0.999966	5.04226e-05
1.00026	0.000832567	0.999965	5.02737e-05
1.00021	0.000831026	0.999966	5.01414e-05
1.00021	0.000828351	0.999962	5.01339e-05
1.00018	0.000826327	0.999964	4.99937e-05
1.00006	0.000832502	0.999967	4.99271e-05
1.00006	0.000829854	0.999973	5.00956e-05
0.999979	0.000830811	0.999973	4.99433e-05
0.99996	0.000828395	0.999973	4.97896e-05
0.999993	0.000826437	0.999974	4.96584e-05
0.999938	0.00082564	0.999972	4.95493e-05
0.999981	0.000824145	0.99997	4.94468e-05
0.999923	0.000823571	0.999971	4.9299e-05
0.999869	0.000822788	0.999968	4.92448e-05
0.999936	0.000822975	0.99997	4.91543e-05
0.999982	0.000821707	0.999969	4.90204e-05
0.999995	0.000819263	0.999968	4.88701e-05
1.00005	0.000818338	0.99997	4.87612e-05
1	0.000817094	0.999968	4.86713e-05
0.999994	0.000814612	0.999968	4.85236e-05
0.999932	0.000814531	0.99997	4.84195e-05
0.999873	0.00081416	0.99997	4.82795e-05
0.999941	0.000814549	0.999973	4.82934e-05
0.999948	0.000812108	0.999974	4.81528e-05
0.999986	0.000810571	0.999977	4.81013e-05
0.99993	0.000810049	0.999976	4.79795e-05
0.999902	0.000808123	0.999976	4.78388e-05
0.999946	0.000806934	0.999972	4.78862e-05
0.999966	0.000804766	0.999966	4.80697e-05
0.999963	0.000802379	0.999971	4.81831e-05
0.999958	0.000800022	0.99997	4.8074e-05
1.00006	0.000804689	0.999971	4.79649e-05
0.999978	0.000806897	0.999974	4.78918e-05
1.00001	0.00080517	0.999976	4.77858e-05
0.999999	0.000802888	0.999977	4.76557e-05
0.99999	0.000800599	0.999976	4.75194e-05
1.00001	0.000798465	0.999978	4.74065e-05
1.00005	0.000797144	0.999981	4.73765e-05
1.00003	0.00079508	0.99998	4.72546e-05
1.00003	0.000792792	0.999979	4.71196e-05
0.999979	0.000792225	0.999984	4.71799e-05
0.999946	0.000790651	0.999982	4.70593e-05
1.00002	0.000791602	0.999984	4.69399e-05
1.00002	0.000789373	0.999981	4.69093e-05
1	0.000787382	0.99998	4.67853e-05
1.00006	0.000786939	0.999977	4.67301e-05
1.00004	0.000784829	0.999977	4.65979e-05
1.00003	0.000782671	0.999982	4.67842e-05
1.00005	0.000780622	0.999984	4.66662e-05
1.00008	0.000779032	0.999984	4.65353e-05
1.00004	0.000778097	0.999984	4.64061e-05
1.0001	0.000778352	0.999986	4.63381e-05
1.00011	0.000776229	0.999985	4.62409e-05
1.00017	0.000776817	0.999983	4.61272e-05
1.00024	0.000777374	0.999983	4.59997e-05
1.00027	0.000776065	0.999983	4.58762e-05
1.00028	0.000773998	0.999988	4.6024e-05
1.00025	0.000772366	0.999991	4.59853e-05
1.0003	0.000771495	0.999992	4.58807e-05
1.00032	0.000769602	0.999991	4.57605e-05
1.00034	0.000767912	0.999994	4.56901e-05
1.0004	0.000768295	0.999993	4.55677e-05
1.00043	0.000766808	0.999991	4.55099e-05
1.00036	0.000767715	0.99999	4.53969e-05
1.00032	0.000767158	0.999993	4.53866e-05
1.00031	0.00076519	0.999993	4.52661e-05
1.00032	0.000763374	0.999995	4.51662e-05
1.0003	0.00076167	0.999994	4.50599e-05
1.0003	0.000759644	0.999996	4.50154e-05
1.00029	0.000757641	1	4.5108e-05
1.00035	0.000757598	0.999998	4.50672e-05
1.00034	0.000755621	0.999998	4.49493e-05
1.00035	0.000753682	0.999997	4.48473e-05
1.00035	0.000751704	0.999996	4.47386e-05
1.00032	0.000750465	0.999994	4.46919e-05
1.00023	0.00075336	0.999993	4.45796e-05
1.00024	0.000751511	0.999995	4.44913e-05
1.0002	0.000751072	0.999992	4.44462e-05
1.00017	0.000749628	0.999988	4.44911e-05
1.00017	0.000747699	0.99999	4.43936e-05
1.00018	0.000745916	0.999996	4.47695e-05
1.00015	0.000744457	0.999992	4.48347e-05
1.00023	0.000746389	0.999993	4.47235e-05
1.00029	0.000747158	0.999995	4.46492e-05
1.00031	0.000745374	0.999994	4.45413e-05
1.00028	0.000743847	0.999989	4.46575e-05
1.0003	0.000742191	0.999988	4.45571e-05
1.00033	0.000740855	0.99999	4.44665e-05
1.00037	0.00073992	0.999991	4.43647e-05
1.00039	0.000738404	0.999991	4.4253e-05
1.00041	0.000736796	0.999989	4.41735e-05
1.00042	0.000735044	0.99999	4.40874e-05
1.00045	0.000733751	0.999993	4.40645e-05
1.00045	0.000731928	0.999995	4.39979e-05
1.0005	0.000732028	0.999996	4.389e-05
1.00047	0.000730858	0.999997	4.38116e-05
1.00057	0.000735814	0.999995	4.37391e-05
1.0005	0.000736687	0.999995	4.36345e-05
1.00043	0.000738254	0.999996	4.35392e-05
1.0004	0.000737351	0.999995	4.34363e-05
1.00038	0.000735785	0.999995	4.33299e-05
1.00045	0.000737127	0.999999	4.33348e-05
1.00045	0.000735327	0.999996	4.32986e-05
1.00052	0.000736803	0.999992	4.33551e-05
1.00057	0.000737103	0.99999	4.33091e-05
1.00054	0.000735869	0.999991	4.32111e-05
1.00055	0.000734115	0.999991	4.31076e-05
1.00059	0.000733447	0.99999	4.30113e-05
1.00059	0.000731682	0.999985	4.31531e-05
1.00057	0.000730069	0.999983	4.30818e-05
1.00061	0.000729294	0.999984	4.29805e-05
1.00056	0.000729086	0.999982	4.29051e-05
1.00054	0.00072779	0.99998	4.28615e-05
1.00053	0.000726109	0.999978	4.28089e-05
1.00052	0.000724483	0.999977	4.27115e-05
1.00052	0.000722776	0.999978	4.26109e-05
1.00055	0.000721598	0.999978	4.25112e-05
1.00052	0.000720706	0.999978	4.24119e-05
1.00049	0.000719352	0.999979	4.23458e-05
1.0005	0.000717749	0.999976	4.24203e-05
1.00049	0.000716159	0.999977	4.23647e-05
1.00051	0.000714737	0.999975	4.23318e-05
1.00047	0.00071437	0.999972	4.23648e-05
1.00047	0.00071271	0.999968	4.24346e-05
1.00053	0.000714076	0.99997	4.2387e-05
1.00051	0.000712926	0.999972	4.23492e-05
1.00051	0.000711321	0.999974	4.22691e-05
1.00046	0.00071206	0.999973	4.21745e-05
1.00042	0.000711446	0.999972	4.20846e-05
1.00047	0.000711938	0.999973	4.19895e-05
1.00046	0.000710441	0.999972	4.18967e-05
1.00044	0.000709109	0.999972	4.18012e-05
1.00044	0.000707504	0.999971	4.17215e-05
1.00049	0.000707438	0.999972	4.16308e-05
1.00049	0.000705844	0.999973	4.15661e-05
1.00051	0.000704536	0.999978	4.17045e-05
1.00048	0.000703292	0.999977	4.16122e-05
1.00049	0.000701713	0.999977	4.15194e-05
1.00043	0.000702345	0.999978	4.14361e-05
1.00044	0.000700796	0.99998	4.13657e-05
1.00041	0.000699858	0.999978	4.13e-05
1.00038	0.00069877	0.999977	4.12237e-05
1.00039	0.00069732	0.999976	4.11563e-05
1.00034	0.000697547	0.999977	4.11063e-05
1.00031	0.000696873	0.999977	4.10217e-05
1.00035	0.000696779	0.999979	4.09938e-05
1.00035	0.000695251	0.999981	4.09773e-05
1.00034	0.000693761	0.99998	4.0902e-05
1.00028	0.00069546	0.999979	4.08373e-05
1.00032	0.000695495	0.999979	4.07486e-05
1.00031	0.000694168	0.999978	4.06606e-05
1.00033	0.000692982	0.999982	4.07588e-05
1.00033	0.000691478	0.999983	4.06838e-05
1.00027	0.000692414	0.99998	4.07114e-05
1.00024	0.000691477	0.999981	4.06241e-05
1.0002	0.000691112	0.999982	4.05738e-05
1.00022	0.000689828	0.999982	4.04867e-05
1.00029	0.000692225	0.999984	4.04291e-05
1.00027	0.000691333	0.999985	4.0363e-05
1.00034	0.000693906	0.999984	4.02816e-05
1.00034	0.000692424	0.999984	4.01955e-05
1.00035	0.000691027	0.999987	4.01793e-05
1.00031	0.000691062	0.999989	4.01867e-05
1.0003	0.000689636	0.999988	4.01266e-05
1.00033	0.000688698	0.999989	4.00487e-05
1.00034	0.000687299	0.999988	3.99686e-05
1.00031	0.000686308	0.99999	3.99139e-05
1.00034	0.000685495	0.999992	3.98869e-05
1.0003	0.000685253	0.999992	3.98041e-05
1.00031	0.000683857	0.999991	3.97455e-05
1.0003	0.0006825	0.999991	3.96623e-05
1.00029	0.000681165	0.999991	3.95798e-05
1.00027	0.000680033	0.999992	3.95328e-05
1.00022	0.000680202	0.999994	3.94757e-05
1.00023	0.00067885	0.999991	3.94707e-05
1.00016	0.000680497	0.999993	3.94546e-05
1.00016	0.000679132	0.999994	3.93839e-05
1.00014	0.000678075	0.999996	3.93296e-05
1.00017	0.000677517	0.999997	3.92605e-05
1.0002	0.000676782	0.999998	3.91998e-05
1.00026	0.00067822	0.999996	3.91557e-05
1.00027	0.000676917	0.999996	3.90763e-05
1.00026	0.000675573	0.999994	3.90396e-05
1.00023	0.000675161	0.999998	3.91798e-05
1.00019	0.000675017	0.999996	3.91706e-05
1.00024	0.000675753	0.999993	3.91862e-05
1.00024	0.000674408	0.999994	3.91086e-05
1.00024	0.000673088	0.999994	3.90326e-05
1.00023	0.00067182	0.999994	3.89586e-05
1.00022	0.000670601	0.999992	3.89203e-05
1.00022	0.000669283	0.999989	3.89225e-05
1.0002	0.000668338	0.999988	3.88583e-05
1.00021	0.000667015	0.999991	3.88733e-05
1.00019	0.000665785	0.999992	3.87996e-05
1.00023	0.000665396	0.999995	3.88475e-05
1.00018	0.000665898	0.999994	3.87825e-05
1.0002	0.000664848	0.999992	3.87377e-05
1.0002	0.000663534	0.999991	3.86792e-05
1.00023	0.000662791	0.999993	3.86546e-05
1.00025	0.000661726	0.999995	3.86167e-05
1.00027	0.000660929	0.999995	3.85494e-05
1.00018	0.000665938	0.999994	3.85101e-05
1.00017	0.000664702	0.999995	3.8445e-05
1.00018	0.000663433	0.999998	3.85519e-05
1.00022	0.000663404	0.999999	3.84787e-05
1.00022	0.000662109	0.999999	3.8404e-05
1.00022	0.000660838	0.999999	3.83365e-05
1.00018	0.000661139	1	3.8372e-05
1.00015	0.00066041	1	3.8302e-05
1.00014	0.00065917	1	3.82435e-05
1.00017	0.000658491	1.00001	3.81934e-05
1.00014	0.000657827	1.00001	3.81514e-05
1.00018	0.000657634	1.00001	3.80837e-05
1.00015	0.000656926	1.00001	3.80108e-05
1.00014	0.000655782	1.00001	3.79381e-05
1.00012	0.000654852	1.00001	3.78768e-05
1.00014	0.000653879	1.00001	3.78069e-05
1.00012	0.000652846	1	3.78566e-05
1.00016	0.000652852	1	3.77894e-05
1.0002	0.000652393	1	3.77347e-05
1.00019	0.000651229	1	3.7685e-05
1.00017	0.000650231	1	3.76149e-05
1.00018	0.000649093	1	3.75439e-05
1.00018	0.00064787	1	3.75261e-05
1.00017	0.000646788	1.00001	3.76242e-05
1.00017	0.000645575	1.00001	3.75552e-05
1.00016	0.00064437	1.00001	3.74912e-05
1.00014	0.000643696	1.00001	3.74768e-05
1.00008	0.000644805	1.00001	3.74099e-05
1.00012	0.000644794	1.00001	3.73403e-05
1.00012	0.000643595	1.00001	3.72709e-05
1.00007	0.000644283	1.00001	3.72704e-05
1.00009	0.000643368	1.00001	3.72027e-05
1.00004	0.000643981	1.00001	3.71374e-05
1.00005	0.000642807	1.00001	3.71084e-05
1.00004	0.000641647	1.00001	3.704e-05
1.00003	0.000640585	1.00001	3.7028e-05
1.00004	0.000639504	1.00001	3.69758e-05
1.00002	0.000638835	1.00001	3.69872e-05
1.00003	0.000637929	1.00001	3.69292e-05
0.999994	0.000638038	1.00001	3.68628e-05
0.999991	0.000636882	1.00001	3.67968e-05
0.999937	0.00063808	1.00001	3.67973e-05
0.999983	0.000638639	1.00001	3.67312e-05
0.999975	0.000637541	1.00001	3.67142e-05
0.999974	0.000636387	1.00001	3.66985e-05
0.999954	0.000635547	1.00001	3.66323e-05
0.999927	0.000634974	1.00001	3.65713e-05
0.999966	0.000635015	1.00001	3.65092e-05
1.00001	0.000635775	1.00001	3.64467e-05
1.00005	0.000635557	1.00001	3.6403e-05
1	0.000636261	1.00001	3.64055e-05
1.00001	0.000635244	1.00002	3.63838e-05
1.00002	0.000634196	1.00001	3.63555e-05
0.999967	0.000635585	1.00001	3.6298e-05
0.999958	0.000634512	1.00001	3.62399e-05
0.999991	0.000634227	1.00001	3.61756e-05
0.999989	0.000633108	1.00002	3.61395e-05
0.999986	0.000631995	1.00002	3.60782e-05
0.999976	0.000630961	1.00002	3.60146e-05
0.999981	0.00062987	1.00001	3.59544e-05
0.999979	0.000628765	1.00001	3.5923e-05
1.00001	0.000628301	1.00001	3.59505e-05
0.999996	0.000627294	1.00001	3.58945e-05
1	0.000626237	1.00001	3.58335e-05
0.999977	0.000625688	1.00001	3.58032e-05
0.999939	0.000625753	1.00001	3.58498e-05
0.999927	0.000624789	1.00002	3.59445e-05
0.999884	0.00062519	1.00002	3.58873e-05
0.999866	0.000624364	1.00001	3.60535e-05
0.999827	0.000624444	1.00001	3.5995e-05
0.999795	0.000624192	1.00001	3.59356e-05
0.999775	0.000623452	1.00001	3.59132e-05
0.999821	0.000624102	1.00002	3.59276e-05
0.999841	0.000623327	1.00002	3.587e-05
0.99988	0.000623532	1.00001	3.59126e-05
0.999887	0.000622494	1.00001	3.58558e-05
0.999846	0.000622725	1.00001	3.5795e-05
0.999818	0.000622324	1.00001	3.57549e-05
0.999816	0.000621265	1.00001	3.56946e-05
0.999815	0.000620209	1.00001	3.5675e-05
0.99978	0.000620106	1.00001	3.56161e-05
0.9998	0.000619363	1.00001	3.55836e-05
0.99983	0.00061902	1.00002	3.56473e-05
0.999866	0.000619067	1.00001	3.56129e-05
0.999836	0.000618759	1.00002	3.57136e-05
0.999855	0.000618019	1.00002	3.5676e-05
0.99986	0.000616996	1.00002	3.57223e-05
0.999883	0.000616395	1.00002	3.56808e-05
0.999872	0.000615455	1.00002	3.56807e-05
0.999836	0.000615482	1.00002	3.56783e-05
0.999808	0.0006151	1.00002	3.56311e-05
0.999837	0.000614772	1.00002	3.55878e-05
0.999825	0.000613885	1.00002	3.56661e-05
0.99983	0.00061289	1.00002	3.56267e-05
0.999838	0.000611923	1.00002	3.55723e-05
0.999856	0.000611178	1.00002	3.55151e-05
0.999813	0.000611679	1.00002	3.54939e-05
0.999798	0.000610846	1.00002	3.54655e-05
0.999788	0.000609929	1.00002	3.54758e-05
0.999773	0.000609094	1.00001	3.54325e-05
0.999823	0.000610107	1.00002	3.54462e-05
0.999863	0.00061044	1.00002	3.53949e-05
0.999895	0.000610254	1.00002	3.5341e-05
0.9999	0.000609275	1.00002	3.53382e-05
0.999936	0.000609352	1.00002	3.52806e-05
0.999933	0.000608366	1.00002	3.52402e-05
0.999895	0.000608568	1.00002	3.5186e-05
0.999873	0.000607982	1.00002	3.51312e-05
0.999869	0.000607008	1.00002	3.50751e-05
0.999856	0.000606152	1.00002	3.50189e-05
0.999835	0.000605537	1.00002	3.49806e-05
0.999816	0.000604854	1.00002	3.49839e-05
0.999796	0.00060422	1.00002	3.49295e-05
0.999801	0.000603271	1.00002	3.48891e-05
0.999828	0.00060288	1.00002	3.48339e-05
0.999808	0.000602239	1.00002	3.48143e-05
0.999817	0.000601339	1.00002	3.47758e-05
0.999856	0.000601625	1.00002	3.47266e-05
0.999857	0.000600666	1.00002	3.46974e-05
0.999857	0.000599709	1.00002	3.47058e-05
0.999872	0.000598941	1.00002	3.46527e-05
0.999907	0.000599	1.00002	3.46343e-05
0.999949	0.000599504	1.00002	3.45848e-05
0.999911	0.000599748	1.00002	3.45396e-05
0.999915	0.000598815	1.00002	3.45172e-05
0.999924	0.000597932	1.00002	3.45646e-05
0.999887	0.000598143	1.00002	3.45177e-05
0.9999	0.000597357	1.00001	3.4487e-05
0.999902	0.00059642	1.00002	3.44334e-05
0.999893	0.000595549	1.00001	3.43914e-05
0.999898	0.000594639	1.00001	3.43392e-05
0.999885	0.000593867	1.00001	3.42879e-05
0.999884	0.00059294	1.00001	3.43206e-05
0.999897	0.00059215	1.00001	3.44912e-05
0.999889	0.000591275	1.00001	3.44382e-05
0.999854	0.000591406	1.00001	3.44121e-05
0.999839	0.000590666	1.00001	3.43784e-05
0.999897	0.000592599	1.00001	3.4376e-05
0.999967	0.000595697	1.00001	3.43391e-05
0.999937	0.000595496	1.00001	3.42864e-05
0.999944	0.00059462	1.00001	3.42379e-05
0.999962	0.000593972	1.00001	3.41888e-05
0.999957	0.000593078	1.00001	3.41747e-05
0.999977	0.000592496	1.00001	3.41234e-05
0.999944	0.000592508	1.00001	3.41501e-05
0.999946	0.000591606	1.00001	3.40989e-05
0.999946	0.000590702	1.00001	3.40676e-05
0.999957	0.000589902	1	3.40574e-05
0.999951	0.00058903	1	3.40075e-05
0.999932	0.000588464	1	3.39694e-05
0.999952	0.000587928	1	3.39726e-05
0.999981	0.000587755	1	3.39463e-05
1	0.000587156	1	3.395e-05
0.99999	0.000586353	1.00001	3.3931e-05
0.99999	0.000585468	1	3.38944e-05
1.00001	0.000585003	1	3.38433e-05
1.00005	0.000585658	1	3.37926e-05
1.00004	0.000585008	1	3.37871e-05
1.00005	0.000584215	1	3.37393e-05
1.00003	0.000583585	1	3.36946e-05
1.00004	0.000582747	1	3.3669e-05
1.00006	0.000582279	1	3.36188e-05
1.00003	0.000581909	1	3.35739e-05
1.00005	0.000581183	1	3.35252e-05
1.00004	0.000580419	1.00001	3.34784e-05
1.00002	0.000579797	1	3.34865e-05
1.00002	0.000578948	1.00001	3.34974e-05
1	0.000578574	1.00001	3.34503e-05
0.999964	0.000578834	1	3.3418e-05
0.99998	0.000578185	1	3.33703e-05
0.99998	0.000577333	1.00001	3.33228e-05
0.999964	0.000576703	1.00001	3.32772e-05
0.999955	0.000575928	1.00001	3.32297e-05
0.999981	0.000575637	1	3.31823e-05
1	0.000575187	1.00001	3.31353e-05
1.00004	0.00057581	1.00001	3.30934e-05
1.00004	0.000574986	1.00001	3.30467e-05
1.00004	0.000574148	1	3.3134e-05
1.00005	0.000573447	1	3.30969e-05
1.00002	0.000573327	1	3.30537e-05
1.00003	0.000572542	1	3.30241e-05
1.00002	0.000571728	1.00001	3.31246e-05
1.00005	0.000571596	1.00001	3.3089e-05
1.00004	0.000570927	1.00001	3.30474e-05
1.00001	0.000570748	1.00001	3.30178e-05
1.00002	0.00056994	1.00001	3.29753e-05
1.00002	0.00056912	1.00001	3.29286e-05
1.00002	0.000568308	1.00001	3.28839e-05
1.00006	0.000568895	1.00001	3.2838e-05
1.00005	0.000568126	1.00001	3.27956e-05
1.00007	0.000567651	1.00001	3.27581e-05
1.00008	0.000566881	1.00001	3.27123e-05
1.00005	0.000566706	1.00001	3.26838e-05
1.00009	0.000566841	1.00001	3.26675e-05
1.00009	0.000566035	1.00001	3.26459e-05
1.00008	0.000565231	1.00001	3.25995e-05
1.00006	0.000565104	1.00001	3.25555e-05
1.00004	0.000564543	1.00001	3.25124e-05
1.00003	0.000563809	1.00001	3.24666e-05
1.00006	0.000563511	1.00001	3.24213e-05
1.00008	0.000563263	1.00001	3.24609e-05
1.00008	0.000562472	1	3.24976e-05
1.00006	0.000562176	1	3.25474e-05
1.00007	0.000561605	1	3.25239e-05
1.00006	0.000561132	1	3.24849e-05
1.00003	0.000560998	1	3.24529e-05
1.00005	0.000560618	1	3.24091e-05
1.00004	0.00055998	1	3.23675e-05
1.00003	0.000559317	1	3.23322e-05
1.00006	0.000559468	1	3.22924e-05
1.00012	0.000561787	1	3.22478e-05
1.00014	0.000561488	1	3.22568e-05
1.00013	0.000560817	1	3.22133e-05
1.00013	0.000560051	1	3.2203e-05
1.00012	0.000559321	1	3.21632e-05
1.00009	0.000559482	1	3.21203e-05
1.00006	0.000559517	1	3.20825e-05
1.00002	0.000559787	1	3.20417e-05
0.999999	0.000559466	1	3.20231e-05
1.00002	0.000559003	1	3.19794e-05
1.00004	0.000558851	1	3.19391e-05
1.00004	0.000558087	1	3.19443e-05
1.00006	0.000557555	1	3.19054e-05
1.00007	0.000556957	1	3.1879e-05
1.00009	0.000556442	1	3.18562e-05
1.00008	0.000555769	1	3.18162e-05
1.00008	0.000555015	1	3.17987e-05
1.00012	0.000555921	1	3.17611e-05
1.00017	0.000556778	1	3.1729e-05
1.00019	0.000556771	1	3.16925e-05
1.00021	0.000556169	1	3.16864e-05
1.00021	0.000555417	0.999999	3.16738e-05
1.00022	0.000554743	0.999997	3.1748e-05
1.0002	0.000554141	0.999994	3.17872e-05
1.00019	0.000553751	0.999995	3.17584e-05
1.00017	0.000553219	0.999996	3.17175e-05
1.00018	0.000552546	0.999997	3.17224e-05
1.0002	0.000552221	0.999997	3.169e-05
1.00024	0.000552604	0.999996	3.16493e-05
1.00026	0.000552288	0.999997	3.16124e-05
1.00025	0.000551568	0.999997	3.15705e-05
1.00025	0.000550842	0.999998	3.15688e-05
1.00024	0.000550178	0.999999	3.15364e-05
1.00025	0.000549476	1	3.15143e-05
1.00025	0.00054881	1	3.15397e-05
1.00024	0.000548351	1	3.15092e-05
1.00025	0.00054787	1	3.14686e-05
1.00023	0.000547737	1	3.14307e-05
1.00022	0.000547062	1	3.14069e-05
1.00021	0.000546454	1	3.14262e-05
1.00019	0.000546256	1	3.13914e-05
1.00018	0.000545612	1	3.13847e-05
1.00015	0.000545362	1	3.13678e-05
1.00011	0.000546293	1	3.13573e-05
1.00014	0.000546111	1	3.13166e-05
1.00012	0.000545619	1	3.12795e-05
1.00012	0.00054491	1	3.12792e-05
1.00011	0.000544276	1	3.12394e-05
1.00008	0.000544346	1	3.11991e-05
1.00007	0.000543743	1	3.11585e-05
1.00005	0.000543556	1	3.11179e-05
1.00001	0.00054398	1	3.10852e-05
0.999985	0.000543842	1	3.10537e-05
0.999976	0.000543215	1	3.10144e-05
0.999961	0.000542725	0.999998	3.10131e-05
0.99995	0.000542131	1	3.10912e-05
0.999977	0.000542112	1	3.10657e-05
0.999956	0.000541812	1	3.10262e-05
0.999977	0.000541509	0.999999	3.09948e-05
0.999968	0.00054089	0.999997	3.10592e-05
0.999994	0.000540807	0.999996	3.10429e-05
0.99999	0.000540127	0.999996	3.10049e-05
1.00001	0.000539679	0.999995	3.09862e-05
0.999997	0.000539067	0.999996	3.09672e-05
0.999995	0.000538381	0.999997	3.09392e-05
0.999975	0.000538068	0.999997	3.0906e-05
0.999994	0.000537734	0.999997	3.08682e-05
0.99999	0.000537069	0.999997	3.08309e-05
0.999973	0.00053665	0.999996	3.08068e-05
0.999974	0.00053597	0.999995	3.07835e-05
0.999959	0.000535501	0.999996	3.07639e-05
0.999936	0.000535315	0.999997	3.07481e-05
0.999969	0.000535626	0.999996	3.07159e-05
0.999983	0.000535158	0.999997	3.06776e-05
0.999932	0.000536925	0.999997	3.06417e-05
0.999965	0.000537263	0.999998	3.06279e-05
0.999953	0.000536735	0.999997	3.06322e-05
0.999928	0.000536641	0.999998	3.06076e-05
0.999915	0.000536128	0.999998	3.05701e-05
0.999918	0.000535465	0.999997	3.05358e-05
0.999924	0.000534827	0.999995	3.05579e-05
0.999945	0.000534595	0.999997	3.05507e-05
0.999939	0.000533959	0.999997	3.05128e-05
0.999918	0.000533712	0.999998	3.05027e-05
0.999913	0.00053307	0.999997	3.04679e-05
0.999883	0.000533278	0.999997	3.04301e-05
0.999868	0.000532815	0.999997	3.03923e-05
0.999884	0.000532384	0.999999	3.03817e-05
0.999874	0.000531823	0.999999	3.0344e-05
0.999853	0.000531562	0.999999	3.03069e-05
0.999838	0.000531121	0.999998	3.02964e-05
0.999863	0.000531054	0.999998	3.02617e-05
0.999874	0.000530525	0.999999	3.02594e-05
0.999877	0.00052988	0.999999	3.02243e-05
0.99989	0.000529371	0.999999	3.01888e-05
0.999863	0.000529372	0.999997	3.02121e-05
0.999865	0.000528725	0.999998	3.0188e-05
0.999887	0.000528514	0.999999	3.01768e-05
0.999849	0.000529191	0.999997	3.01822e-05
0.999837	0.000528685	0.999996	3.01771e-05
0.99982	0.000528316	0.999994	3.01807e-05
0.999808	0.000527802	0.999995	3.01611e-05
0.99979	0.000527482	0.999994	3.01583e-05
0.999811	0.000527278	0.999993	3.01368e-05
0.999832	0.000527051	0.999993	3.01005e-05
0.999793	0.000527897	0.999994	3.00739e-05
0.99982	0.000527983	0.999992	3.00822e-05
0.999799	0.000527765	0.999992	3.00458e-05
0.999825	0.000527776	0.999993	3.00168e-05
0.999835	0.000527231	0.999992	2.99919e-05
0.999822	0.000526759	0.999991	2.99613e-05
0.999799	0.000526648	0.999992	2.99303e-05
0.999836	0.000527348	0.99999	2.99419e-05
0.999847	0.000526829	0.999991	2.99085e-05
0.999853	0.000526232	0.999992	2.99054e-05
0.999867	0.000525766	0.999992	2.98744e-05
0.999864	0.000525145	0.999991	2.9839e-05
0.999839	0.000525069	0.999992	2.9805e-05
0.999861	0.000524884	0.999991	2.97771e-05
0.999842	0.000524601	0.999992	2.97764e-05
0.999845	0.000523984	0.999993	2.97437e-05
0.999845	0.00052336	0.999994	2.97313e-05
0.999837	0.000522799	0.999995	2.97002e-05
0.999848	0.0005223	0.999996	2.97063e-05
0.999852	0.0005217	0.999995	2.96775e-05
0.999878	0.000521714	0.999997	2.96778e-05
0.999849	0.000521933	0.999997	2.96455e-05
0.999874	0.000521938	0.999997	2.96108e-05
0.999869	0.000521348	0.999998	2.95908e-05
0.999863	0.000520762	0.999998	2.95667e-05
0.999864	0.000520148	0.999998	2.95425e-05
0.999884	0.000519926	0.999998	2.95109e-05
0.999904	0.000519722	0.999997	2.94904e-05
0.999914	0.000519198	0.999997	2.94558e-05
0.999926	0.000518719	0.999996	2.94563e-05
0.999927	0.000518113	0.999996	2.94219e-05
0.999946	0.000517877	0.999994	2.94205e-05
0.99995	0.000517283	0.999993	2.94116e-05
0.99995	0.00051668	0.999994	2.93816e-05
0.999934	0.000516306	0.999994	2.93552e-05
0.999961	0.000516419	0.999995	2.93246e-05
0.999991	0.000516684	0.999996	2.93003e-05
0.999996	0.000516102	0.999996	2.92675e-05
1	0.000515546	0.999997	2.92428e-05
0.999984	0.000515256	0.999995	2.92584e-05
0.999979	0.000514691	0.999996	2.92464e-05
0.999976	0.000514105	0.999995	2.92201e-05
0.999968	0.000513573	0.999996	2.91963e-05
0.999977	0.000513059	0.999995	2.91928e-05
1	0.00051325	0.999996	2.91684e-05
1.00004	0.000513636	0.999996	2.91362e-05
1.00005	0.000513187	0.999998	2.91605e-05
1.00006	0.000512775	0.999997	2.91399e-05
1.0001	0.000513275	0.999996	2.91089e-05
1.00008	0.000512846	0.999998	2.91271e-05
1.00005	0.000513501	0.999998	2.90953e-05
1.00003	0.000513205	0.999999	2.90803e-05
1.00002	0.000512701	0.999999	2.90479e-05
1.00004	0.000512522	0.999999	2.90149e-05
1.00004	0.000511949	0.999999	2.89822e-05
1.00005	0.000511622	0.999999	2.89521e-05
1.00006	0.000511056	1	2.89263e-05
1.00005	0.000510538	1	2.88936e-05
1.00007	0.000510346	1	2.88612e-05
1.00007	0.000509788	1	2.88318e-05
1.00007	0.000509258	0.999999	2.88477e-05
1.00008	0.000508696	0.999999	2.88221e-05
1.0001	0.000508764	1	2.88081e-05
1.00013	0.000508792	1	2.87758e-05
1.00013	0.000508234	1	2.87579e-05
1.00014	0.000507711	1	2.87261e-05
1.00013	0.000507181	1	2.86938e-05
1.00009	0.000508211	1	2.86813e-05
1.00011	0.000508031	1	2.86491e-05
1.0001	0.000507577	1	2.8617e-05
1.00009	0.000507047	1	2.86104e-05
1.0001	0.000506555	1	2.86034e-05
1.00011	0.00050601	1	2.85852e-05
1.00012	0.000505712	1	2.85537e-05
1.00014	0.000505329	1	2.85258e-05
1.00012	0.000505092	1	2.84961e-05
1.00008	0.000505722	1	2.84924e-05
1.00009	0.000505212	1	2.84608e-05
1.00009	0.000504652	0.999999	2.84369e-05
1.00011	0.000504497	1	2.84392e-05
1.00011	0.000503982	1	2.84078e-05
1.0001	0.000503429	1	2.8377e-05
1.00009	0.000503172	1	2.84429e-05
1.00007	0.000502874	1	2.84132e-05
1.00005	0.000502734	1	2.84437e-05
1.00005	0.000502186	1	2.84124e-05
1.00001	0.00050314	1	2.84042e-05
1.00002	0.000502649	1	2.83848e-05
1.00003	0.000502223	1	2.83696e-05
1.00004	0.000501764	1	2.8339e-05
1.00003	0.000501241	1	2.83167e-05
1.00003	0.000500694	1	2.82864e-05
1.00003	0.000500154	1	2.82641e-05
1.00002	0.000499777	1	2.82432e-05
1.00001	0.000499315	0.999999	2.82304e-05
1.00001	0.000498774	0.999999	2.82055e-05
0.999988	0.000498579	1	2.81793e-05
1	0.000498194	1	2.81597e-05
1.00002	0.000497949	1	2.81667e-05
1.00003	0.000497474	1	2.8139e-05
1.00004	0.000497287	1	2.81089e-05
1.00004	0.000496759	1	2.80789e-05
1.00005	0.000496398	1	2.80891e-05
1.00005	0.000495893	1	2.80768e-05
1.00004	0.00049538	1	2.80466e-05
1.00006	0.000495163	1	2.80186e-05
1.00006	0.000494632	1	2.80334e-05
1.00008	0.000494446	1	2.8037e-05
1.00009	0.000493957	1	2.80386e-05
1.00008	0.000493438	1	2.80105e-05
1.00007	0.000492971	1	2.79857e-05
1.00009	0.000492734	1.00001	2.79679e-05
1.00008	0.000492333	1.00001	2.7945e-05
1.0001	0.000492082	1.00001	2.79325e-05
1.0001	0.000491568	1.00001	2.79564e-05
1.00009	0.000491083	1.00001	2.79281e-05
1.00008	0.000490691	1.00001	2.79248e-05
1.00007	0.000490406	1.00001	2.80005e-05
1.00006	0.000489908	1.00001	2.80219e-05
1.00004	0.00048976	1.00001	2.7993e-05
1.00006	0.000489589	1.00001	2.79634e-05
1.00004	0.000489462	1.00001	2.79362e-05
1.00006	0.000489289	1.00001	2.79083e-05
1.00005	0.000488853	1	2.79309e-05
1.00006	0.000488411	1	2.79105e-05
1.00007	0.000488073	1	2.78861e-05
1.00006	0.000487752	1.00001	2.78642e-05
1.00006	0.000487249	1.00001	2.78365e-05
1.00004	0.000487005	1.00001	2.78104e-05
1.00004	0.000486497	1	2.77838e-05
1.00003	0.000486171	1.00001	2.77549e-05
1.00005	0.000486237	1	2.7727e-05
1.00008	0.000486374	1.00001	2.77205e-05
1.00006	0.000486266	1.00001	2.76916e-05
1.00007	0.000485808	1.00001	2.76627e-05
1.00006	0.000485346	1.00001	2.7637e-05
1.00006	0.000484843	1.00001	2.76082e-05
1.00004	0.000484816	1.00001	2.75799e-05
1.00004	0.000484315	1.00001	2.75536e-05
1.00002	0.000484301	1.00001	2.75351e-05
1.00003	0.000484048	1.00001	2.75131e-05
1.00003	0.000483546	1.00001	2.74909e-05
1.00003	0.000483051	1.00001	2.74765e-05
1.00001	0.000483017	1.00001	2.74554e-05
1.00001	0.000482539	1	2.76133e-05
1.00001	0.000482056	1	2.76371e-05
1.00003	0.000481928	1	2.76139e-05
1.00002	0.000481624	1	2.75869e-05
1.00003	0.000481376	1	2.75592e-05
1.00004	0.000481035	0.999999	2.75814e-05
1.00003	0.000480637	0.999999	2.75544e-05
1.00004	0.000480182	1	2.75432e-05
1.00005	0.000479885	1	2.75231e-05
1.00006	0.00047946	1	2.75031e-05
1.00005	0.000479219	1	2.74756e-05
1.00004	0.000478772	1	2.74603e-05
1.00003	0.000478451	1	2.74362e-05
1.00003	0.000477971	0.999999	2.74246e-05
1.00003	0.000477529	0.999999	2.73975e-05
1.00003	0.000477047	0.999999	2.73708e-05
1.00005	0.000476986	1	2.7344e-05
1.00007	0.000476842	0.999999	2.73175e-05
1.00006	0.000476507	0.999999	2.72898e-05
1.00007	0.000476289	1	2.72864e-05
1.00006	0.000475901	1	2.73088e-05
1.00003	0.000476241	1	2.72823e-05
1.00003	0.000475806	1	2.72587e-05
1.00002	0.000475417	1	2.72369e-05
1.00003	0.000475151	1	2.7239e-05
1.00006	0.000475239	1	2.72121e-05
1.00006	0.000474797	1	2.71872e-05
1.00005	0.000474403	1	2.71601e-05
1.00005	0.000473926	1	2.71705e-05
1.00005	0.000473484	0.999999	2.71691e-05
1.00005	0.000473014	1	2.71606e-05
1.00003	0.000472856	0.999998	2.71904e-05
1.00004	0.000472447	1	2.71876e-05
