1
0.539252
0.282381
0.148996
0.0814496
0.0372062
0.0156617
0.000708181
0.021124
0.0253536
0.0247933
0.0231886
0.00803412
0.00684327
0.00426513
0.00935735
0.00396814
0.00315136
-0.00786785
-0.0109574
-0.018173
-0.0240654
-0.0193447
-0.0085051
0.00787757
0.0170998
0.0140832
0.0052438
0.00542497
-0.00488596
0.00667554
0.00283347
0.000300098
0.00649349
0.0186171
0.0240256
0.0279366
0.0218972
0.0147635
0.0033381
-0.00208161
-0.00898601
-0.00902277
-0.00195038
0.0130233
0.0208119
0.0258403
0.0263998
0.0143441
0.0197482
0.017263
0.0059416
0.00765688
0.00483198
0.0107208
0.0130918
0.011189
0.00306462
-0.0103831
-0.0132127
-0.00331223
0.000248241
-0.0107364
-0.0139742
-0.00520463
-0.000531814
0.00216751
0.00256009
-0.00214282
-0.00486234
-0.0151373
-0.0179921
-0.0180408
-0.00430541
0.00155953
0.00359343
-0.00312363
0.00102868
0.00836273
0.00745767
0.00730866
0.00889939
0.00403494
-0.00301347
-0.0110711
-0.00924571
0.00146325
0.00536967
0.0123445
0.00326612
-0.00806716
0.00196604
0.0127957
0.0218798
0.0234692
0.00311152
-0.00233072
-0.011904
-0.017585
-0.0102846
