0
0
0
0.0163513
-0.332531
-0.332531
-0.332531
-0.118557
-0.118557
-0.870938
-0.870938
-0.870938
-0.870938
-0.870938
0.482803
0.482803
0.482803
-1.65731
1.65844
1.65844
1.65844
-0.567254
-0.567254
-0.341831
-0.341831
-0.341831
-0.341831
-0.341831
1.51854
1.51854
1.51854
1.51854
-0.335009
-0.335009
-0.335009
-0.335009
-0.621998
-0.969817
-0.270745
-0.270745
-0.270745
-0.270745
-0.270745
-0.622225
-0.622225
-0.622225
-0.622225
-0.034972
-0.034972
0.531386
0.531386
-0.870767
-0.870767
-0.451866
-0.451866
-0.451866
-0.451866
-0.451866
-0.451866
0.0953985
0.0953985
0.0953985
-0.60089
-0.60089
-0.60089
-0.60089
-0.169153
0.680093
0.680093
0.289003
0.289003
-0.0925283
-0.259451
-0.259451
-0.259451
0.731726
0.731726
0.731726
0.731726
0.731726
0.731726
0.731726
0.731726
0.731726
0.731726
0.731726
0.731726
0.0212758
0.997126
0.997126
0.997126
0.997126
-0.662162
-0.662162
-0.662162
-1.29031
-1.29031
-0.199347
-0.199347
-0.199347
-0.199347
1.3076
-0.182754
-0.499867
-0.499867
-0.499867
-0.770194
-0.770194
-0.770194
-0.634254
-0.634254
-0.634254
0.270684
0.270684
0.270684
0.270684
0.270684
0.270684
0.270684
0.270684
0.0121879
0.0121879
0.0121879
0.980022
0.446672
0.446672
0.446672
0.446672
0.446672
0.0141511
0.0141511
-0.548107
1.03177
1.03177
1.42026
1.42026
1.42026
1.06194
1.06194
1.06194
1.06194
-0.782227
-0.44976
0.335968
0.335968
-0.192618
-0.192618
-0.192618
-0.636382
-0.636382
-0.827078
0.33196
0.33196
-1.43261
-1.13439
1.10416
0.0143442
0.0143442
0.0143442
0.0143442
0.461461
0.461461
0.461461
-0.887251
-0.887251
-0.887251
-0.887251
-0.887251
-0.887251
-0.887251
-0.887251
-0.887251
1.30121
1.30121
1.1761
0.458114
1.57264
-0.586987
-0.586987
-0.574164
-0.574164
-0.574164
0.655167
0.655167
0.655167
0.655167
0.0698851
0.0698851
0.0698851
0.0698851
0.0698851
0.0698851
0.0698851
0.0698851
-0.717974
0.886708
0.886708
0.429126
0.623984
0.623984
-0.382159
-0.382159
-0.382159
-0.382159
0.271293
0.271293
0.271293
0.271293
0.271293
0.271293
0.271293
-1.54597
-0.586391
0.131451
0.131451
0.469136
0.469136
0.469136
0.469136
0.469136
0.469136
0.469136
0.469136
0.469136
0.469136
0.469136
-0.69492
-1.31758
-1.31758
-1.31758
-1.31758
-1.20753
0.449555
0.449555
0.449555
0.489448
0.489448
0.489448
0.489448
0.312879
0.312879
-0.194776
0.430753
-0.382315
-0.382315
-0.382315
-0.382315
-0.382315
-0.382315
-0.382315
0.428627
0.935335
0.935335
0.935335
0.935335
1.15725
-0.416747
-0.416747
-0.416747
-0.416747
0.75473
0.75473
0.75473
0.75473
0.0189607
0.0189607
0.0189607
0.0189607
0.752455
0.0554973
0.0554973
0.637262
0.637262
0.637262
0.637262
0.637262
0.637262
-0.997407
-0.997407
-1.34752
1.17716
1.17716
-0.938567
-0.938567
-0.938567
-0.938567
-0.938567
0.626831
0.626831
0.626831
-0.758853
-0.758853
-0.758853
-0.758853
-0.758853
-0.758853
0.449683
0.449683
-0.667113
-0.667113
-0.667113
-0.667113
-0.667113
-0.667113
-0.667113
-0.273742
-0.273742
-0.273742
-0.273742
-0.273742
-0.273742
1.24696
1.24696
-1.08473
-1.08473
-1.08473
-1.08473
-1.08473
-1.08473
-1.08473
-0.895981
-0.931897
-0.931897
-0.931897
-0.931897
0.364937
-0.0266407
0.273263
0.273263
0.662798
0.662798
0.662798
0.662798
0.662798
0.662798
0.392634
0.392634
0.0203018
0.0203018
0.0203018
0.0203018
0.0203018
0.0203018
0.0203018
0.0203018
-0.0407127
-0.0407127
-0.0407127
-0.0407127
-0.384705
-0.436045
-1.24152
-0.668727
-0.959914
-0.665267
-0.665267
-0.665267
-0.665267
-0.665267
-0.665267
-0.665267
0.754658
0.754658
-1.33167
1.12507
1.12507
1.12507
1.12507
1.12507
0.256789
-0.214357
-0.214357
-1.54881
-1.54881
-1.54881
0.899874
0.899874
0.899874
0.899874
-0.40079
-0.40079
-0.40079
-0.40079
-0.40079
-0.40079
-1.25196
-1.25196
-1.25196
-0.141249
-1.03478
-1.03478
-1.03478
-1.03478
-1.03478
-0.13495
-0.13495
0.910898
-1.60757
-1.27799
-1.27799
-1.27799
1.01038
1.01038
1.01038
1.01038
1.01038
1.01038
1.01038
1.01038
1.01038
-0.69944
1.79219
1.79219
1.90273
1.90273
1.90273
1.90273
1.22333
1.06081
-1.00835
-1.00835
0.957284
0.957284
-0.307272
-0.307272
1.35256
1.35256
0.993414
0.993414
0.993414
0.993414
0.993414
0.993414
0.993414
-0.468531
-0.817868
-0.817868
-0.817868
-0.817868
1.07164
1.07164
1.07164
0.33851
0.33851
0.33851
0.33851
0.33851
-0.296847
-0.296847
-0.296847
-0.296847
-0.296847
-0.296847
1.51459
1.51459
-1.08524
-1.08524
-1.08524
-1.08524
-1.08524
-1.12155
1.25455
1.25455
-0.875662
-0.875662
-0.875662
-0.875662
-0.875662
-0.875662
-0.875662
-1.52375
-1.52375
-1.17198
-1.17198
-1.17198
-1.17198
-1.14853
-1.20808
-1.20808
-1.20808
-1.20808
-1.20808
-1.20808
-0.225037
-1.28378
-0.213818
-0.213818
-0.213818
-0.213818
-0.213818
-0.213818
-0.213818
-0.213818
-0.979035
-0.979035
-1.08161
-1.08161
-1.08161
-1.08161
-1.08161
0.0426805
0.0426805
0.417812
0.426241
0.413084
0.156392
0.156392
0.156392
0.156392
0.302865
-0.566104
-0.566104
-0.566104
0.0842388
0.0842388
0.423503
0.498078
0.498078
0.498078
-0.554612
-0.865497
-0.865497
-0.865497
-0.865497
-0.865497
-0.865497
-0.865497
-0.768285
-0.768285
-0.768285
-0.768285
-0.768285
-0.463968
-0.463968
-0.463968
-0.463968
-0.463968
-0.463968
0.0895261
0.0895261
0.0895261
0.0895261
0.0895261
1.14722
1.14722
1.14722
1.14722
1.14722
-0.691329
-0.691329
-0.691329
0.752936
-1.08093
-1.08093
0.975214
0.975214
0.975214
0.975214
0.0293441
0.0293441
0.0646094
0.0646094
0.0646094
0.0646094
0.0646094
1.17442
-0.287158
-0.287158
-1.81432
0.730597
0.730597
0.730597
0.730597
-0.472047
-0.472047
-0.472047
-0.194226
-0.194226
-0.194226
-0.194226
-1.44407
-1.01388
-1.01388
-1.01388
-1.01388
-1.01388
-1.01388
-1.01388
0.703361
0.703361
0.703361
0.703361
0.703361
0.703361
0.637257
0.637257
0.637257
-0.0618598
0.663291
-1.12597
-0.421775
0.130509
-0.253799
-0.253799
-1.03516
0.203621
0.203621
0.203621
0.741695
0.741695
-0.323947
-0.323947
-0.323947
-0.323947
-0.323947
-0.323947
-0.323947
-0.323947
-0.323947
-0.323947
-1.16938
-1.16938
-0.0286259
-0.448119
-0.448119
-0.448119
1.25603
-0.601033
-0.601033
-0.601033
-0.601033
-0.601033
-0.601033
0.868098
0.868098
0.868098
-1.23601
-1.23601
-1.23601
-1.23601
-1.23601
-0.920057
-0.920057
-0.160461
-0.22823
-0.972094
-0.972094
-0.972094
-0.856604
-0.856604
-0.856604
-0.848056
-0.848056
-0.848056
-1.25855
1.04244
-0.53698
-0.53698
-0.678896
-0.678896
-0.678896
-0.812835
-0.628473
-0.628473
0.116743
0.116743
0.116743
0.116743
-0.10146
-0.577962
-1.33633
-0.313535
-0.313535
-0.313535
-0.313535
-0.313535
0.163135
0.163135
0.163135
0.163135
0.163135
0.163135
-0.968759
-0.760769
-0.760769
0.148221
-1.23457
-1.23457
1.2217
1.2217
-0.515952
-0.515952
-0.515952
-0.515952
-0.442513
0.628116
0.628116
1.15726
1.15726
1.15726
1.15726
1.15726
1.15726
0.24882
0.137815
0.137815
0.137815
0.711984
0.902696
-0.195568
-0.0698836
-0.0698836
-0.79979
-0.79979
-0.79979
-0.79979
-0.79979
-0.79979
-0.79979
-0.600767
0.356923
0.356923
0.356923
0.356923
0.356923
0.356923
0.356923
-0.991228
-0.991228
0.493835
0.493835
0.637559
0.637559
0.637559
0.637559
0.367495
0.367495
0.367495
0.367495
0.367495
0.367495
0.367495
0.367495
0.367495
0.367495
0.555532
0.555532
0.555532
0.555532
0.555532
0.555532
1.74566
-0.883685
-0.952209
-0.952209
-0.952209
-0.0554328
-0.0554328
-0.0554328
-0.0554328
-0.0554328
-0.0554328
-1.23751
-1.23751
0.752541
-0.771931
-0.47366
-0.47366
-0.47366
-0.47366
-0.47366
-0.47366
-0.47366
-0.47366
-1.02002
-0.286702
-0.286702
-0.286702
-0.286702
-0.286702
-1.13799
-1.13799
-1.13799
-1.13799
-1.13799
-0.5374
-0.5374
-0.5374
0.826023
-0.810997
-0.810997
-0.810997
-0.810997
-0.47568
-0.47568
0.839912
0.968902
0.378955
-0.624679
-0.663466
-0.663466
-0.643293
0.833063
0.833063
0.656724
0.656724
0.656724
0.656724
0.776946
0.776946
-0.741281
-0.741281
1.17394
0.737122
0.737122
-0.851644
-0.851644
-0.851644
-0.851644
0.469432
0.469432
-1.163
-1.163
-1.163
-1.163
-0.0114977
0.0367046
-0.85896
-1.36355
-1.36355
-1.36355
-1.36355
-0.200877
-0.200877
-0.200877
-0.200877
-0.200877
1.17855
-1.47742
-1.42771
-0.103602
-0.103602
-0.103602
-0.103602
-0.103602
0.182259
0.182259
0.543994
0.543994
0.543994
-0.230872
-0.103433
-0.103433
-0.103433
-0.103433
-0.957602
0.924065
0.118405
0.118405
0.118405
-0.532897
-0.532897
0.30987
0.30987
0.30987
-0.707262
-0.802683
-0.802683
-0.802683
-0.786211
-0.786211
0.655884
1.30315
0.386506
0.386506
1.19011
1.19011
1.19011
1.19011
1.19011
-1.1587
-1.1587
-1.1587
-1.1587
-1.1587
-1.1587
-1.1587
-0.895047
-0.895047
-0.895047
-0.895047
-0.895047
0.94495
0.432939
-0.0109897
0.461665
0.461665
0.99982
0.99982
-0.450191
-0.450191
0.675841
1.64517
-0.379202
-0.379202
1.2512
1.2512
1.2512
-0.422211
-0.422211
-1.09739
-1.09739
-1.09739
-1.09739
1.22058
1.22058
1.01033
1.01033
1.01033
1.01033
1.01033
1.01033
1.01033
1.01033
-0.294641
0.25004
0.364855
0.364855
0.364855
-0.956604
-0.956604
0.108748
0.412769
0.412769
0.412769
-1.12255
-1.12255
-1.12255
-1.12255
-1.12255
1.22155
1.22155
1.22155
1.22155
-1.05931
-1.05931
0.505335
-0.470285
-0.497134
-0.497134
-0.497134
-0.497134
-0.497134
-0.497134
-0.497134
-0.497134
-0.497134
0.234388
0.885662
0.885662
0.885662
0.885662
0.885662
0.885662
0.885662
0.885662
-0.692495
-0.692495
-0.692495
-0.692495
-0.692495
-0.692495
-0.692495
0.520519
0.520519
0.520519
0.520519
0.520519
0.344495
0.344495
0.344495
0.344495
0.344495
0.344495
0.344495
0.344495
0.287827
0.287827
1.45682
1.45682
1.45682
1.39726
-1.38832
-1.38832
-0.159951
-0.159951
-0.159951
-0.159951
1.15273
-0.860593
-0.860593
1.07048
1.07048
1.07048
1.07048
-0.146021
-0.146021
-0.146021
-0.146021
0.815091
0.815091
0.815091
0.815091
0.815091
0.815091
-0.230983
1.31105
1.31105
1.31105
1.31105
-0.431385
-0.431385
-0.431385
-0.595686
-0.595686
0.485139
0.509203
-0.468509
-1.026
-1.026
-0.462316
-0.462316
-0.462316
0.487191
-0.441392
-0.441392
-0.441392
-0.74508
0.679783
-0.494042
-0.494042
-0.494042
-0.494042
-0.494042
-0.494042
-0.494042
-0.484423
-0.484423
-0.484423
-0.929136
-0.929136
-0.929136
-0.914314
-0.660059
-0.660059
-0.660059
-0.660059
-0.660059
-0.660059
-0.660059
-0.660059
-0.660059
-0.660059
-0.623607
0.120499
0.120499
0.120499
0.120499
-0.0513186
-0.0513186
-0.0513186
-0.0513186
-0.0513186
-0.475811
-0.475811
-0.475811
0.00815178
-0.12894
-0.12894
-0.12894
-0.12894
0.932302
0.130284
0.130284
0.130284
1.42924
0.402136
0.402136
-0.992975
-0.992975
-0.992975
0.88226
1.68281
-1.72714
-1.72714
-1.72714
-1.72714
-1.72714
-1.76059
-1.76059
1.04535
1.04535
1.04535
0.384925
0.177046
-2.08842
0.490915
1.00815
-0.188821
-0.905427
-0.905427
-0.905427
-1.86261
-1.86261
-1.86261
-1.56986
-1.56986
-1.56986
-1.56986
-1.29073
0.548556
0.548556
0.575409
0.575409
-0.625076
-0.625076
-0.625076
-0.625076
-0.625076
-0.625076
-0.625076
0.633873
1.01374
1.01374
0.963683
0.963683
0.963683
0.963683
0.963683
0.963683
0.612063
0.612063
-0.156289
-0.156289
-0.156289
-0.156289
1.65611
-0.841845
-0.841845
-0.841845
-0.841845
0.997578
0.997578
0.757315
-0.365705
1.38125
0.392074
-0.027545
-0.027545
-0.027545
-0.027545
-0.027545
-0.027545
-0.027545
-0.702862
-0.702862
-0.702862
-0.702862
0.763004
1.01629
1.01629
0.621153
0.621153
0.621153
0.621153
0.621153
0.621153
0.621153
0.621153
0.621153
0.621153
0.621153
0.621153
0.562046
0.562046
0.562046
-1.51752
-1.53556
-1.53556
0.165819
0.971067
0.971067
0.971067
0.971067
0.971067
0.971067
0.971067
0.391855
0.391855
0.391855
1.08605
-0.281389
-0.281389
-0.281389
-0.281389
-0.281389
-0.281389
0.808675
0.67599
0.67599
-1.47816
0.59176
0.59176
-1.20484
-1.20484
0.0378081
0.0378081
-1.44928
1.52364
1.52364
1.52364
1.52364
1.52364
-0.282961
1.09119
-0.0434332
-0.0434332
-0.0434332
-0.0434332
0.224505
0.224505
0.224505
0.224505
0.224505
0.224505
0.224505
0.224505
-1.08814
-0.99735
-0.99735
-0.99735
-0.99735
-0.99735
-0.497502
-0.497502
-0.497502
-0.497502
0.575158
-0.194118
-0.194118
-0.194118
-0.194118
-0.194118
0.0741677
0.415204
0.415204
-0.96939
0.215788
0.215788
0.716198
-0.628019
-0.628019
-0.628019
-0.628019
-0.628019
-0.628019
-0.628019
-0.628019
-0.628019
-0.628019
-0.628019
-0.628019
-0.628019
-0.628019
-1.1954
-1.1954
-1.1954
0.0442063
0.0442063
0.0442063
1.12675
1.12675
-0.194833
-0.194833
-1.09323
-1.09323
-0.0825602
-0.0254446
-0.0254446
-0.0254446
0.871961
0.871961
0.871961
0.871961
0.871961
1.01158
1.01158
-0.148402
-0.148402
-0.148402
-0.148402
-0.148402
-0.148402
-0.148402
-0.148402
-0.148402
-0.148402
-0.148402
-0.148402
-0.719217
-0.719217
0.326337
-1.44862
-0.092696
-0.092696
-0.092696
0.151379
-0.545342
-0.545342
-0.545342
1.04074
1.04074
1.04074
0.121942
-0.719442
-0.719442
-0.719442
-0.0155145
-0.0155145
-0.576057
-0.576057
-0.576057
-0.576057
-0.576057
1.32635
1.18851
1.18851
-0.889128
-0.889128
-0.889128
-0.889128
-0.889128
-0.889128
-1.39261
-1.39261
-1.39261
-1.39261
-0.155109
-0.155109
-0.155109
-0.980258
-0.980258
-0.980258
-0.955311
1.07281
1.07281
-1.33736
0.279677
0.279677
0.279677
0.279677
0.279677
-0.594463
-0.734771
-0.734771
-0.734771
1.00785
1.00785
1.00785
1.00785
1.26517
1.26517
1.26517
-0.237425
-0.237425
-0.237425
-1.09529
0.520592
0.918319
0.918319
-0.565759
-0.565759
-0.565759
-0.565759
-0.565759
-0.565759
-0.565759
-0.565759
-0.565759
-0.565759
0.534908
0.534908
0.534908
-0.397049
1.25257
1.25257
1.25257
1.25257
1.25257
1.01961
1.01961
-0.0551342
-0.0551342
-0.0551342
-1.43778
-1.07597
-1.07597
-0.120349
0.880959
0.880959
0.880959
0.915406
0.0525659
-0.789027
0.978384
0.6033
0.6033
0.775879
0.775879
0.775879
0.775879
0.775879
0.775879
0.775879
0.775879
0.185447
0.185447
-0.519516
-0.301161
-0.301161
-1.52751
-1.52751
-0.733331
-0.733331
-0.733331
-0.431645
-1.00322
0.0685118
0.0685118
1.27698
1.27698
0.254214
-0.945015
0.619216
0.619216
0.619216
0.619216
0.619216
-0.448506
-0.448506
-0.448506
-0.448506
-0.61477
-0.61477
-0.61477
-0.61477
0.298574
0.298574
0.298574
-0.177549
-0.177549
-0.177549
-0.177549
-0.177549
-0.532595
-0.532595
-0.532595
-0.532595
-0.532595
-0.532595
-0.532595
-0.532595
-0.532595
-0.532595
-0.532595
-0.532595
-0.532595
-0.532595
-0.532595
-0.532595
-0.532595
-1.01361
-1.01361
0.276319
0.276319
-1.08776
-1.08776
-1.08776
-1.08776
-1.39779
-1.12968
-1.12968
-1.12968
-1.12968
-1.12968
0.361101
0.361101
0.361101
0.361101
-0.208752
-0.208752
-0.208752
-0.208752
-0.208752
-0.208752
-0.208752
-0.208752
-0.208752
-0.208752
-0.208752
-0.208752
-0.208752
-0.208752
0.49136
0.49136
-1.08169
0.987495
0.987495
0.987495
0.0738709
0.35596
0.35596
2.29413
1.47084
0.928968
-0.376715
0.475156
0.475156
0.475156
0.475156
0.475156
0.475156
0.475156
0.673538
0.673538
0.673538
-0.257217
-0.257217
-0.257217
-0.257217
-0.257217
-0.257217
0.153833
0.818977
0.818977
0.818977
-0.724737
0.194343
0.194343
0.556289
0.556289
0.556289
0.556289
0.556289
0.556289
0.556289
-1.69873
-1.69873
-1.69873
-1.69873
-1.69873
1.15281
1.15281
0.120676
0.120676
0.120676
0.856584
0.856584
0.856584
0.856584
0.856584
-0.0387553
-0.0387553
-0.418318
-0.449123
-0.449123
-0.449123
0.636966
0.636966
0.636966
0.636966
0.636966
0.636966
0.636966
0.636966
0.636966
0.636966
-0.904893
-0.904893
-0.904893
-0.904893
-0.904893
-0.904893
-0.904893
-0.904893
-0.904893
-0.904893
-0.904893
-0.904893
1.47128
-0.145952
-0.145952
-0.145952
0.34401
0.34401
0.34401
1.06739
1.22968
1.35759
1.35759
1.35759
1.35759
1.35759
1.35759
1.35759
0.607691
0.607691
0.647821
0.647821
0.622519
-0.638749
-0.638749
0.934302
0.261097
-0.248252
-0.248252
0.643832
0.452734
0.280983
0.280983
0.280983
0.280983
0.130421
1.2441
0.432844
0.432844
0.432844
0.959766
1.27632
1.27632
1.27632
1.27632
1.27632
1.27632
1.27632
1.16204
0.756765
0.756765
0.756765
0.756765
0.756765
0.756765
0.756765
0.756765
0.756765
0.756765
0.756765
0.756765
0.756765
0.462659
0.462659
0.462659
0.444948
0.444948
0.444948
0.59818
0.954388
0.954388
-0.752911
-1.07858
-1.07858
1.59501
0.0419712
0.0419712
0.0419712
0.0419712
0.0419712
0.0419712
-1.52436
0.836547
-0.364552
-0.364552
-0.364552
-0.5526
0.8149
0.8149
0.8149
0.8149
-0.555052
-0.555052
0.906227
1.41475
1.30916
1.30916
-0.709694
-0.709694
-0.709694
-0.709694
-0.709694
-0.709694
-0.709694
-0.709694
-0.709694
-0.709694
-0.728657
-0.728657
-0.728657
0.618391
0.618391
0.618391
0.618391
0.618391
0.618391
0.618391
0.618391
0.618391
-0.837711
-0.837711
-0.837711
-0.837711
-0.837711
-0.837711
-0.837711
-0.766552
-1.43385
-1.43385
1.45924
1.21783
-1.16953
-0.857382
1.18145
1.00517
-0.309593
-0.309593
-0.309593
-1.46579
-1.46579
-1.46579
-1.46579
-1.46579
0.0980504
0.0980504
0.0980504
-0.457016
-0.457016
-0.457016
-0.584791
-0.584791
-0.584791
0.40707
0.40707
0.774771
0.795293
0.795293
0.208351
-0.258405
0.516116
0.516116
0.516116
0.516116
0.516116
0.516116
0.680477
0.680477
0.680477
0.680477
-0.643273
-0.643273
-0.270655
-0.270655
-0.270655
-0.270655
-0.270655
0.311218
0.311218
1.04601
0.272411
0.272411
0.319085
0.319085
0.319085
0.319085
0.319085
-0.288682
-0.288682
-0.288682
-0.288682
-0.288682
1.07366
-0.91052
-0.91052
-0.91052
-0.622384
-0.622384
-0.552341
-0.445599
-0.445599
0.400854
0.400854
0.076604
0.076604
0.724571
-0.925355
-0.925355
-0.925355
0.442639
0.7428
0.7428
1.17639
1.17639
1.17639
-0.576222
-0.229917
-0.229917
-0.229917
0.650016
0.642019
0.642019
0.642019
0.642019
0.642019
0.642019
0.642019
0.642019
0.642019
0.642019
0.140455
-0.928824
-0.928824
-0.928824
0.222298
-1.00718
-1.00718
0.0197526
0.0197526
1.24884
-0.343863
1.43317
-1.50987
0.773602
-1.32701
-0.742125
-0.742125
-0.742125
-0.586677
-0.586677
-0.586677
-1.34052
0.836657
-0.0968153
0.0329121
0.0329121
-0.871719
-0.871719
0.793472
0.793472
0.793472
0.793472
0.793472
0.793472
0.793472
0.793472
0.793472
0.793472
0.793472
0.542535
0.362383
-1.00066
-1.00066
-1.24207
0.18829
0.18829
1.08907
1.08907
1.17737
1.17737
1.17737
0.0519869
-0.399063
-0.399063
-1.24701
-1.24701
-1.24701
-1.24701
-1.24701
-1.24701
-1.24701
-1.24701
-1.21486
-1.21486
-1.21486
-0.0237079
0.865729
0.865729
-1.06187
-1.06187
-0.979989
-0.979989
-0.979989
-0.979989
-1.25533
-1.25533
-1.25533
-1.30539
-1.30539
-0.470189
-0.470189
-2.21574
0.21526
0.21526
-0.283696
-0.283696
-0.283696
-0.283696
-0.283696
1.49705
1.49705
1.05609
1.05609
1.05609
1.05609
0.244829
0.244829
0.0366129
0.0366129
0.0366129
0.0366129
0.0366129
0.0366129
0.0366129
0.0366129
-0.0779747
-0.784429
-0.784429
-0.784429
-0.505752
-0.505752
-0.505752
-0.505752
-0.736513
-0.736513
-0.744854
0.827931
-0.58642
0.449466
0.449466
0.449466
0.449466
0.449466
-0.188833
-0.188833
-0.188833
-0.188833
-0.188833
-0.188833
-0.188833
-0.827414
-0.827414
-0.827414
-0.827414
0.0443623
-1.35724
-1.35724
-1.35724
0.414122
0.414122
0.414122
0.414122
0.414122
1.27317
1.27317
1.27317
1.27317
1.27317
0.461063
0.461063
0.461063
0.461063
0.461063
0.461063
0.789066
0.789066
0.789066
0.789066
0.789066
0.27379
0.27379
0.324704
0.324704
-0.898771
-0.898771
-0.898771
-1.01639
-1.01639
-1.51794
-1.29821
0.689283
0.316632
0.793619
0.138339
0.138339
0.138339
0.138339
0.302768
-0.37839
-0.888163
-0.888163
0.981861
0.981861
-0.536126
-0.536126
-0.536126
1.06515
-0.611208
-0.611208
-0.502603
-0.502603
-0.502603
-0.502603
-0.502603
0.461209
0.461209
0.433503
0.433503
-1.13295
1.1536
1.1536
-0.861784
-0.861784
-0.861784
-0.623508
-1.30614
-0.426614
-0.426614
-0.426614
-0.426614
0.304266
1.15586
0.216811
0.216811
0.216811
-0.568587
-0.568587
-0.568587
0.907883
0.907883
0.907883
-1.24965
-1.24965
-1.24965
0.319515
0.319515
0.439519
0.624465
0.624465
0.0360215
0.767506
0.767506
0.767506
0.603831
0.603831
0.603831
0.557408
0.557408
-0.509778
-0.509778
-0.509778
-0.306362
-0.306362
-0.306362
-1.24868
-1.24868
-1.24868
-0.425263
0.247267
-1.00545
-1.00545
-1.00458
-1.00458
-1.00458
-1.00458
0.0272228
0.0272228
0.0272228
0.0272228
0.0272228
-1.00075
-1.00075
-1.00075
-0.285946
0.637901
0.637901
0.637901
0.637901
0.637901
-1.11731
-0.856817
-0.856817
-0.856817
-0.856817
-0.856817
-0.856817
-0.856817
-0.856817
-0.51698
-0.695987
-0.695987
-0.695987
-0.695987
-0.695987
-0.695987
-0.695987
0.108137
0.108137
0.108137
-1.09058
-1.09058
-1.50998
1.37781
1.60638
-0.0370518
0.920173
0.920173
0.920173
0.920173
1.09485
0.0524356
0.0524356
-1.52858
1.11517
1.11517
-1.90793
-1.90793
1.19405
1.19405
0.0526308
0.0526308
-0.396025
0.412168
0.412168
0.838711
0.838711
0.838711
0.309737
0.309737
-0.318776
-1.42638
-1.40856
0.488495
-0.384709
-0.384709
-0.384709
-0.384709
-0.384709
-0.384709
-0.873746
0.648076
0.648076
0.648076
0.648076
-0.704623
-0.704623
-0.704623
-0.704623
-0.704623
-0.704623
-0.704623
-0.704623
-0.704623
-0.704623
-0.704623
-0.704623
-0.704623
-0.704623
-0.704623
-0.42612
-0.42612
-0.275289
0.0275228
0.0275228
0.882445
0.882445
0.882445
-0.272946
-0.272946
-0.272946
-0.272946
-0.272946
-0.272946
1.54635
1.54635
-0.548666
-0.548666
-0.0805263
-0.608114
-0.608114
-0.608114
-0.608114
-0.215415
1.11187
1.11187
1.11187
0.0819631
0.0819631
0.0819631
-0.250246
-0.250246
0.575837
0.575837
0.101211
0.101211
-0.0355334
-0.0355334
-0.0355334
-1.10047
-1.10047
-1.10047
-1.10047
-1.10047
1.28025
0.529286
0.435757
0.435757
0.435757
0.435757
0.435757
0.435757
0.435757
0.326422
0.326422
0.326422
0.326422
1.24809
1.24809
1.24809
1.24809
1.24809
1.24809
0.159349
0.610931
0.610931
0.610931
0.610931
0.610931
0.610931
0.597868
0.597868
0.597868
0.597868
0.597868
0.597868
0.597868
0.611489
0.611489
0.611489
0.611489
0.611489
0.611489
0.611489
0.611489
0.611489
0.389372
0.389372
-0.304324
0.774021
0.774021
-0.984003
-0.984003
-0.984003
0.441932
0.441932
0.441932
-0.531629
-0.531629
-1.12624
0.0286603
1.73739
0.209125
-0.652455
0.521731
0.521731
1.15431
0.377679
0.377679
0.468672
-0.187282
-0.187282
-0.187282
0.37985
0.32434
-1.04615
1.24958
1.24958
0.97708
1.6171
0.790786
0.0815577
0.0815577
0.0815577
0.0815577
0.0815577
-0.61925
-0.9463
-0.9463
-0.9463
-0.9463
-0.9463
-0.118087
0.353855
0.353855
0.353855
0.353855
0.353855
0.353855
0.353855
0.353855
0.353855
0.353855
0.353855
0.353855
0.353855
0.353855
0.353855
0.353855
0.353855
0.353855
-0.235202
-0.235202
0.756547
0.756547
0.756547
0.756547
1.21629
1.21629
1.21629
1.21629
-0.754912
-0.754912
-0.754912
-0.754912
-0.754912
0.295609
0.295609
0.295609
0.295609
0.438827
0.438827
0.438827
-0.47912
-0.47912
-0.47912
-0.47912
-0.47912
-0.47912
-0.47912
-0.47912
-0.47912
-0.47912
-0.47912
1.61781
1.61781
-0.712541
1.26362
1.26362
1.7247
2.37999
1.6771
-0.021904
-0.021904
-0.021904
-0.021904
-0.021904
0.0895784
0.0895784
0.0895784
0.712772
0.712772
0.712772
0.712772
1.35191
1.35191
1.35191
1.35191
-0.101865
-0.101865
-0.101865
0.545457
-0.375686
-0.691053
-0.691053
0.930739
0.930739
0.930739
0.930739
0.92117
-0.956096
-0.956096
1.53691
0.22784
0.22784
1.11044
-0.813212
-0.813212
-0.813212
-0.813212
0.555931
0.555931
0.555931
0.555931
-0.184545
-0.435964
-0.435964
-0.435964
-0.435964
-0.342231
-0.342231
-0.342231
-0.342231
-0.342231
-0.342231
-0.640351
0.337375
0.337375
0.337375
0.337375
0.337375
0.337375
0.337375
0.337375
0.337375
1.00945
1.2546
1.2546
1.2546
1.06766
1.06766
1.06766
-0.0156533
-0.0156533
-0.0156533
-0.0156533
-0.875303
-0.875303
-0.875303
-0.875303
1.81358
1.81358
-0.321629
-1.13014
-1.13014
-1.05909
0.175389
0.126506
0.126506
0.126506
0.126506
0.126506
0.126506
-0.549251
-0.549251
-0.00979733
-0.00979733
-0.00979733
-0.00979733
-0.00979733
-0.00979733
-0.00979733
-1.56839
-0.380883
-0.380883
0.686699
0.686699
0.686699
0.686699
0.686699
0.686699
0.686699
0.686699
0.686699
0.686699
0.686699
0.686699
0.686699
-1.07676
-1.07676
-1.15444
-1.15444
0.79629
0.79629
0.79629
0.79629
0.79629
0.79629
0.332764
0.707554
0.707554
0.707554
0.707554
0.707554
0.707554
0.707554
0.707554
0.707554
-0.763278
0.161435
0.161435
0.161435
0.950018
0.950018
-0.680177
-0.412886
-0.412886
-0.412886
-0.412886
-0.772844
-0.67452
-0.67452
-0.67452
0.446293
-0.293608
-0.293608
-0.293608
-0.293608
-0.293608
-0.293608
-0.293608
-0.447272
-0.447272
-0.447272
-0.447272
-0.447272
-0.447272
-0.447272
-1.16279
-0.506066
-0.506066
-0.506066
-1.51754
-1.01911
-1.01911
-1.01911
-1.01911
-1.01911
-1.01911
0.470743
0.470743
0.470743
0.470743
0.470743
0.470743
0.470743
1.20573
-0.907979
-0.499581
-0.499581
-0.499581
-0.499581
-0.499581
1.22117
1.22117
1.22117
1.22117
1.22117
1.22117
-0.195158
-0.195158
-0.294207
-0.294207
-0.294207
-0.294207
-0.294207
-0.212173
-0.212173
-0.212173
0.628579
0.628579
0.628579
0.628579
0.430451
0.430451
0.430451
0.430451
0.430451
1.43988
1.02664
1.02664
1.02664
1.02664
0.00891563
0.00891563
0.00891563
-0.400086
-0.400086
-0.400086
-0.400086
-0.400086
-0.400086
-0.400086
0.709072
0.709072
0.709072
0.709072
0.709072
0.221117
-0.652545
-0.652545
0.588129
0.588129
0.588129
1.19791
1.19791
1.19791
-0.772545
-0.772545
0.114839
0.114839
0.114839
0.75055
0.398244
0.398244
-1.29401
-1.29401
-1.29401
0.132304
0.132304
0.132304
0.740677
0.971468
0.971468
0.971468
0.971468
0.971468
0.971468
-0.448312
-0.448312
-0.448312
-0.448312
-0.611773
-1.17795
-1.17795
-1.17795
-1.17795
-1.05713
-1.05713
-1.05713
-1.05713
-0.40859
-0.40859
-0.40859
0.872194
0.872194
0.872194
0.872194
0.872194
-0.58813
-0.58813
-0.58813
-0.58813
-0.58813
-0.58813
-0.58813
-0.58813
-0.58813
-0.58813
1.0027
-0.359787
-0.359787
-0.765113
-0.765113
-0.765113
0.727861
0.727861
0.389521
0.389521
0.389521
0.405225
0.127115
-0.0774752
-0.0774752
0.541968
-0.15071
-0.15071
0.979957
-1.36881
-1.36881
-1.36881
-1.36881
-0.506197
-0.506197
-0.506197
-0.506197
-0.506197
-0.506197
-0.0797912
-0.0797912
-0.0797912
-0.0797912
-0.0797912
-0.0797912
-0.0797912
-0.0797912
-0.0797912
-0.0797912
-0.0797912
-0.0797912
0.462878
0.462878
0.462878
0.462878
-0.567259
-0.567259
0.514391
0.514391
-0.698032
-0.698032
0.609506
0.609506
0.609506
0.609506
-0.722903
-0.722903
-0.722903
0.27545
0.27545
0.27545
0.411896
0.65621
0.65621
0.65621
0.65621
0.65621
0.467142
0.467142
0.162538
0.162538
0.162538
0.162538
0.162538
1.30624
1.30624
-0.100506
0.572691
0.572691
-0.830342
-0.830342
1.10393
0.693418
0.693418
0.693418
0.693418
-0.204788
-0.204788
-0.204788
0.471062
-0.500384
-0.500384
-0.500384
-0.500384
0.638771
0.638771
0.638771
0.638771
0.638771
0.638771
-0.765004
-0.765004
-0.765004
-0.549564
-0.549564
-0.549564
0.821103
0.821103
0.821103
0.821103
0.821103
0.81107
0.81107
0.81107
0.81107
0.81107
-0.924401
-0.924401
-0.924401
-0.924401
0.964128
1.11143
1.11143
1.11143
1.11143
-1.23437
-1.23437
-1.23437
-1.23437
-1.23437
-1.23437
-1.23437
-1.23437
0.427887
0.427887
0.427887
0.751232
0.751232
0.751232
-0.196363
-0.196363
-0.196363
-0.552744
-0.552744
0.623388
0.623388
0.532602
-0.0406711
-0.0406711
-0.0406711
-0.0406711
-0.0406711
-0.973351
-0.973351
-0.973351
-0.973351
1.06646
1.06646
1.06646
1.06646
1.06646
1.06646
1.06646
1.06646
1.06646
1.06646
0.616094
0.616094
0.616094
0.616094
-0.120288
0.939452
0.939452
-0.809121
-0.809121
-0.809121
-0.809121
-0.559691
0.781688
0.684536
0.684536
0.684536
0.775536
0.775536
0.965939
0.198503
0.198503
-0.41235
-0.520563
0.980651
0.980651
0.980651
0.980651
0.980651
0.680899
0.680899
0.680899
-0.567862
-1.35899
-1.35703
-0.732522
-0.732522
-0.732522
-0.732522
-0.732522
-0.732522
0.358376
0.358376
0.343601
0.343601
0.343601
0.0791581
-0.972498
-0.972498
-0.972498
0.169357
1.39915
1.39915
1.39915
0.561383
-0.0727786
-0.0727786
-0.0727786
1.01946
1.01946
0.445299
0.445299
0.445299
0.445299
-0.351759
-0.351759
-0.351759
-0.351759
-0.351759
-0.351759
-0.351759
0.106677
0.106677
0.106677
0.350787
0.350787
0.976606
0.976606
0.976606
0.976606
0.976606
0.976606
0.976606
-0.862198
-0.862198
-0.862198
-0.862198
0.419249
0.419249
0.419249
0.419249
-0.775425
-0.775425
-0.775425
-0.775425
-0.775425
-0.775425
-0.775425
-0.989726
-0.989726
-0.537764
-0.537764
-0.827022
-0.827022
-0.2127
-0.2127
-0.2127
-0.993039
0.513886
-0.449701
-0.449701
-0.449701
-1.54596
-1.54596
-0.769821
-0.573029
-0.573029
-0.573029
-0.573029
-0.573029
-0.573029
0.519833
-0.0680857
0.198474
0.198474
0.198474
0.277851
0.717652
0.717652
1.69608
1.69608
-0.534252
-0.534252
-0.534252
-0.534252
-1.64988
-1.64988
-1.64988
-0.400891
-0.400891
-0.400891
-0.400891
-0.270788
0.612899
-1.4766
-1.4766
0.549626
0.549626
0.549626
1.04374
1.04374
-0.208341
0.691556
0.120157
0.114103
0.114103
0.114103
0.114103
-0.506367
-0.506367
-0.917323
-0.917323
-0.917323
-0.917323
-0.917323
-0.917323
-0.917323
0.266774
-0.225062
-0.187061
-0.187061
0.527337
0.527337
0.527337
0.527337
-0.352263
0.18687
0.18687
0.18687
0.18687
-1.33894
-0.968443
-0.968443
0.15039
0.15039
-0.671917
0.91582
0.91582
0.91582
0.91582
0.752637
-0.745714
-0.899901
-0.899901
-0.899901
-0.899901
-0.899901
-0.899901
-0.899901
-0.899901
1.27827
0.100874
0.100874
-0.838843
-0.838843
0.179194
0.179194
0.223018
-0.0175467
-0.0175467
1.20429
1.20429
1.20429
1.20429
1.20429
1.20429
1.20429
0.857499
0.857499
-0.985164
0.119022
0.261989
0.261989
0.261989
0.261989
0.261989
-1.4621
0.156148
0.156148
0.156148
1.14037
1.14037
0.574031
0.574031
0.574031
0.574031
0.574031
-0.874197
-0.402841
-0.879499
-0.879499
-0.879499
-0.879499
-0.139805
0.942999
-0.281131
0.506001
0.506001
0.506001
0.506001
0.506001
-0.544472
-0.773257
0.789846
0.789846
0.789846
0.789846
0.789846
-0.249293
0.957038
0.957038
0.957038
0.957038
-0.814616
-0.814616
-0.814616
-0.814616
1.03303
1.03303
1.03303
1.03303
0.0671987
0.0671987
-0.684669
0.918514
0.918514
0.918514
-0.956706
0.327207
-0.803585
-0.803585
-0.803585
-0.871189
-0.871189
-0.871189
-1.05861
-1.05861
-1.05861
-1.05861
-1.05861
-1.05861
-1.05861
-1.48435
-1.48435
-1.48435
-1.48435
0.538108
0.538108
0.538108
0.538108
0.538108
0.538108
0.538108
0.538108
0.538108
0.538108
-0.612738
-0.264744
0.00546281
0.00546281
0.00546281
0.00546281
0.296198
0.296198
0.296198
-1.32577
-1.32577
-1.14072
-0.20733
-0.20733
-0.20733
-0.20733
0.91053
0.91053
0.223193
-0.42423
-0.42423
-0.359225
-0.359225
-0.689493
-0.689493
0.989126
0.989126
0.989126
0.989126
-0.0342642
-0.0342642
-0.0342642
-0.0342642
-0.0342642
0.90456
-0.0810029
-0.0810029
-0.0810029
-0.332019
-0.681112
-0.681112
-0.681112
-0.681112
-0.681112
-0.681112
-0.623507
-0.623507
-0.623507
-0.623507
1.13437
-1.06852
-1.06852
-1.5225
0.358275
-1.04773
-1.49865
-0.186596
-0.186596
0.692608
0.354599
0.252995
0.252995
0.252995
0.252995
0.252995
0.252995
0.252995
0.252995
0.836101
0.836101
0.748175
0.748175
0.748175
0.748175
-0.496528
-0.496528
-0.496528
-0.496528
-0.496528
1.23591
0.755797
0.755797
0.00692264
0.00692264
0.695433
0.695433
-0.828736
-0.828736
1.00911
1.35025
1.0469
1.0469
1.0469
1.0469
-0.116041
-0.926868
-0.926868
-0.926868
-0.926868
-0.926868
-0.926868
-0.926868
0.823004
-0.518211
0.081813
0.081813
0.491032
-1.72828
-1.72828
1.84293
1.84293
1.84293
-1.6125
-0.301314
-0.453246
-0.453246
-0.453246
-0.453246
0.75225
0.75225
-0.0207595
0.817061
0.817061
-0.765271
-0.765271
0.767466
0.155316
-0.966984
-1.74941
-1.74941
1.09969
1.09969
1.09969
1.09969
-0.646172
-0.646172
-0.646172
-0.646172
-0.646172
-0.471593
-1.29016
0.617292
0.617292
0.617292
0.617292
0.617292
0.617292
0.617292
1.4361
0.41537
-1.18506
-1.18506
-1.18506
-1.18506
-1.18506
-1.18506
0.690327
0.861987
0.861987
0.861987
0.861987
0.861987
0.861987
0.980929
0.980929
-1.02388
-1.02388
-1.02388
-1.02388
-1.03032
-1.03032
-1.03032
-1.03032
-1.03032
-1.03032
-1.35405
-1.35405
-1.35405
0.481075
0.481075
0.481075
0.481075
0.481075
0.125775
0.667126
0.667126
0.857526
-1.60152
0.731811
0.731811
0.731811
0.731811
0.731811
-0.941921
-0.941921
-0.941921
-0.941921
0.156969
-0.282572
-0.282572
-0.282572
-0.282572
-0.282572
-0.282572
-0.282572
-0.282572
-0.282572
-0.282572
-0.282572
-0.282572
-0.282572
-0.282572
-1.27956
-1.27956
-0.725207
-0.725207
0.548088
0.548088
1.53002
1.53002
1.53002
1.53002
1.46513
1.46513
-0.322563
0.626174
0.272061
0.272061
-0.618049
-0.618049
-0.618049
-0.618049
-0.618049
-0.698213
-0.698213
-0.698213
-0.698213
-0.698213
-0.0559397
-0.0559397
-0.0559397
-0.0559397
-0.0559397
-0.0559397
-0.0559397
-0.922443
-0.922443
0.276237
-0.351114
-0.351114
-0.351114
-0.351114
-0.351114
-0.351114
-0.351114
0.162181
0.162181
0.162181
0.162181
-0.425301
-1.11583
-0.822926
-0.822926
-0.822926
-0.822926
-0.822926
-0.822926
-0.822926
-0.822926
-0.822926
0.64784
0.64784
0.588132
-0.754724
-0.0637315
-0.0637315
-0.0637315
-0.0637315
-0.578092
-0.578092
1.50227
0.864173
0.553601
0.844749
0.844749
-0.78591
-0.78591
0.121894
0.121894
-0.742509
0.982857
0.432598
0.432598
0.432598
0.908615
-0.222781
-0.23143
0.509994
0.509994
0.994868
1.98349
1.98349
1.98349
1.0675
1.0675
-0.178576
0.156784
0.156784
-0.217406
-0.217406
-0.217406
-0.230341
-0.230341
-0.230341
1.05693
1.05693
1.05693
1.00787
1.24912
-1.15666
0.690895
0.690895
0.690895
0.690895
0.690895
-0.000876503
0.890589
0.108133
-0.334444
-0.334444
-0.334444
-0.334444
-0.82968
-0.82968
0.403464
0.403464
0.403464
0.403464
0.403464
0.403464
-0.822158
-0.822158
-0.822158
-0.822158
-0.822158
0.110555
0.110555
0.110555
0.110555
0.110555
0.110555
0.110555
0.110555
-0.623589
-0.856125
-0.856125
-0.856125
0.338578
-0.226454
-0.226454
-0.117332
-0.117332
-0.117332
-0.117332
0.0722139
0.0722139
0.0722139
-0.400353
-0.477271
-0.0459436
-1.14559
0.604046
-0.534628
-0.321293
-0.321293
-0.529564
1.05458
1.05458
-1.31563
-1.31563
-1.31563
0.482214
0.482214
0.482214
-0.0383582
-0.0383582
0.600269
-0.741751
-0.741751
-0.741751
-0.741751
-0.741751
-0.843002
-0.843002
-0.843002
-0.843002
-0.843002
-0.843002
-0.843002
-0.843002
-0.843002
0.33715
-0.702857
-0.702857
1.32922
0.872641
0.872641
0.872641
0.872641
-1.18805
1.13676
-1.12577
-0.815292
-0.815292
-0.815292
-0.815292
-0.815292
-0.815292
-0.815292
-0.528424
0.431488
0.431488
0.431488
0.431488
1.31528
1.31528
1.31528
-0.0454118
-0.0454118
-0.398461
-0.398461
-0.398461
-0.398461
-0.398461
-0.398461
0.429714
0.429714
0.429714
0.429714
0.429714
-0.0928822
1.36109
1.36109
0.297671
0.297671
-0.324311
-0.324311
-0.324311
0.501776
0.501776
0.727058
0.727058
0.727058
1.57314
-1.66764
-1.66764
-0.295381
-0.295381
-0.295381
-0.295381
0.624799
-1.32588
-1.32588
-1.32588
-1.32588
-1.32588
-1.32588
-1.32588
-1.32588
0.35443
0.35443
-0.400644
-0.400644
-0.400644
-0.400644
-0.400644
-0.400644
-0.244376
-0.244376
-0.244376
-0.244376
-0.244376
-0.244376
1.15369
1.15369
-0.13809
-0.13809
-0.13809
-0.670123
-0.670123
0.146509
0.146509
0.146509
0.146509
0.146509
-0.437077
-0.437077
-0.437077
-0.437077
-0.437077
-0.437077
-0.437077
-0.437077
-0.437077
-0.437077
-0.437077
0.725975
0.725975
0.725975
0.507541
-0.0969009
-0.0969009
-0.0969009
-0.0969009
-0.0969009
-0.0969009
0.833766
-0.702202
-0.802135
-0.802135
-0.686272
-0.686272
-0.686272
-0.686272
-0.686272
0.475748
0.475748
0.475748
0.475748
0.475748
0.475748
-0.956179
-0.956179
-0.260859
-0.260859
1.04467
1.04467
1.04467
1.04467
1.04467
-0.472012
-0.472012
-0.472012
1.1358
1.1358
1.0688
1.0688
1.0688
1.0688
1.0688
1.0688
1.0688
1.0688
-0.159074
-0.159074
0.668986
0.668986
0.668986
-0.774129
-0.934711
-0.934711
-0.934711
0.171619
-0.352461
-1.4231
-1.4231
-0.774333
-0.774333
-0.774333
-0.774333
-0.774333
-0.774333
-0.508678
-0.508678
-0.508678
-0.508678
1.36231
1.02958
1.02958
1.02958
1.02958
-1.17629
-1.17629
-1.17629
-0.250728
-0.250728
-0.250728
-1.06079
-1.06079
0.0299044
0.0299044
0.0299044
0.0299044
-0.558053
-0.472648
-0.472648
-0.472648
-0.472648
-0.472648
-0.472648
-0.472648
-0.472648
-0.472648
-0.472648
-0.224437
-0.224437
-0.224437
-0.224437
-0.224437
-0.224437
-0.224437
-0.224437
-0.224437
-0.224437
0.154344
0.154344
0.74508
-0.61504
0.0228991
0.0228991
0.945195
0.945195
0.945195
0.945195
0.945195
-1.29717
-0.16519
-0.16519
-0.16519
0.65893
0.65893
0.65893
0.602233
0.602233
0.602233
0.602233
0.602233
-0.637257
0.545941
0.545941
-1.33908
-1.33908
1.41674
1.41674
-0.0138848
-0.0138848
-0.0138848
-0.0138848
-0.0138848
-0.0138848
-0.0138848
-0.0138848
-0.764527
-0.764527
-0.764527
-0.764527
0.543672
-0.718123
-0.718123
-0.718123
-0.718123
-0.718123
-0.718123
-0.718123
0.54818
0.54818
0.54818
0.762339
-1.24147
-1.27685
-1.27685
-1.27685
-1.27685
-0.897301
0.358487
1.49469
1.49469
1.49469
1.49469
1.49469
-1.20525
-1.20525
0.903408
0.903408
0.903408
1.01414
1.01105
1.01766
-0.821362
-0.821362
-0.821362
-0.821362
-0.821362
-0.821362
-0.821362
-0.821362
-0.821362
-0.821362
-0.821362
-0.821362
-0.821362
-0.821362
1.12109
1.12109
1.12109
-0.39056
-0.595969
-0.595969
-0.595969
-0.769748
-0.769748
-0.769748
-0.769748
-0.471438
-0.471438
-0.471438
-0.471438
-0.471438
-0.910942
0.752587
0.752587
-0.424888
-0.424888
-0.998655
-0.998655
-0.998655
-0.946519
-0.0106745
-0.0106745
-0.00281785
0.874493
0.874493
0.874493
0.874493
0.874493
-0.148272
-0.148272
-0.148272
0.253816
0.0145786
-1.43166
-1.43166
-1.43166
1.19895
0.259284
0.259284
0.611491
0.611491
-0.314134
-0.0433107
-0.0433107
0.391394
-0.244236
-0.244236
0.765809
0.765809
0.230942
0.230942
0.230942
-0.199721
-0.199721
-0.199721
-1.11053
-1.11053
-1.11053
-1.11053
-1.11053
-1.11053
-1.11053
-1.11053
-1.11053
-0.495819
-0.495819
-0.495819
-0.495819
-0.495819
-0.495819
-0.495819
-0.495819
-0.495819
-0.748013
-0.748013
-0.748013
-0.748013
-0.748013
-0.233195
-0.233195
-0.233195
-0.233195
-0.233195
-0.233195
-0.401394
-0.401394
-0.401394
-1.32478
-1.32478
-1.32478
-0.304576
-0.304576
1.33105
1.33105
1.33105
-0.624874
-0.624874
-1.05376
-1.05376
-1.05376
-0.581024
1.40867
0.117673
0.117673
0.117673
0.117673
-0.0205821
-0.0205821
-0.0205821
-0.0205821
-0.0205821
-0.0205821
-0.0205821
-0.0205821
-0.105173
0.11276
0.11276
1.54414
1.54414
1.54414
1.54414
1.54414
1.54414
1.54414
-0.838169
-0.838169
-0.838169
-0.838169
-0.838169
0.543398
-1.24819
1.34628
1.34628
1.34628
0.994131
0.994131
0.994131
0.994131
-0.074109
-0.074109
-0.074109
-0.074109
-0.412824
-0.412824
-0.412824
-0.412824
-0.412824
0.130878
0.130878
0.130878
-1.08381
-1.08381
-1.08381
-1.08381
-1.08381
-1.08381
-1.08381
-0.303648
-0.303648
-0.303648
-0.520792
-0.166323
-0.486407
-0.486407
-0.486407
-0.486407
0.868975
0.868975
0.868975
0.868975
0.0866453
0.0866453
0.0866453
0.0866453
0.0866453
0.0866453
1.36272
1.36272
1.36272
1.36272
1.36272
-0.75863
-0.75863
-0.75863
-0.75863
0.384711
-0.474768
-0.358686
-0.358686
-0.570434
0.216849
0.216849
-0.52674
-0.52674
0.510057
0.510057
0.969325
-0.0375149
-0.0375149
-0.0375149
1.20428
-0.0629688
-0.341056
-0.341056
-0.674841
-0.674841
-0.520327
-0.520327
-0.520327
0.229768
0.229768
0.229768
0.942105
0.942105
0.942105
0.269477
0.269477
0.269477
0.232527
0.232527
0.480503
0.480503
0.834627
0.834627
-0.91439
-0.711406
-0.711406
-0.711406
-0.711406
-0.711406
-0.711406
0.857748
-0.513692
-0.513692
-0.513692
-0.513692
-0.415902
-0.415902
1.63403
1.63403
1.63403
-1.9319
-1.54834
-1.54834
1.15253
-0.00197133
-0.00197133
-0.00197133
-0.00197133
-0.00197133
1.26262
0.172445
1.85868
-1.35894
-0.784406
-0.784406
-0.784406
-0.0930538
-0.0930538
-0.0930538
0.206753
0.206753
0.0594657
-0.279185
-0.279185
-0.279185
-0.279185
-0.279185
0.120217
0.120217
0.120217
0.560004
-0.0286605
-0.0286605
-0.0286605
-0.0286605
-0.0286605
1.48017
-0.570741
-0.490709
0.776956
0.776956
0.408831
0.918464
-0.734536
1.04809
1.32623
0.984804
0.984804
-0.85689
-0.85689
0.583892
0.583892
0.583892
-0.484064
-0.484064
-0.484064
-0.484064
-0.484064
-0.484064
-0.484064
0.200929
0.200929
0.200929
-0.673033
-0.673033
-0.673033
-0.673033
-0.673033
-1.37633
-1.37633
0.0706389
0.0706389
0.0916574
0.681943
0.681943
0.681943
0.681943
0.259846
-0.731067
-0.731067
-0.731067
-0.731067
-0.731067
-0.731067
-0.731067
0.696789
0.696789
0.247765
0.247765
0.247765
0.800046
0.800046
0.800046
0.800046
0.800046
-1.09778
-1.09778
-1.09778
-1.09778
-1.09778
-1.09778
-1.09778
-1.09778
-1.09778
1.09574
-0.81761
-0.288957
-0.461697
-0.461697
-0.461697
-0.461697
-0.461697
-0.461697
-0.461697
-0.461697
-0.461697
0.357439
0.357439
0.357439
0.357439
0.357439
0.357439
0.357439
1.70187
0.506815
0.523406
0.523406
-1.25073
-1.25073
-1.25073
1.08526
0.350064
0.842728
0.842728
-1.43653
-1.43653
-1.23068
-0.45861
-0.45861
-0.45861
-0.0389378
0.392659
0.392659
1.30293
1.30293
1.30293
0.874446
0.874446
0.874446
0.874446
0.874446
0.874446
0.874446
0.874446
0.874446
0.874446
0.874446
0.874446
0.874446
-0.891262
-0.891262
-0.891262
0.83141
0.83141
0.83141
0.83141
0.83141
0.872082
0.872082
0.872082
0.872082
0.872082
0.872082
0.872082
0.872082
0.872082
0.872082
0.747156
0.4591
0.4591
0.383584
-1.00632
-1.00632
-1.00632
-0.47221
-0.47221
-0.47221
-0.747024
-0.747024
0.884288
0.884288
0.884288
0.884288
0.884288
0.884288
0.884288
-1.27635
-0.669181
0.755668
0.755668
0.755668
0.755668
-0.0560551
-0.0560551
0.782217
0.782217
0.782217
0.782217
-0.75139
-0.75139
-0.75139
-0.75139
-0.75139
-0.75139
-0.75139
-0.75139
-0.75139
0.747607
0.368638
0.368638
0.368638
0.368638
0.368638
-0.2752
0.719415
0.719415
0.719415
0.719415
0.719415
0.719415
-0.504388
0.274353
0.274353
-0.748966
1.35523
1.35523
1.35523
1.35523
-0.282482
-0.282482
-0.213728
-0.213728
1.77604
-0.432522
-0.329635
0.666579
1.15451
0.966009
0.966009
0.966009
0.966009
0.966009
0.966009
0.502612
0.502612
-0.127904
-0.127904
-0.127904
-0.127904
-0.127904
-0.127904
-0.364552
-0.364552
-0.364552
-0.364552
-0.364552
-0.364552
1.18585
1.18585
-1.21789
-1.21789
0.983343
0.983343
0.983343
0.983343
-1.4922
-1.46722
-1.46722
-1.14582
-1.14582
-1.14582
-1.14582
-0.0633933
-0.367535
-0.367535
-0.367535
-0.181526
-0.498593
0.410584
0.410584
0.410584
0.410584
0.410584
0.410584
0.410584
0.150551
0.150551
0.150551
-1.06346
-1.06346
-1.06346
-1.06346
-1.06346
0.938784
0.938784
0.938784
0.938784
0.938784
0.742995
0.742995
0.742995
0.742995
0.742995
0.742995
0.742995
0.742995
0.742995
0.742995
0.742995
0.742995
1.69696
1.85731
0.935802
0.935802
0.935802
0.401825
0.401825
1.60254
1.60254
1.52502
1.52502
-0.189086
-0.623696
-0.623696
-0.291481
2.14689
0.138825
0.138825
0.138825
0.0754149
-0.158161
-0.240206
0.519323
0.519323
-0.261502
-0.261502
0.648818
0.648818
-0.69604
0.729521
-0.714657
1.23181
1.23181
-0.400922
-0.400922
-0.400922
-0.400922
-1.00882
0.539219
0.539219
1.00947
1.00947
1.00947
0.303173
0.303173
0.303173
0.303173
0.303173
0.303173
0.315846
0.315846
0.315846
-0.0727273
-0.0727273
-0.0727273
-0.0727273
-0.0727273
-0.0727273
-0.0727273
-1.79731
-1.09853
-0.742388
-0.742388
0.374886
1.47508
0.193801
0.331289
-1.16747
-1.16747
-0.00668794
-0.00668794
-0.00668794
-0.00668794
-0.00668794
-0.00668794
-0.00668794
-0.00668794
-0.00668794
0.133189
0.133189
1.21022
1.21022
1.21022
1.21022
-0.531501
-0.531501
-0.531501
0.2802
-0.0557956
-0.0557956
-0.237783
-0.237783
-0.237783
1.2973
1.2973
-1.0574
-1.0574
-0.531188
-0.531188
-0.531188
-0.531188
-0.531188
-0.526693
-0.526693
-0.526693
-0.526693
-0.526693
-0.526693
-0.526693
1.39635
-1.23229
-1.23229
0.985471
0.985471
0.985471
0.985471
0.985471
1.37529
-1.56711
1.348
0.702518
0.702518
0.702518
0.702518
0.702518
0.702518
0.702518
0.702518
0.702518
0.702518
0.702518
0.702518
0.702518
0.702518
-0.866088
-0.866088
-0.334752
-0.334752
-0.334752
0.0695505
0.0695505
0.0695505
0.0695505
1.3327
1.3327
1.3327
1.3327
1.59475
1.59475
-1.96887
0.523668
-0.613857
-0.613857
-0.613857
-0.613857
-0.903703
-0.384617
-0.384617
1.1486
1.1486
1.1486
1.1486
1.1486
1.1486
1.1486
-0.505306
-0.505306
-1.06277
-1.06277
-1.06277
-0.578766
-1.35141
-1.35141
-1.44425
-1.44425
-1.44425
-0.889139
-0.889139
-0.889139
0.393313
0.393313
-1.03511
-1.03511
-1.03511
-1.03511
-1.03511
-1.24669
-1.24669
-1.24669
-1.24669
1.3409
1.3409
1.3409
1.3409
1.06047
0.243413
-0.0204634
-0.0204634
0.430466
0.430466
0.430466
0.430466
0.430466
0.430466
0.430466
-1.37319
-0.171804
-0.0415277
-0.0415277
-0.0415277
-0.0415277
-1.49141
0.965443
0.955241
0.955241
0.955241
0.955241
0.955241
0.955241
0.955241
0.955241
0.955241
1.16124
1.16124
1.16124
-0.830971
-0.830971
-1.34334
-1.34334
-1.65584
-1.65584
-1.65584
-1.65584
-1.65584
-1.65584
0.461775
0.461775
-0.645115
-0.645115
-0.645115
-0.645115
-0.645115
-0.645115
-0.309744
-0.309744
-0.553052
-0.553052
-0.553052
0.0424903
0.0424903
0.0424903
0.0424903
0.0424903
-0.711085
-0.711085
-0.711085
0.234233
-0.177368
1.30484
1.30484
0.0718771
0.815057
0.815057
0.815057
0.815057
0.73967
-0.324422
-0.324422
-0.324422
0.382391
-0.748303
-0.737755
0.424492
0.424492
0.970602
0.970602
0.970602
0.970602
0.970602
0.970602
0.970602
0.970602
0.970602
0.970602
0.970602
0.970602
0.970602
0.970602
0.970602
0.970602
0.970602
0.66853
0.66853
0.66853
-0.80031
-0.80031
-0.80031
1.28461
1.28461
1.28461
-1.19106
0.596947
0.596947
-0.93327
-1.82173
-1.82173
-0.701819
0.942831
0.942831
0.942831
0.942831
0.942831
0.942831
0.942831
0.942831
0.942831
0.942831
0.942831
-0.32255
-0.32255
0.268855
0.268855
0.268855
0.268855
1.53644
0.801508
0.801508
0.801508
0.801508
0.808565
0.808565
0.808565
0.808565
-0.630195
-0.630195
-0.630195
-0.630195
-0.630195
-0.630195
-0.630195
-0.630195
-0.630195
0.871755
0.871755
0.871755
-1.14585
-0.829168
-0.829168
-0.474415
-0.474415
-0.474415
-0.474415
-0.474415
-0.474415
-0.90833
-0.90833
-0.90833
-0.90833
-0.655591
-0.655591
-0.655591
-0.270613
-0.269653
-0.0422217
-0.0422217
-0.0422217
-0.0422217
-0.0422217
1.47881
1.47881
1.31694
1.31694
1.17417
1.17417
1.17417
1.17417
1.17417
-1.76349
-1.76349
0.0989431
0.627089
-0.88551
0.758611
-0.392261
-0.945678
1.00721
1.00721
1.00721
1.00721
0.403816
-1.91547
-1.91547
-0.208505
-0.208505
-0.208505
-0.208505
-0.208505
-0.208505
-0.821301
-0.821301
1.58951
-1.19173
-1.1458
1.23453
-1.25973
-1.25973
-1.25973
-1.25973
-1.34355
-1.34355
-0.716736
-0.716736
0.80413
0.80413
0.80413
-0.308334
1.35827
1.35827
1.35827
1.35827
1.35827
-1.05645
-1.05645
1.07982
1.07982
1.07982
-0.0560715
-0.0560715
-0.0560715
-0.77853
-0.77853
0.774963
-0.42591
-1.46504
1.82855
1.82855
-0.275375
0.328045
-0.297572
1.51965
1.51965
-1.88583
-1.88583
-1.88583
-1.88583
-1.88583
0.746092
0.652042
0.652042
0.652042
0.652042
0.652042
0.652042
0.652042
0.652042
0.652042
0.652042
0.652042
0.652042
0.0901633
0.0443455
0.0443455
1.00361
-1.04277
0.73417
0.73417
0.73417
1.70242
1.81516
1.81516
-1.50682
-0.600439
-0.600439
-0.600439
-0.741526
-0.741526
-0.741526
-0.741526
-0.741526
-0.83848
-0.148252
-0.148252
0.289122
-0.56746
-0.56746
0.754451
0.953735
-0.131034
-0.131034
-0.131034
-0.525066
-0.525066
0.114965
0.0958029
0.356507
0.356507
0.356507
0.356507
-0.0877463
-0.0877463
-0.0877463
-0.0877463
-1.33133
-1.33133
1.33256
1.33256
0.953902
0.953902
0.953902
0.953902
1.13912
1.13912
0.662753
0.662753
0.698021
0.698021
0.698021
-0.214993
-0.214993
0.594631
0.594631
-0.526396
-0.526396
-0.813083
-0.813083
-0.813083
-0.813083
-0.813083
-0.813083
0.767789
0.767789
1.09036
1.09036
1.09036
1.09036
1.09036
-1.10097
-1.10097
-1.10097
-1.51489
-1.51489
-1.51489
-1.51489
-1.51489
-1.51489
-1.51489
-0.309906
-0.309906
-0.309906
-0.309906
-1.24557
-1.24557
-1.24557
-1.57052
-0.887933
-1.01793
-1.03405
-1.32364
0.643206
-0.698479
0.860746
0.860746
0.880105
0.309622
0.309622
0.309622
0.309622
0.309622
0.309622
0.309622
0.309622
0.309622
0.309622
-0.160753
1.5276
0.454246
-0.618075
-0.364062
-0.364062
-0.364062
-0.364062
-0.364062
-0.364062
-0.0422583
-0.0422583
-0.0422583
0.0124445
0.0124445
0.0124445
0.0124445
0.0124445
-1.22313
-1.22313
-1.22313
-1.22313
-1.22313
0.352574
0.352574
0.352574
0.352574
0.352574
-0.511594
-0.511594
0.180108
-0.0972985
-0.0972985
-0.0972985
0.0472308
0.0472308
0.0472308
-0.409424
-0.409424
-0.409424
-0.409424
-0.409424
-0.409424
-1.08759
-0.62515
-0.62515
0.186047
-1.04557
-0.277774
-0.399383
-0.399383
-0.427893
-0.427893
-0.427893
-0.427893
-0.427893
-0.427893
-0.427893
-0.427893
-0.427893
-0.427893
-0.427893
-0.699412
1.12261
1.12261
1.12261
1.12261
-0.472245
0.165216
-0.675924
-0.675924
-0.675924
0.961432
0.961432
-0.908369
-0.908369
-0.908369
0.113633
-0.155094
-0.155094
-0.155094
-0.291639
-0.116082
-0.116082
-0.116082
-0.116082
0.699069
0.699069
0.699069
0.699069
0.699069
1.12927
0.343963
-0.120284
-0.120284
-0.120284
-0.120284
0.13073
-1.01777
-1.01777
-1.01777
-1.01777
-1.01777
-1.01777
-1.01777
-1.13896
0.696437
0.696437
0.696437
-0.719058
-0.719058
-0.719058
-0.719058
-0.405257
-0.405257
-0.405257
-0.228245
-0.228245
-0.228245
-0.228245
-0.228245
-0.561639
-0.561639
-0.561639
-0.561639
-0.561639
-0.561639
0.709421
-1.0746
-1.0746
-0.159037
-0.159037
0.581596
0.581596
0.623928
-0.583334
-0.583334
0.573287
-0.380664
-0.380664
0.785953
0.785953
-0.761635
-0.761635
-0.761635
-0.761635
0.928058
-1.03163
0.601554
0.601554
0.0468811
0.0468811
0.0468811
0.0468811
-0.490879
0.608312
0.608312
1.17047
0.294793
0.526419
0.526419
0.414668
-0.437554
0.201039
0.201039
0.758496
0.758496
0.758496
0.758496
-0.20267
-0.20267
-0.20267
0.574144
0.566249
0.566249
0.566249
0.566249
0.0424607
0.0424607
1.44717
-1.43573
-1.43573
-1.43573
-1.43573
-1.43573
-1.43573
-1.42099
-1.42099
-1.42099
0.654474
0.654474
0.654474
0.654474
0.654474
0.718504
-1.08206
-1.08206
-1.00362
-1.00362
-1.00362
0.709313
0.709313
1.01285
1.01285
1.01285
1.01285
1.01285
1.01285
1.01285
0.0754231
0.0754231
1.1818
1.1818
-1.10784
-1.10784
-1.10784
-1.10784
-1.10784
-0.914612
-0.914612
-0.0800173
-0.0800173
-0.0800173
0.50162
0.50162
0.971785
0.971785
0.971785
0.971785
0.971785
0.0647831
0.0647831
0.0647831
0.0647831
0.0647831
0.0647831
0.0647831
1.06386
0.840724
0.840724
1.09641
1.19983
1.19983
1.19983
1.19983
1.19983
1.19983
1.19983
1.19983
-0.298545
-0.298545
-0.298545
-0.722271
-0.722271
-0.722271
-0.722271
-0.722271
-0.722271
-0.722271
-0.722271
-0.722271
-0.722271
-0.722271
-0.722271
-0.722271
0.99775
-1.59244
-0.576084
-0.576084
-0.576084
-0.576084
-0.576084
-0.576084
-0.576084
-0.526384
0.867536
-0.902246
-0.902246
1.37469
1.37469
1.37469
0.352392
0.749108
0.749108
-0.325461
-0.325461
-0.325461
-1.07692
-1.07692
-1.07692
-1.07692
-1.07692
-1.07692
-1.07692
-1.07692
-1.07692
-1.07692
1.53962
-1.31264
-0.850746
-0.850746
-1.21907
-1.21907
0.533471
0.533471
-0.148621
-0.957413
0.78004
0.78004
0.78004
-0.916362
-0.916362
-0.916362
-0.916362
-0.916362
-0.916362
-0.285003
0.516625
-1.01964
-1.01964
-1.01964
0.986492
0.986492
-0.31895
-0.31895
-0.31895
-0.31895
-0.31895
0.902168
0.902168
0.902168
0.112931
0.112931
0.112931
-0.592317
0.819022
1.34816
1.06883
1.06883
-0.406959
-0.603802
-0.774596
-0.774596
-0.743003
-0.743003
-0.743003
-0.743003
0.652735
0.652735
-0.909782
1.16574
1.16574
-1.05484
-1.05484
-1.05484
-1.05484
0.55923
0.55923
0.55923
0.639415
0.639415
0.639415
0.639415
0.639415
0.639415
0.639415
0.639415
0.639415
0.639415
-1.28378
-0.785529
-0.502102
-0.502102
1.02257
1.02257
1.02257
0.952352
1.01853
1.01853
1.01853
-1.63146
0.175715
0.175715
-0.670664
-1.25295
-1.25295
-0.0902154
-0.0902154
-0.0902154
-0.176081
-0.176081
-0.863584
-0.863584
-0.425977
-0.425977
-0.425977
-0.425977
-0.425977
-0.425977
-0.425977
-0.425977
-0.425977
-0.425977
-0.425977
-0.425977
-0.895813
-0.772995
-0.710956
0.164098
0.164098
0.164098
-0.82255
-0.82255
-0.82255
-0.82255
0.406242
0.406242
0.406242
0.406242
0.406242
-0.853079
-0.0257121
-1.2735
-0.715897
-0.715897
-0.715897
-0.715897
-0.0106051
-0.368332
-0.368332
-0.368332
-0.368332
-0.368332
-0.368332
-0.368332
-0.368332
-0.919079
-0.919079
1.15527
-1.09536
-0.660865
0.401556
0.401556
0.401556
1.04471
1.04471
-0.897183
-0.897183
-0.763751
-0.763751
-0.763751
-0.763751
-0.763751
-0.763751
0.737177
0.737177
0.737177
0.737177
0.737177
-0.409243
-0.409243
-0.409243
-1.29044
0.130177
0.130177
0.130177
0.130177
0.130177
0.130177
0.326493
-1.41583
-1.41583
0.40343
-0.565543
-0.897223
-0.440599
0.525602
0.525602
0.525602
1.21404
1.21404
0.94848
0.830434
-0.142042
-0.142042
-0.142042
-0.142042
-0.142042
-0.142042
1.4441
-1.4449
-1.4449
-1.29925
-1.29925
-1.29925
-1.29925
0.445551
0.445551
0.445551
0.445551
0.445551
0.543243
0.638889
-0.0121965
-0.0472741
-0.0472741
-0.0472741
0.491747
-0.330777
-0.330777
-0.330777
-0.330777
-0.97252
-0.87592
-0.87592
-0.87592
0.984923
-0.721632
-0.721632
-0.721632
-0.721632
-0.496852
-0.496852
-0.496852
-0.496852
-0.496852
0.596752
0.596752
0.596752
-0.570769
-0.570769
-0.570769
0.508806
0.43996
0.483581
0.483581
0.483581
0.483581
0.483581
-0.413001
-0.413001
-0.413001
0.432502
0.432502
0.432502
0.432502
0.432502
0.578709
-1.01993
-1.01993
1.76645
1.76645
1.65547
0.665235
0.665235
-0.532929
-0.708845
-0.708845
-0.708845
-0.708845
-0.708845
-0.708845
-0.708845
-0.708845
0.977782
-0.660584
-1.21333
-1.21333
1.28657
1.36445
-1.89903
-1.89903
-0.673595
-0.673595
-0.673595
0.213766
0.213766
-0.558968
-1.00713
-1.00713
1.31568
0.145381
-0.691261
-0.691261
-0.691261
-0.691261
-0.691261
-0.691261
1.05169
0.237564
0.237564
-1.10695
-1.10695
-1.10695
1.18404
0.14445
0.14445
0.14445
0.14445
0.14445
0.14445
-0.998897
-0.998897
-0.998897
-0.998897
-1.58158
-1.58158
-1.58158
-1.54461
-1.43248
1.10278
1.10278
1.10278
1.03018
1.03018
1.03018
1.03018
1.03018
0.956805
0.987879
0.987879
-0.830924
-0.830924
1.83703
1.83703
1.83703
1.30772
0.680581
0.680581
0.680581
0.680581
-0.747963
-0.0895599
-0.366687
1.19826
1.17477
-1.50998
-0.0847254
-0.0847254
-0.696157
-0.696157
-0.696157
-0.696157
-0.696157
-0.696157
-0.696157
-0.696157
-0.696157
-0.696157
-1.04453
-1.04453
-1.04453
-1.04453
-0.651051
-0.651051
0.756381
0.756381
0.756381
1.10507
0.690594
0.690594
-0.537076
-0.537076
-0.537076
-0.537076
-0.537076
-0.537076
-0.424408
0.616717
0.616717
0.616717
0.616717
0.616717
0.616717
0.616717
0.616717
-1.18627
-1.18627
-1.18627
-1.18627
-1.18627
-1.18627
-1.18627
1.14304
1.14304
0.628467
0.628467
0.628467
0.628467
0.628467
0.628467
-1.03766
-1.31348
-0.230682
-0.230682
-0.230682
-0.230682
-0.777596
-0.777596
1.11456
1.11456
1.11456
1.11456
1.11456
-0.376843
-0.376843
-0.376843
-0.376843
-0.955076
-0.955076
-0.955076
1.28846
1.28846
1.28846
1.28846
1.28846
1.28846
1.28846
-0.534791
-0.534791
-0.534791
-0.534791
-0.534791
-0.534791
-0.534791
-0.534791
-0.534791
-0.534791
-0.534791
-0.534791
-0.534791
-0.534791
-0.534791
-0.534791
-0.534791
-0.534791
-0.534791
-0.534791
-0.534791
-0.534791
-0.534791
-0.771932
-0.771932
-0.771932
-0.771932
0.793011
0.938904
0.938904
0.938904
0.938904
0.0219052
0.0219052
0.0219052
0.0219052
0.0219052
0.0219052
0.0219052
0.0219052
-0.637001
0.17959
0.17959
0.17959
0.17959
0.17959
0.17959
-0.964816
0.127689
-0.622025
-0.622025
-0.622025
0.716035
0.716035
0.716035
0.716035
-0.678975
1.22498
1.22498
1.3679
1.3679
1.3679
1.3679
1.3679
1.3679
1.3679
1.3679
-0.214051
-0.214051
-0.214051
1.69819
1.69819
0.0367295
-0.515606
-0.515606
-0.515606
-0.515606
-0.515606
-0.654605
-0.654605
-0.504917
-0.504917
-0.504917
-0.504917
-0.571919
-0.571919
-0.571919
-0.571919
-0.571919
0.920459
-0.401283
-0.401283
-0.401283
-0.401283
-0.401283
-0.401283
-0.936153
0.209315
0.209315
1.22164
1.22164
-1.31418
-1.31418
-1.31418
-1.31418
-1.31418
-1.31418
-1.31418
-1.31418
-1.31418
-1.50982
-1.50982
-1.50982
-0.807323
-0.807323
1.18731
1.18731
1.18731
-0.116714
1.13957
1.13957
0.680166
0.680166
0.680166
0.680166
0.680166
0.680166
0.680166
0.680166
0.680166
0.680166
0.680166
0.680166
0.808352
-0.990388
-0.990388
-0.990388
-0.990388
-0.990388
-0.990388
-0.0202282
0.606276
-1.1477
-1.1477
-1.1477
-1.1477
-1.1477
-1.1477
-0.883925
-0.883925
-0.883925
-0.883925
0.691156
0.691156
-0.945856
-1.29603
-1.29603
0.226043
0.226043
-1.06146
-1.06146
1.05609
0.179993
0.179993
0.179993
0.179993
0.179993
0.179993
0.179993
-0.142624
-0.142624
0.118832
0.118832
0.118832
0.927786
0.927786
0.927786
0.927786
0.927786
0.927786
0.57748
0.901837
0.742641
0.742641
0.742641
0.19222
0.19222
-1.02965
-1.02965
-1.02965
-1.02965
-0.164805
-0.164805
-0.164805
-0.164805
-0.164805
-0.281352
-0.281352
-0.281352
-0.766185
-0.766185
-0.766185
0.231286
-1.05036
0.691142
0.691142
0.691142
0.691142
0.691142
0.691142
0.691142
0.691142
0.464106
0.517785
0.517785
0.517785
0.374445
-0.202429
-0.202429
-0.202429
-0.202429
-0.202429
-0.202429
-0.202429
-0.202429
-0.202429
-0.202429
0.441141
0.441141
0.441141
0.441141
0.441141
-0.122725
-0.860157
-0.860157
-0.860157
-0.860157
-0.860157
-0.860157
-0.422612
0.501163
-1.28732
-1.28732
-1.28732
-1.28732
-1.04551
-1.04551
-1.04551
-1.04551
-0.0728621
-0.0728621
-0.0728621
-0.0728621
1.20984
1.20984
0.0222385
0.0222385
0.0222385
0.461406
0.461406
1.27318
1.27318
-0.0611536
-0.0611536
-0.0611536
-0.0611536
1.32831
1.32831
1.32831
1.32831
1.32831
1.29551
1.29551
1.16928
0.547232
0.547232
0.340433
0.340433
0.953248
1.00379
1.00379
0.0584043
0.0584043
1.13252
1.13252
1.13252
1.13252
1.13252
1.13252
-0.43589
-0.43589
1.03018
1.03018
1.03018
1.03018
1.03018
1.19276
1.19276
1.19276
0.876217
0.876217
1.61427
-1.64675
-1.17167
-0.586003
0.610163
0.610163
0.610163
0.610163
0.610163
0.610163
0.610163
0.610163
0.610163
0.610163
0.610163
0.610163
0.0219195
0.0219195
0.0219195
0.0219195
0.0219195
0.444983
-1.36034
-1.36034
-1.36034
-1.36034
-1.36034
-1.36034
-0.310993
-0.310993
-0.310993
-1.07413
-1.07413
-1.07413
-1.07413
-0.743656
-1.14405
-1.14405
-1.14405
0.0797731
0.0797731
0.0797731
-0.0812804
-0.630722
1.06446
1.06446
1.06446
1.06446
0.234787
0.234787
0.183916
0.183916
1.27244
1.27244
1.27244
1.27244
1.27244
1.27244
1.00619
0.467047
-0.652927
0.895482
0.895482
-1.32295
-1.32295
-1.42722
0.734819
0.763882
0.763882
-0.201495
-0.201495
-0.201495
-0.0484247
-0.0484247
-0.792071
-0.792071
-0.792071
-0.792071
0.351503
0.351503
0.351503
0.351503
0.351503
0.351503
0.351503
0.351503
0.351503
0.351503
-1.46824
-1.46824
-1.31116
-0.411912
-0.411912
-0.411912
-0.536629
-0.536629
0.715189
0.715189
0.242731
-1.07556
-1.07556
0.809278
0.809278
0.809278
0.809278
0.809278
-0.875427
-0.875427
-0.875427
-0.875427
0.28754
0.28754
0.28754
0.28754
0.28754
-0.578622
-0.578622
-0.578622
0.188615
0.188615
0.820257
0.696812
0.696812
0.696812
0.696812
0.591109
-0.827196
-0.827196
-0.827196
-0.827196
-0.827196
-0.827196
-1.52422
-0.966411
0.0225209
0.0225209
0.0225209
0.0225209
0.0225209
1.29253
1.29253
1.29253
1.29253
-1.27311
1.2007
1.2007
1.2007
1.2007
-1.19077
-1.19077
-1.19077
-1.03615
1.17052
1.18968
-0.724921
-0.724921
-0.724921
-0.724921
-0.598967
-0.598967
-0.598967
-0.598967
-0.598967
-0.598967
0.388211
0.388211
0.388211
0.388211
0.388211
0.388211
0.388211
-0.198522
-0.198522
-1.55792
-1.55792
0.520388
0.313402
0.313402
0.313402
0.313402
0.313402
0.473674
0.473674
0.473674
0.473674
0.473674
0.473674
0.468964
0.182141
0.0727059
0.0727059
0.45869
0.45869
0.45869
0.45869
0.45869
-1.2522
-1.2522
-0.701347
-0.701347
-0.701347
-0.701347
-0.908368
-0.908368
-0.908368
-1.13544
-1.13544
-1.13544
-1.13544
-0.0711947
0.195414
0.431609
-0.744289
-0.744289
-0.27847
-0.27847
-0.27847
-0.27847
-0.838308
-0.838308
-0.838308
-0.838308
-0.838308
-0.838308
-0.838308
-0.838308
-0.838308
-0.838308
0.101419
0.101419
0.101419
0.101419
0.101419
0.101419
0.101419
-0.421507
-0.421507
-0.421507
1.27473
1.27473
1.27473
-1.27298
-1.27298
1.05436
1.05436
-0.935878
0.435122
0.435122
0.435122
-1.96685
1.01963
1.01963
0.0492579
0.756804
0.756804
0.756804
0.512256
0.512256
0.728229
0.728229
0.728229
0.728229
-0.516683
0.312446
0.646588
1.0602
1.0602
-0.560034
-0.560034
-0.560034
-0.560034
-1.44222
-1.44222
-1.44222
1.07449
1.07449
1.57039
0.539243
0.539243
-1.07594
1.49553
-1.01347
-1.01347
-1.01347
-1.01347
-1.01347
-0.405106
0.289011
0.337449
0.337449
0.949811
-0.274761
-0.274761
-0.274761
-0.314312
-0.314312
-0.314312
-0.314312
-0.314312
-0.314312
-0.667124
-0.667124
0.408566
0.149778
0.980607
0.980607
0.957936
0.957936
0.957936
0.742188
0.742188
0.742188
0.289996
0.289996
0.289996
0.289996
0.289996
0.289996
0.151757
0.151757
0.151757
0.151757
0.151757
0.151757
0.151757
0.653629
0.653629
0.653629
0.599657
0.396423
-1.09539
-1.09539
-0.805175
-0.805175
-1.28084
1.10204
1.10204
1.10204
1.10204
-0.544789
-0.544789
-0.544789
-0.544789
-0.544789
-0.544789
-0.544789
0.412596
0.720158
0.720158
0.720158
0.720158
-0.94067
-1.09186
-1.09186
-0.288291
-0.74656
-0.0369922
-0.0369922
-0.0369922
-0.0369922
-0.0369922
-0.0369922
-0.0369922
0.603736
0.603736
0.548765
0.548765
0.548765
0.548765
0.548765
0.389772
0.389772
0.128931
-0.299162
0.956779
0.956779
0.0569203
0.0569203
0.0569203
0.0569203
0.0569203
-1.2574
0.000954831
0.000954831
0.000954831
0.000954831
0.000954831
0.84757
0.84757
-0.067475
-0.067475
-0.067475
-0.067475
-0.067475
-0.067475
-0.067475
0.543817
0.543817
0.543817
0.543817
0.0528931
0.0528931
0.0528931
0.0528931
0.0528931
0.0528931
-0.893074
-0.893074
-0.893074
-1.0096
-0.524862
-0.524862
-0.524862
-0.524862
0.62349
-0.298117
-0.298117
-0.298117
-0.457182
-0.451408
-0.647596
-0.323721
-0.323721
-0.323721
-0.323721
-0.323721
-1.36528
-1.36528
0.178063
0.178063
0.178063
0.178063
0.178063
0.178063
0.178063
0.178063
1.32145
-0.858769
-0.858769
-1.51606
-0.165618
-0.165618
0.0809262
0.0809262
0.0809262
0.0809262
0.0809262
-1.14188
-0.640143
0.0749891
0.792246
-0.896907
-0.896907
-0.896907
-0.896907
-0.896907
-0.896907
-0.896907
0.326588
-0.959354
-0.959354
-0.959354
0.334973
0.334973
-0.96475
-0.96475
-0.96475
1.35118
1.35118
1.35118
1.35118
-0.75389
1.15923
1.15923
0.627568
0.627568
-0.461587
0.193006
0.193006
0.193006
0.193006
-0.471914
-0.471914
-0.471914
-0.471914
0.530815
0.292819
0.292819
-0.490856
1.86876
1.86876
0.776489
0.776489
0.776489
1.06538
1.06538
1.06538
-0.594933
-0.974535
-0.974535
-0.974535
-0.990712
-0.990712
-0.990712
-0.228568
-0.228568
1.80424
1.80424
0.255707
0.549804
0.649028
0.649028
1.06135
1.06135
1.06135
-0.861443
-0.861443
-1.85977
-1.85977
-1.65387
-1.65387
-1.65387
-1.60688
0.171676
0.171676
0.171676
0.171676
0.304622
-0.711435
-0.711435
-0.711435
-0.711435
-0.711435
-0.711435
-0.711435
-0.711435
-0.913007
-0.913007
1.10337
-0.0392278
-0.0392278
-0.834521
1.48363
1.0103
1.0103
1.0103
-0.839517
-0.839517
-0.839517
-0.839517
-0.839517
-0.839517
-1.51607
-1.51607
-1.51607
0.443371
-0.943427
-0.943427
-0.943427
-0.943427
-0.943427
-0.943427
-0.943427
-0.133188
-0.133188
0.645669
0.645669
0.645669
0.645669
0.645669
0.645669
1.01915
1.01915
1.19361
0.090411
0.090411
-0.616094
-0.114881
1.16248
-1.14174
-1.14174
-1.14174
-1.14174
0.806264
0.541161
0.541161
0.541161
0.541161
1.2086
-1.50165
-1.50165
-0.196652
-0.196652
-1.12374
-1.12374
-1.12374
0.982596
0.982596
0.0604579
0.0604579
-0.0165004
-0.0165004
-0.67919
-0.0854662
-0.0854662
-0.0854662
-0.0854662
0.982541
0.982541
0.982541
0.982541
0.982541
0.544555
0.544555
0.544555
0.544555
0.359485
0.359485
1.10499
1.10499
0.0904848
-0.185013
-0.185013
-0.185013
-0.185013
-0.915154
0.628072
0.628072
0.628072
0.628072
0.628072
-0.658313
0.727496
0.00588981
0.00588981
0.00588981
0.00588981
0.00588981
0.00588981
0.00588981
0.00588981
0.00588981
0.00588981
0.00588981
0.00588981
0.00588981
-1.72979
-1.72979
-0.759377
-1.07984
-1.07984
-0.853075
-0.853075
-0.853075
-0.853075
-0.853075
-0.853075
0.813313
0.813313
0.813313
0.813313
0.813313
-1.34549
0.209379
0.209379
0.209379
0.209379
0.209379
0.735785
-0.556182
-0.556182
-1.08809
-1.08809
-1.08809
-0.14043
-0.14043
-0.14043
0.623538
0.623538
0.668444
-0.821471
-0.0570643
-0.0570643
-0.0570643
-0.0570643
-0.0570643
-0.927408
-0.927408
-0.927408
-0.927408
-0.927408
-0.966415
-1.02757
0.688092
0.688092
0.688092
0.688092
0.444905
0.444905
0.444905
0.444905
0.444905
0.444905
0.444905
0.444905
0.444905
0.444905
-0.434717
-1.36492
-0.207584
-0.207584
-0.207584
-0.267713
-0.267713
-0.267713
-0.267713
-0.267713
-1.3567
-1.26196
-0.242137
0.410354
0.410354
0.799322
0.405495
0.405495
0.405495
0.290085
0.290085
0.290085
0.290085
0.42334
1.07945
0.553979
0.553979
0.553979
0.710671
0.710671
0.710671
1.17426
-1.08024
-1.08024
-1.08024
-0.580048
-0.580048
-0.580048
0.992077
0.992077
0.992077
0.992077
0.992077
0.992077
0.992077
0.277888
0.277888
0.277888
0.277888
-1.60951
-1.60951
-1.60951
-1.46507
1.36304
1.61999
0.653063
0.407316
0.407316
0.407316
-0.440406
0.681719
0.681719
0.681719
0.681719
0.681719
0.681719
0.681719
0.681719
0.681719
0.681719
0.0165306
0.844914
0.844914
0.844914
-0.668902
-0.668902
-0.668902
0.481023
0.481023
-0.256212
-0.256212
0.640144
0.640144
0.640144
0.640144
-1.35604
-1.35604
-1.35604
0.148906
0.148906
0.148906
0.148906
-0.552072
-0.607601
-0.607601
-0.607601
0.775469
0.775469
0.769565
1.24901
1.24901
1.24901
1.24901
1.38499
1.38499
1.38499
-1.84045
-1.84045
0.488932
0.488932
0.488932
0.488932
0.488932
-0.0261676
-0.0261676
-0.0261676
-0.0261676
0.808743
0.808743
0.0572358
0.729392
0.729392
-0.655166
-0.255585
-0.255585
1.11225
1.11225
1.11225
0.519156
0.519156
0.519156
0.0378279
0.0378279
0.0378279
0.0378279
-0.106865
-0.106865
-0.106865
-0.106865
-1.25716
-0.380334
-1.0624
-1.0624
-1.0624
-1.0624
0.607846
0.607846
0.607846
0.607846
0.607846
0.607846
0.607846
0.607846
0.607846
0.607846
0.607846
0.607846
-1.68917
1.84569
1.84569
1.66979
1.66979
-1.52261
-0.165141
-0.165141
-0.165141
-0.165141
0.364853
0.364853
0.364853
0.152617
-0.295478
0.0726757
0.0726757
0.262034
0.262034
0.262034
0.262034
0.722068
-1.0847
-0.73934
-0.73934
-0.73934
-0.73934
-0.73934
1.15229
1.15229
1.15229
0.460484
0.460484
0.460484
-0.411622
-0.411622
-0.411622
-0.411622
0.78582
0.78582
0.78582
-1.0512
0.754824
0.754824
0.754824
0.754824
0.754824
0.754824
0.754824
0.754824
0.754824
-0.493124
-0.493124
-0.493124
0.209477
0.209477
0.209477
-0.652124
-0.652124
-0.652124
-0.652124
-0.652124
-0.652124
-0.652124
-0.652124
-0.652124
-0.652124
-0.652124
-0.652124
-0.757531
-0.631556
-0.631556
-0.631556
1.2818
1.2818
1.2818
1.2818
0.201106
0.201106
0.201106
0.201106
0.201106
0.201106
0.201106
-1.54173
1.70838
1.70838
1.70838
0.919697
0.40043
0.40043
0.40043
0.40043
0.40043
-1.42581
-0.860888
1.72907
0.689729
0.689729
0.689729
-0.418692
0.847332
0.847332
0.847332
0.847332
0.847332
0.847332
0.847332
0.847332
0.847332
1.52937
0.244091
0.244091
0.244091
0.244091
0.244091
-0.948996
1.15457
1.15457
1.15457
-0.276909
-0.276909
0.128465
0.128465
0.0327799
1.00886
1.00886
-1.20884
-1.20884
-1.20884
0.690702
0.690702
-0.978964
-0.978964
0.569912
0.569912
0.569912
0.569912
0.569912
-1.48514
-1.48514
0.70255
-0.906324
-0.906324
-0.906324
-0.3766
-0.3766
-0.3766
0.101187
0.024991
0.024991
0.835473
0.835473
0.835473
0.835473
0.835473
0.615015
0.615015
-0.158184
0.446488
0.223652
0.223652
0.223652
0.223652
0.223652
0.223652
0.0532571
0.0532571
-0.645283
-0.645283
-0.681743
-0.681743
-0.681743
-0.681743
-0.681743
-0.681743
0.487896
0.487896
0.487896
0.487896
0.487896
0.487896
0.487896
0.683522
-1.19491
1.02982
1.02982
-0.594616
-0.594616
0.653488
0.653488
0.653488
0.653488
0.653488
0.168591
0.264473
0.264473
-1.14459
-1.14459
-1.14459
-1.14459
-0.068623
-0.627963
-0.627963
-0.806478
-0.806478
-0.806478
-0.806478
-0.522369
-0.522369
-0.522369
-0.522369
-0.522369
-0.522369
-0.522369
-0.522369
-0.522369
-0.522369
-0.522369
-0.522369
-0.522369
1.2421
0.993219
0.993219
0.993219
0.993219
0.993219
0.993219
0.819547
0.819547
0.819547
0.819547
0.819547
0.819547
0.819547
0.819547
0.819547
0.819547
0.010272
0.749703
0.749703
0.749703
0.749703
0.749703
0.749703
0.749703
0.749703
0.749703
0.749703
0.749703
0.749703
2.11517
2.11517
-0.93171
-0.93171
-0.93171
-0.93171
-0.93171
-0.93171
-0.93171
-0.924818
-0.924818
-0.924818
-0.924818
-0.528399
0.208492
-1.37222
0.683653
-0.66272
1.03446
1.03446
-0.338875
-0.338875
-0.294035
-0.545433
-0.545433
-0.545433
-0.545433
-0.783762
-0.783762
-0.783762
0.800584
0.800584
0.868638
0.868638
1.30181
1.30181
-0.880535
-0.880535
-0.880535
-1.00683
-0.170787
-0.170787
-0.170787
-0.170787
-0.170787
-0.170787
-0.170787
-0.170787
0.567007
0.115241
0.115241
0.144204
0.0995479
0.0995479
0.0995479
0.0995479
1.04597
-0.980952
-0.724608
0.220433
0.220433
1.18351
1.15679
-0.643549
-0.643549
-0.643549
-0.643549
-0.643549
-0.643549
-0.643549
-0.643549
-0.643549
-0.645821
-0.426102
0.124675
0.124675
-1.08727
-1.08727
-1.08727
0.512943
-0.174533
-1.03608
0.577404
0.577404
0.614113
-0.330274
-0.330274
-0.330274
-0.330274
-0.330274
1.37006
1.37006
0.816671
0.520844
0.520844
0.520844
0.520844
0.520844
0.520844
0.511837
0.511837
0.511837
0.511837
0.511837
0.511837
0.511837
0.511837
0.511837
0.511837
0.511837
0.511837
0.223929
0.223929
-0.27632
-0.27632
-0.27632
-0.352259
0.293287
0.514182
0.206604
0.206604
0.396425
0.396425
0.396425
0.396425
0.396425
0.396425
0.396425
0.390738
0.390738
0.390738
0.390738
0.390738
0.254729
0.254729
1.25101
1.25101
1.25101
1.25101
1.25101
0.400716
0.400716
0.400716
0.79717
0.79717
0.593538
0.593538
0.593538
0.593538
0.593538
0.593538
1.15794
-1.05948
-0.541748
-0.541748
0.86722
0.86722
0.86722
-0.699774
-0.699774
-0.699774
-0.699774
-0.699774
0.46029
0.46029
-0.100747
-0.100747
-0.100747
-1.37537
-1.37537
-1.37537
-1.37537
-1.37537
-1.37537
-1.37537
-1.37537
-0.488539
-0.488539
-0.0327298
-0.0327298
-0.0327298
0.204458
-0.526465
-0.526465
-0.339545
-0.339545
-1.25662
1.46266
0.957178
0.917828
0.917828
-1.23604
1.23718
1.23718
1.23718
1.23718
1.23718
1.23718
1.23718
0.0875059
0.66061
1.35395
1.35395
0.121485
0.121485
0.121485
0.121485
-1.24466
-1.42099
-1.42099
-0.456542
-0.456542
0.59344
0.59344
-0.127769
-0.127769
-1.22803
0.27779
0.792856
0.792856
0.792856
0.792856
0.104949
1.17629
-1.05278
1.01157
-0.756078
1.25135
-0.587007
-0.587007
-0.587007
-0.655291
-0.435952
-0.435952
-0.435952
-0.435952
-0.435952
-0.203883
-0.203883
-0.779979
-0.779979
0.0440177
0.0440177
0.0440177
0.0440177
0.0440177
0.30649
0.30649
0.823217
-0.971584
0.784382
0.784382
0.784382
0.784382
0.784382
-0.756082
-0.234599
-0.234599
-0.234599
-0.234599
0.021399
0.021399
0.021399
0.021399
0.021399
0.683152
1.30474
1.00484
1.00484
1.00484
1.00484
1.00484
-0.411847
-0.411847
0.0782712
0.0782712
0.722901
0.722901
0.722901
0.722901
0.722901
0.722901
-0.121142
-0.121142
-0.781266
-0.289715
-0.289715
-0.289715
-0.289715
-0.289715
-1.13441
-1.08479
-1.08479
-1.08479
-1.08479
-1.04591
-1.20635
-1.20635
0.573377
0.573377
0.573377
-0.576371
-0.576371
-0.576371
0.694862
0.694862
-0.523898
-0.524922
-0.524922
-0.524922
-0.00629634
-0.00629634
-0.00629634
0.054806
0.054806
0.054806
0.054806
0.054806
-1.04426
-1.04426
-0.560629
-0.560629
0.754564
0.754564
0.754564
-0.454699
-0.454699
-0.454699
-0.454699
0.600536
-0.356927
-0.356927
-1.23191
-1.23191
-1.23191
-1.23191
-0.195589
1.02608
1.02608
1.02608
1.02608
1.02608
1.04722
1.04722
1.04722
-0.446821
-0.446821
-0.446821
0.903907
0.903907
0.903907
0.903907
0.161324
0.39744
0.39744
0.39744
0.39744
0.39744
0.39744
0.454932
0.606111
0.606111
0.606111
0.579195
0.579195
0.406585
0.406585
-0.116827
0.723573
0.161828
0.485519
0.485519
0.485519
0.485519
0.00886471
0.00886471
-0.00995085
-0.00995085
-0.00995085
-0.00995085
-0.00995085
-0.00995085
-0.00995085
0.818159
0.818159
0.818159
0.933508
0.933508
0.931055
0.931055
-0.82226
-0.420654
-0.420654
-0.420654
-0.420654
0.953013
0.953013
0.953013
0.890951
0.890951
0.890951
0.890951
-0.407395
-0.407395
0.940725
0.425579
-0.214906
-0.214906
-0.214906
-0.046571
-0.046571
-0.046571
-0.500018
-0.500018
-0.500018
-1.36904
-1.36904
-1.36904
-0.145612
0.918719
-0.356681
-0.356681
0.426768
0.426768
-0.477826
-0.477826
-0.477826
-0.477826
-0.477826
-0.946549
-0.946549
-0.946549
1.50295
-0.373739
-0.373739
-0.754712
0.3111
-1.26722
-1.26722
-1.41926
-0.593412
-0.593412
-0.593412
-0.593412
-0.593412
-0.593412
-0.810961
-0.810961
1.46593
1.46593
1.46593
-1.06901
-1.06901
-1.06901
-1.06901
-1.06901
-1.09171
-1.09171
-0.870998
-0.870998
-0.870998
-0.870998
-0.870998
-0.870998
-0.870998
0.86749
-0.738163
-0.738163
-0.738163
0.946902
-0.81557
-0.81557
0.504352
0.0465944
0.0465944
1.08668
1.08668
1.08668
0.0113066
-0.861243
-0.861243
-0.861243
-0.861243
-0.561718
-0.561718
-0.561718
-0.561718
-0.561718
-0.561718
-0.561718
0.819756
-1.06711
-1.06711
-1.06711
-1.06711
-1.06711
-1.06711
-1.06711
-1.06711
-1.06711
-1.3908
-1.3908
0.272217
0.272217
-0.994688
-0.994688
-0.736721
-0.736721
-0.736721
-0.736721
-0.790534
-0.790534
-0.790534
-0.790534
1.09715
1.09715
1.09715
1.09715
1.09715
1.09715
1.09715
1.09715
1.09715
1.09715
1.09715
1.09715
0.921121
1.45905
1.45905
-0.32379
-1.24485
0.22947
-0.823026
-0.823026
-0.823026
-0.823026
-0.282447
1.10004
1.10004
-1.63971
0.85603
0.85603
0.85603
0.85603
0.85603
-0.400752
-0.400752
0.554182
0.554182
0.554182
0.554182
0.554182
0.554182
1.22887
1.22887
0.457745
-1.31126
1.9541
1.9541
1.9541
1.9541
1.9541
1.99798
-0.964352
0.697761
0.697761
0.697761
0.697761
0.402134
0.402134
0.402134
0.402134
0.529859
0.529859
0.529859
0.158259
0.158259
-0.23507
-0.23507
-0.23507
-0.23507
-0.23507
-0.23507
1.71988
-0.914616
-0.914616
-0.914616
-1.35833
-0.896958
-0.896958
-0.896958
-0.896958
-0.896958
0.591689
0.591689
0.591689
0.533516
0.24368
0.24368
0.24368
0.0747546
0.0747546
0.0747546
0.0747546
0.0747546
0.0747546
0.0747546
-0.360546
-0.811538
-0.811538
-0.811538
0.06516
-1.10423
-1.10423
-1.10423
-1.10423
-1.10423
-1.10423
-1.10423
-0.661434
0.503903
1.15995
1.15995
1.15995
1.15995
1.15995
1.15995
1.15995
-0.664659
-0.664659
-0.664659
-0.664659
0.0650352
0.0650352
-0.520753
0.157645
0.644061
-0.18217
-0.18217
-0.18217
0.667291
-0.353779
-0.353779
-0.349693
-0.349693
-0.349693
-0.259867
-0.259867
-0.0791614
-0.0791614
-1.79684
-1.79684
1.29333
1.29333
1.29333
1.09796
1.09796
1.09796
0.489459
0.489459
0.489459
-0.242371
-0.242371
-0.689756
1.27971
1.27971
0.782534
0.782534
1.2672
1.2672
-0.604566
-0.509097
1.22894
1.22894
1.22825
-1.24488
-0.297618
-0.297618
-0.297618
-0.297618
-0.297618
-0.297618
-0.297618
-0.182949
-0.182949
-0.182949
0.363708
0.363708
0.771301
-0.0891444
-0.0891444
-0.0891444
-0.0891444
-0.0891444
-0.0891444
-0.0891444
-0.0891444
0.541268
0.541268
0.541268
0.541268
0.541268
-0.680449
-0.680449
-0.680449
-1.25929
-1.25929
-1.25929
-1.25929
-0.402812
-0.358215
-0.358215
-0.612198
-0.612198
-0.612198
-0.612198
-0.612198
-0.612198
-0.286546
1.4499
1.4499
1.4499
1.4499
1.2028
1.2028
1.2028
1.2028
1.2028
-0.0998321
-0.0998321
-0.0998321
-0.0998321
-0.0998321
-0.0998321
-0.617706
0.00211475
0.00211475
0.00211475
0.94498
0.94498
-1.10269
0.393
0.393
0.393
0.393
0.393
0.393
-0.855602
-0.855602
-0.855602
1.03512
1.03512
0.507326
-1.09759
-0.290353
0.590206
-1.60207
-1.60207
-0.524343
-1.24635
1.29906
1.29906
-1.1485
-1.00703
-1.00703
-0.725646
-0.725646
1.08463
1.08463
1.08463
1.09153
1.09153
1.09153
1.09153
-0.504643
0.0477211
0.0477211
-0.697398
-0.942573
-0.942573
-0.896176
-0.398378
-0.879475
-0.879475
-0.879475
-0.879475
0.171541
-0.592741
-0.592741
-0.592741
-0.592741
-0.708692
-0.708692
-0.708692
-0.708692
-0.708692
-0.708692
-0.708692
-0.708692
-0.708692
-0.708692
-0.708692
0.815136
0.815136
0.815136
0.00438622
-0.500246
-0.619143
-0.619143
-0.619143
-0.743767
0.513306
1.0099
1.0099
0.624451
0.624451
0.624451
-1.09676
0.488899
0.488899
0.488899
0.488899
0.488899
0.488899
0.488899
0.488899
-0.491967
-0.491967
-0.491967
0.0232586
0.0232586
0.0232586
-0.308583
-1.14352
-1.14352
-1.14352
-0.583796
-0.583796
-0.583796
0.900905
0.542415
0.542415
0.542415
0.542415
0.542415
1.1827
-1.32516
0.676675
1.29245
1.29245
1.29245
1.29245
1.29245
1.29245
1.29245
1.29245
1.29245
1.29245
1.29245
1.29245
1.29245
1.29245
-1.3479
-1.3479
-1.3479
-0.78943
-0.593205
-0.593205
-0.593205
-0.593205
-0.593205
-0.593205
-0.437791
-0.437791
-0.437791
-0.437791
-0.437791
1.11
1.11
0.950232
0.950232
-1.05797
-1.33308
-0.643767
-0.643767
-0.643767
-0.643767
-0.643767
-0.0719372
-0.0719372
-0.0719372
-0.0719372
-0.0719372
-0.951392
-0.951392
-0.951392
0.779415
-0.183795
-0.749968
-0.749968
-0.749968
1.93492
0.530434
0.530434
-0.287911
0.411573
0.411573
0.411573
0.411573
0.411573
0.411573
0.411573
0.411573
-0.295417
-0.295417
-0.295417
-1.50197
-1.50197
0.960386
0.960386
0.960386
0.960386
0.960386
0.960386
0.960386
0.960386
0.960386
0.960386
0.960386
0.960386
0.960386
-0.229656
-0.229656
-0.229656
-0.229656
-0.229656
0.643386
0.643386
0.643386
0.643386
-0.887616
-0.887616
-0.887616
-0.887616
-0.887616
0.343209
0.343209
0.899498
0.899498
0.899498
-0.251475
-0.114054
0.303648
0.177129
0.177129
0.177129
0.177129
0.177129
0.177129
-0.61213
-0.319009
-0.319009
-0.319009
-0.319009
-0.319009
0.926123
0.926123
0.926123
-0.682047
-0.682047
-0.682047
0.80129
0.80129
0.80129
0.00468526
0.00468526
0.00468526
0.00468526
0.00468526
-1.18777
-1.18777
-1.18777
-1.18777
-1.18777
1.67406
1.67406
1.67406
1.01755
1.01755
1.01755
1.00864
1.00864
1.00864
1.00864
1.00864
-0.30119
-0.30119
-0.30119
-0.30119
-0.30119
-0.30119
1.01732
1.01732
0.85347
0.85347
-1.22572
-1.22572
-1.22572
-1.42736
-1.42736
-1.11586
-1.11586
0.428378
0.442751
0.442751
0.442751
0.442751
0.678562
1.44206
1.44206
1.44206
1.44206
1.44206
0.927391
0.927391
0.593074
0.593074
0.593074
-1.32466
-1.36649
0.825661
0.825661
-0.0196343
-0.0196343
-0.0196343
0.614085
0.614085
0.614085
0.614085
0.614085
0.614085
0.614085
0.614085
1.28413
-1.23109
0.883476
0.883476
-0.408348
-0.408348
-0.408348
-0.408348
-0.408348
-0.408348
-0.221918
-0.221918
0.296697
0.296697
0.296697
0.801029
0.801029
0.801029
0.801029
0.801029
-0.0264427
-0.0264427
-0.0264427
0.707964
0.707964
0.707964
0.707964
1.23958
1.23958
1.23919
1.23919
1.23919
0.353089
0.353089
0.353089
-0.345458
-0.345458
-0.345458
-0.345458
-0.345458
0.140694
0.140694
0.140694
0.140694
0.140694
0.140694
0.140694
0.140694
1.27808
0.533856
0.533856
0.533856
-0.824897
-0.824897
-0.497992
-0.497992
-0.497992
-0.497992
-0.497992
-0.497992
-0.497992
-0.497992
-0.497992
-0.0383408
-0.979251
-0.979251
-0.979251
-0.979251
1.09449
1.09449
0.186292
0.186292
0.186292
0.186292
0.186292
0.186292
0.186292
-1.00562
-1.00562
-1.00562
0.723563
0.723563
0.723563
-0.29171
-0.29171
-0.0707594
-0.0707594
1.62507
1.18946
1.18946
-1.09739
-1.09739
-1.09739
-1.09739
-1.09739
-1.09739
-1.09739
0.80504
0.80504
-0.715769
-0.715769
-0.715769
-0.1771
-0.1771
0.0851249
0.44715
0.44715
0.44715
0.44715
0.44715
1.06474
1.06474
-0.200213
-0.200213
-0.200213
-0.200213
-0.927947
-0.927947
-0.927947
-0.927947
-0.927947
-0.927947
-0.729644
0.26097
0.26097
0.26097
0.26097
0.26097
0.26097
0.26097
0.26097
0.26097
-1.35941
-1.35941
-1.35941
0.928326
-0.619189
-0.619189
-0.619189
-0.619189
-0.619189
-0.619189
-0.975834
-1.54563
-0.294777
-0.294777
-0.294777
-0.294777
-1.5689
-1.5689
-1.5689
0.592054
0.592054
0.592054
0.592054
0.592054
0.346578
0.578734
0.578734
0.578734
0.894589
-1.35886
-1.06604
-1.06604
1.14154
0.377916
-1.53366
1.34884
1.34884
1.10655
1.10655
1.02109
1.02109
1.02109
1.02109
1.02109
0.455495
0.387404
0.440527
-0.329645
-0.425173
-1.72288
-1.72288
0.670583
-0.310885
0.303869
0.303869
0.303869
1.39886
1.39886
1.56021
1.56021
-0.421643
1.08132
1.08132
1.08132
1.08132
1.08132
0.217443
0.217443
-1.01022
-0.989696
-0.989696
-0.856678
0.726037
-0.201144
-0.942491
0.190921
0.190921
0.190921
0.190921
-1.25189
-1.25189
-1.25189
0.659582
0.659582
0.659582
-0.312673
-0.312673
-0.312673
-0.312673
-0.312673
-0.312673
-0.312673
-0.312673
-0.312673
-0.83444
-0.930671
0.0509725
0.0509725
1.07228
1.07228
-1.08064
-0.808939
-0.808939
-1.26487
-1.26487
-1.12996
-0.733051
-0.733051
-0.733051
-0.733051
1.12701
0.497377
0.497377
0.497377
0.497377
-1.06513
-1.06513
-1.06513
-0.144152
-0.144152
-0.144152
-0.144152
-0.144152
-0.144152
-0.546764
-0.546764
-0.546764
0.01089
0.01089
0.01089
-0.416202
-0.416202
-0.416202
-0.484884
0.745431
0.745431
0.500242
0.500242
0.500242
0.500242
0.500242
0.339375
0.47471
0.47471
0.47471
-1.05153
0.337294
0.337294
0.877531
0.877531
0.877531
-0.659728
0.982947
0.982947
0.982947
0.982947
0.982947
-0.343958
-1.53279
-1.53279
-1.88776
-1.88776
-1.88776
-1.88776
0.773003
0.773003
-0.938108
-0.938108
-0.938108
-0.938108
-0.35443
-0.55444
-0.55444
-0.55444
-0.55444
-0.55444
-0.600783
-0.600783
-0.420068
-0.0292604
-0.0292604
1.51865
1.51865
-1.21707
1.64345
-0.419473
-0.679224
-1.02259
-1.02259
-1.02259
-1.02259
-1.02259
-1.02259
0.790895
0.948287
-0.611158
-0.611158
-0.611158
-0.611158
0.721482
1.51246
1.51246
1.51246
-0.592259
-0.592259
-0.592259
0.803867
0.803867
0.892809
1.07582
1.07582
1.08567
1.08567
0.252072
0.252072
0.252072
0.649026
-0.717114
-0.717114
-0.717114
-0.717114
-0.717114
0.794573
1.1995
1.1995
-0.182026
0.868287
0.868287
1.14295
1.14295
1.14295
1.14295
1.14295
1.14295
0.380663
0.380663
0.498278
-0.611109
-0.611109
-0.611109
-0.611109
-0.00780054
0.267745
0.1108
0.215388
0.794372
0.794372
0.587279
0.587279
1.27424
1.27424
1.27424
1.27424
1.39466
1.19989
0.671435
-1.25526
-1.25526
0.165101
0.402839
0.402839
0.402839
0.402839
0.129979
0.129979
1.02525
-0.0323407
-0.0323407
-0.0323407
-0.0323407
-0.0323407
-0.0323407
-0.0323407
1.09801
1.09801
-0.123951
-0.123951
0.208517
0.261649
1.08056
0.268053
0.268053
0.268053
0.44097
0.24129
0.24129
0.24129
0.24129
0.24129
0.24129
0.24129
0.24129
-0.818306
-0.818306
-0.879285
-0.879285
-0.879285
-0.723293
-0.723293
-0.723293
-0.723293
-0.723293
-1.19405
-0.421089
-0.654437
-0.11446
-0.11446
-0.11446
-0.11446
-0.11446
-0.11446
0.459607
0.459607
0.459607
0.459607
-0.483983
-0.483983
-0.483983
-0.483983
0.546594
0.546594
-0.00765271
-0.113187
-0.680543
-0.68136
-0.830845
-0.830845
-0.566418
-0.566418
-0.566418
1.80561
-1.21181
-1.21181
1.18305
1.18305
1.18305
-0.831664
-0.831664
-0.831664
-0.831664
-0.578091
-0.453103
0.956761
0.956761
0.702902
0.702902
0.702902
0.702902
0.635793
0.635793
0.635793
0.635793
-1.70609
1.8681
-0.909915
-0.909915
-0.909915
-0.909915
-1.15467
-1.45698
-1.45698
-1.45698
-1.45698
-1.45698
-0.797032
0.406419
0.406419
0.406419
0.406419
0.406419
0.406419
0.0413404
-0.724153
-0.267508
-0.267508
-0.436426
0.478414
0.478414
-0.61733
0.64808
0.160901
0.160901
0.160901
0.160901
1.26331
1.26331
-1.17249
0.960871
-0.182032
-0.182032
-0.182032
-0.182032
-0.0601113
-0.0220923
-0.0220923
-0.0220923
-0.0220923
1.07465
1.07465
1.07465
0.769107
0.769107
0.769107
-0.32778
-0.32778
-0.32778
-0.32778
-0.32778
-0.53526
-0.53526
-0.53526
-0.53526
-0.741941
0.319342
0.482322
0.530931
0.530931
0.530931
0.530931
0.530931
0.163143
-0.190694
-0.190694
-0.190694
-0.190694
-0.190694
-0.0765554
-0.0765554
-0.0765554
-0.0765554
-1.34482
-1.34482
-1.31882
-1.31882
0.138938
-0.325271
-0.325271
-0.325271
-0.325271
-0.425986
0.360382
0.360382
0.360382
0.360382
0.360382
0.360382
-1.23469
0.530099
-1.18402
-1.18402
-1.18402
-0.177142
-0.177142
-0.471414
-0.471414
-0.471414
-0.471414
-0.471414
-0.2047
-0.2047
-0.408121
0.540393
1.21372
0.204284
1.26927
-0.654696
-0.654696
0.125439
-1.56494
1.76058
1.76058
0.695101
0.695101
0.419912
-1.49138
-0.615755
-0.615755
-1.38197
-1.38197
-1.38197
-1.38197
-0.530744
-0.530744
-0.530744
-1.22088
-1.73419
-1.73419
0.734625
0.516147
0.753683
0.753683
0.753683
-0.722543
1.2557
1.2557
1.2557
1.2557
1.2557
1.2557
1.2557
1.2557
1.2557
-0.0858002
-0.0858002
-0.0858002
-0.0858002
-0.615069
-0.615069
-0.615069
0.516208
0.39526
0.39526
-0.839303
0.162383
0.162383
0.162383
1.31219
1.31219
1.31219
1.31219
1.31219
1.31219
1.31219
-0.199177
-0.0690332
-0.0690332
-0.0690332
-0.0387044
-0.0387044
-0.0387044
0.739986
0.739986
0.0635852
0.0635852
0.0635852
-0.621653
-0.621653
-0.0668913
-0.432789
-0.432789
-0.432789
-0.432789
0.134057
0.134057
0.134057
0.134057
1.22409
0.69513
0.537634
0.327905
0.327905
0.327905
0.327905
-1.17288
-1.17288
-0.622015
-0.495106
-0.495106
0.302191
0.184585
0.184585
1.02702
1.51891
1.51891
-1.31585
-1.31585
-1.31585
-1.44522
-1.44522
-1.44522
0.910676
0.910676
0.910676
0.910676
0.910676
0.910676
0.910676
0.910676
-1.26941
-1.26941
0.658283
0.648064
0.648064
0.648064
0.648064
-0.862538
-0.862538
-0.862538
1.07
1.23466
1.23466
0.925576
0.925576
0.925576
0.925576
0.925576
0.925576
0.582792
0.582792
0.582792
0.582792
0.582792
0.582792
0.582792
0.582792
0.582792
0.582792
1.58169
1.58169
1.54318
1.54318
-0.794949
-0.794949
-0.794949
-0.932427
-0.932427
-0.932427
-0.932427
-0.932427
-0.932427
-0.932427
1.03751
1.03751
-0.943156
1.63757
1.63757
-0.0386829
-0.0386829
1.34794
1.34794
0.207166
0.207166
0.207166
0.207166
0.207166
0.207166
-0.606407
0.569878
0.569878
0.569878
0.497405
0.497405
0.497405
0.497405
0.497405
0.497405
0.497405
0.848955
0.848955
0.848955
0.848955
0.848955
-0.248708
-0.0870986
-0.0870986
-0.986936
0.00240779
0.872466
1.1878
0.876878
-0.841628
-0.841628
-0.841628
-0.841628
-0.841628
-0.841628
-0.841628
-0.841628
-0.841628
-1.00435
-1.00435
-1.00435
-1.00435
-1.00435
-1.00435
-1.00435
1.02794
-0.0885127
-0.106329
-0.106329
-0.106329
-0.106329
-0.106329
-0.106329
-0.106329
1.0943
1.0943
1.0943
1.0943
0.430437
0.125932
0.125932
0.664553
0.664553
0.664553
0.664553
-0.908683
-0.739227
-1.22845
-1.22845
0.102774
0.102774
0.102774
0.102774
0.102774
-0.543369
-0.543369
-0.613917
-0.613917
-0.575737
-0.575737
-0.575737
-0.575737
-0.575737
-0.575737
-0.575737
-0.575737
-0.702118
-0.702118
-0.702118
-0.369447
-0.369447
-0.369447
-0.369447
-0.369447
-0.369447
0.711469
-1.13041
0.442629
0.442629
0.442629
0.442629
1.08596
1.08596
-0.10006
-0.10006
-0.10006
-0.10006
-0.10006
-0.10006
-0.10006
-0.10006
-0.10006
-0.10006
-0.10006
-0.10006
-0.0637013
0.390408
-0.40318
-0.40318
0.0138468
0.0138468
0.0138468
0.732222
-0.688904
-0.688904
-0.688904
-0.688904
-0.688904
-0.803393
-0.803393
-0.803393
-0.803393
-0.803393
1.68406
1.68406
-1.47862
-1.47862
-0.920089
-0.824634
-1.06837
-1.06837
-1.06837
1.11948
1.11948
1.11948
0.306912
0.306912
0.306912
0.306912
0.306912
0.306912
0.306912
0.561617
0.561617
0.561617
0.573819
0.711457
0.711457
0.711457
0.711457
0.711457
0.711457
0.711457
0.711457
0.711457
-0.30178
-0.30178
-0.30178
-0.30178
1.18551
1.18551
1.18551
1.18551
1.18551
1.18551
1.18551
1.18551
0.93083
-0.271929
-0.271929
-0.271929
-0.594959
0.0164443
0.0164443
0.0164443
-1.30572
-0.483496
-0.483496
-1.01307
-1.01307
-0.19451
0.404488
0.404488
0.404488
0.404488
0.404488
0.404488
0.404488
-0.109541
-0.109541
-0.109541
-0.109541
-0.109541
-0.109541
-0.109541
-0.109541
1.14407
-0.808932
-0.808932
-0.307551
-0.849882
-0.849882
0.242844
-0.166389
-0.893473
-0.893473
-0.893473
-0.893473
0.919747
-1.01266
-1.41489
-1.41489
-1.41489
-1.32895
-1.32895
-1.32895
-0.959212
-0.959212
0.713215
1.57512
1.57512
1.88046
1.88046
-0.181035
-0.181035
1.31897
1.31897
1.31897
1.31897
1.05543
1.05543
1.05543
-0.084675
0.550128
-0.0704106
-0.0704106
-0.0704106
-0.0704106
-0.0704106
-0.0704106
-0.522873
-0.508667
-0.508667
-0.508667
-0.508667
-0.721828
-0.721828
-1.14618
-0.660271
-0.660271
-0.660271
-0.796986
-0.796986
-0.796986
-0.796986
-0.796986
-0.796986
-0.796986
-0.796986
-0.0828295
-0.43652
-0.43652
1.05378
1.05378
-0.741351
-0.709773
1.28941
1.28941
1.28941
1.28941
1.28941
-1.16916
-1.16916
-0.0611837
-0.0611837
-0.0611837
-0.0611837
-0.0151922
-0.0151922
0.434239
0.434239
0.434239
-1.12331
-1.12331
-1.12331
-1.12331
0.187361
0.453402
-0.797912
-0.797912
-0.797912
0.569886
0.569886
0.569886
0.569886
0.569886
0.602195
1.15766
1.15766
1.15766
1.15766
0.325379
0.325379
0.325379
-0.0793792
-0.0793792
-0.0793792
-0.0793792
-0.0793792
-0.0793792
-0.0793792
-0.166264
-0.166264
-0.166264
-0.166264
-0.166264
0.237942
0.237942
0.237942
-0.315839
0.0105843
1.46581
1.35129
1.35129
1.25726
0.420815
0.420815
0.420815
0.499273
0.499273
-0.294412
-0.294412
-0.294412
-0.294412
-0.294412
0.161039
1.32876
0.115354
0.115354
0.115354
0.85463
0.85463
0.85463
0.2593
-0.564176
-0.564176
0.0752935
0.0752935
0.0752935
0.0766584
1.1822
-0.000215904
-0.131504
-0.131504
0.83578
-0.438524
-0.438524
-0.438524
-0.438524
-0.438524
-0.438524
-0.438524
-0.438524
-0.438524
-0.438524
0.159004
-0.422232
-0.422232
-0.422232
-0.422232
-0.422232
2.22605
2.22605
2.22605
-1.03199
-1.03199
-0.666046
-0.666046
-0.666046
-0.666046
-0.666046
-0.666046
0.29467
-0.875246
-0.252241
-0.665533
-0.665533
-0.665533
-0.665533
-0.665533
-0.665533
-0.665533
-0.665533
-0.665533
-0.665533
-0.702641
-0.702641
-0.702641
0.358756
-0.774102
-0.774102
-0.503094
-0.503094
0.966417
0.966417
0.558956
0.558956
-2.06847
-2.06847
-0.865812
-0.865812
-0.865812
-0.865812
-0.865812
-0.384569
-0.384569
-0.384569
-0.384569
1.52442
-1.46661
1.28669
0.551233
0.551233
0.162225
0.162225
-0.292183
-0.292183
-0.892087
0.638026
0.638026
-1.31388
-1.31388
-1.31388
0.121674
0.765463
0.614065
0.614065
0.614065
0.571886
0.571886
0.571886
-0.854346
-0.110576
-0.110576
-0.110576
-1.35657
0.106344
0.435924
0.435924
0.101664
0.986408
0.986408
0.986408
0.986408
0.87199
0.87199
0.87199
0.311548
0.311548
0.413463
0.413463
0.128187
-1.19757
-0.400983
1.43801
1.43801
1.43801
1.43801
0.469566
0.469566
0.469566
0.469566
0.469566
-0.083857
-0.083857
-0.083857
-0.083857
-0.083857
-0.083857
0.594824
0.594824
0.594824
-0.445014
0.549915
0.549915
0.549915
0.549915
0.376294
0.178038
0.178038
0.178038
0.178038
0.178038
0.178038
-0.875426
-0.875426
-0.875426
-0.875426
-0.303595
-0.303595
-0.303595
-0.431969
-0.431969
-0.779145
1.0732
1.0732
1.0732
-0.863324
0.869633
0.869633
-0.855216
-0.855216
-0.855216
-1.05613
1.11498
0.647689
0.647689
0.647689
0.647689
-0.345124
-0.345124
-0.345124
-0.345124
-0.345124
-0.345124
0.354404
0.354404
0.354404
0.354404
0.354404
0.771896
0.771896
0.703848
1.3347
-0.663619
-0.663619
-0.663619
-1.13118
-1.13118
-1.13118
-0.264185
-0.264185
-0.264185
-0.264185
0.921294
0.921294
0.921294
-0.258168
-0.258168
-0.258168
-0.489973
0.859257
0.859257
0.445828
0.0956412
-0.330217
-0.330217
-0.330217
-0.820581
-0.820581
-0.820581
-1.24267
-1.24267
1.66222
-1.7977
-0.604152
-0.604152
-0.604152
-0.604152
-0.604152
-0.604152
-0.604152
-0.604152
-1.27798
-0.425762
-0.425762
-0.425762
-0.425762
-0.425762
-0.668626
-0.668626
-0.583235
-0.583235
-0.583235
-0.583235
-1.28077
-1.28077
-1.28077
-1.28077
1.55736
1.07298
0.34474
0.34474
-1.25508
-0.807438
0.513787
0.513787
0.513787
0.371462
0.566206
0.566206
0.566206
-1.32693
-0.462441
0.485949
-0.592337
-0.592337
-0.592337
-0.592337
-0.592337
-0.592337
-0.359898
-0.0843774
-0.0843774
-0.0843774
-0.0843774
-0.0843774
0.579319
0.579319
0.579319
0.579319
0.579319
0.579319
0.579319
0.579319
0.579319
0.579319
-0.73076
-0.73076
-0.73076
-0.73076
0.024952
0.624258
0.624258
0.624258
1.06086
1.06086
1.06086
1.06086
-0.306535
-0.306535
-0.306535
-0.306535
-0.306535
-0.0526823
-0.0526823
-0.0526823
-0.0526823
0.567167
-0.606722
-0.606722
-0.606722
-0.606722
-0.606722
-0.606722
-0.606722
-0.606722
-0.786027
-0.786027
-0.786027
0.39622
-0.585286
-0.148438
-0.148438
-0.148438
-0.148438
-0.148438
-0.148438
-0.148438
-0.598562
-1.65919
-1.65919
-1.65919
-1.75831
0.110891
0.110891
0.110891
0.110891
0.110891
0.110891
0.110891
-0.474283
-0.474283
-1.15635
-0.408067
-0.408067
-0.408067
-0.408067
-0.408067
-1.03945
-0.0984058
-0.0984058
-0.0984058
-1.20608
0.396002
0.746842
0.746842
-0.390316
-0.390316
-0.283176
0.64534
0.64534
-0.518277
-0.442697
-0.442697
-0.442697
-0.442697
-0.442697
-0.442697
-1.73183
0.908135
1.1218
-0.17231
0.197215
0.0961815
0.0961815
-1.12845
-1.12845
-1.12845
-0.855935
-0.855935
-0.855935
-0.855935
-0.855935
-0.855935
-0.855935
-0.855935
-0.855935
-0.855935
-0.855935
-0.855935
-0.855935
-0.855935
-0.855935
-0.366636
-1.2653
1.48892
1.48892
1.48892
1.48892
-1.10374
-1.10374
-1.10374
-1.10374
-1.10374
-1.10374
0.407097
0.922319
-0.660525
-0.660525
-0.660525
-0.227005
-0.227005
-0.227005
-0.227005
-0.227005
-0.227005
-0.227005
-0.227005
-0.227005
-0.227005
-0.227005
-0.227005
-0.244921
-0.244921
0.473144
0.473144
0.473144
0.473144
1.29887
-0.718117
-0.718117
-0.718117
0.804336
0.804336
0.875744
0.875744
0.875744
0.875744
0.875744
0.0769267
0.88223
0.88223
0.88223
0.88223
0.374729
1.06095
-1.25292
-1.25292
1.4398
1.4398
1.4398
1.54509
-0.112704
-0.112704
-0.112704
-0.747326
-0.359685
-0.359685
-0.359685
-0.359685
0.00817699
0.00817699
0.00817699
0.00817699
0.00817699
0.00817699
0.00817699
0.00817699
-0.495359
-0.495359
-0.124476
-0.124476
0.672336
0.672336
0.672336
0.672336
0.672336
0.672336
0.672336
0.672336
-0.440715
0.25887
0.383195
0.383195
-0.349905
-0.349905
-0.349905
-0.349905
-0.349905
-0.349905
-0.349905
-0.562352
-0.562352
-0.562352
-0.562352
-0.562352
-0.562352
-0.562352
-0.562352
-1.45913
-1.45913
-1.45913
0.309585
0.309585
-0.184067
-0.184067
-0.184067
-0.112574
-0.112574
-0.112574
-0.112574
1.14272
-0.567802
-0.567802
-0.567802
0.582048
0.582048
0.942287
0.942287
0.942287
-0.657332
-0.657332
-0.657332
-1.38267
0.486264
-0.551757
-0.551757
-0.551757
-0.551757
-0.551757
-0.0477894
-0.573555
-0.322632
1.17084
1.17084
1.17084
1.17084
-0.536645
0.0138721
0.0138721
0.0138721
0.0138721
0.36353
0.36353
0.36353
0.36353
0.36353
0.36353
0.36353
0.36353
-0.425457
-0.425457
-0.284342
-1.02786
-0.734283
-0.734283
0.517819
0.969411
0.969411
-0.76511
-0.76511
-0.76511
-0.76511
-0.76511
-0.904984
-0.871211
-0.871211
0.0904295
-0.181095
-0.181095
-0.181095
-0.181095
-0.181095
0.23173
0.23173
0.328996
0.328996
0.328996
0.979585
0.850636
0.850636
0.850636
0.850636
0.850636
0.850636
-1.27889
-1.27889
-1.27889
0.693976
0.693976
0.693976
0.693976
0.693976
0.693976
0.693976
0.693976
0.693976
0.693976
0.693976
0.693976
0.383548
0.956281
0.956281
0.956281
0.956281
0.956281
0.956281
1.38442
1.38442
1.38442
-0.996396
-0.996396
-0.996396
-0.108217
-0.42677
-0.42677
0.509051
0.509051
0.509051
0.509051
1.31986
-0.0106916
-0.0106916
-0.0106916
-0.0106916
-0.0106916
-0.0106916
-0.923171
1.51671
0.366214
-0.551746
0.740601
0.740601
0.740601
0.740601
-0.445566
-0.445566
-0.826167
-0.826167
-1.31555
-0.62782
-0.62782
-0.62782
-0.62782
-0.62782
-0.559869
-0.559869
-0.559869
-0.79173
1.03791
1.78089e-05
1.78089e-05
-2.00589
-1.72815
1.1178
-0.438187
1.57204
0.297463
-0.803595
-1.39406
0.713722
-0.365678
-0.365678
-0.88932
-0.88932
-0.88932
-0.88932
-0.88932
-0.88932
0.794527
0.794527
0.794527
-0.488211
-0.488211
-0.488211
-0.584751
-0.584751
-0.726178
-0.836992
0.0817171
-0.230699
-0.230699
-0.230699
-0.230699
-0.230699
-0.230699
-1.34374
0.766209
0.766209
0.557827
0.557827
-1.1543
-1.1543
0.184998
0.184998
0.184998
-0.8667
-0.8667
-0.8667
-0.8667
-0.8667
-1.03286
-0.627003
-0.627003
-0.627003
-0.627003
-0.627003
-0.919125
-0.635756
-0.635756
-0.635756
0.505115
0.505115
0.433098
-0.344982
1.19587
0.419759
0.419759
-1.60033
-0.583533
-0.583533
-0.583533
-0.583533
-0.847816
-0.847816
1.51736
1.51736
1.51736
-1.46126
0.398027
0.398027
-0.0833498
-0.85568
