1.02666	0.926466	0.509805	0.0847161
0.835725	0.768114	-0.251547	0.0299277
1.00846	0.745573	-0.042274	0.0427066
1.03685	0.827063	0.333468	0.0661149
1.11464	0.752932	0.361873	0.0699454
1.30242	0.741682	1.37192	0.106082
1.10808	0.687263	0.0516276	0.0404399
0.932414	0.866952	0.0789107	0.0841708
0.865663	0.841369	-0.140273	0.0346253
0.83386	1.0038	0.262672	0.0854547
0.833268	0.998749	0.17029	0.064117
1.01346	1.17184	1.66947	0.162163
1.10431	1.32949	4.25112	0.434066
0.983294	1.51058	4.50756	0.375347
0.802041	1.63686	3.75854	0.319949
0.933305	1.66188	5.81111	0.533724
0.980419	1.55366	4.64882	0.420344
1.08587	1.75021	9.71661	0.84377
1.14531	1.6427	8.14596	0.827405
0.987005	1.77535	8.15589	0.659988
1.16684	1.92863	13.8993	1.15209
1.19277	2.02482	15.7585	1.28098
1.33512	1.84505	14.1867	0.801185
1.26723	1.8239	13.0783	0.989293
1.36707	1.99842	20.386	1.7571
1.41046	2.15815	22.1483	1.52791
1.23775	2.21771	25.2884	1.91324
1.30779	2.29625	25.949	2.04135
1.2862	2.36127	34.9202	3.1949
1.23965	2.50854	42.3247	3.06486
1.29009	2.48831	34.9057	2.82728
1.46573	2.53144	53.1877	7.67139
1.5448	2.34888	40.9394	3.46286
1.3848	2.40794	37.0634	2.90025
1.28847	2.54515	35.3199	3.32976
1.35604	2.42759	36.299	2.72082
1.49465	2.62736	52.6212	3.63692
1.66952	2.72784	68.6555	5.59851
1.72238	2.89883	74.911	6.53995
1.74043	2.70736	75.3512	5.43885
1.74962	2.68251	69.5132	5.01557
1.7893	2.51943	61.3651	3.83801
1.73878	2.47991	54.736	5.95685
1.93138	2.31178	62.438	5.03597
2.04264	2.18793	59.0346	3.95894
2.13658	2.30739	67.9466	4.11542
2.03716	2.32811	66.1185	4.49411
2.23277	2.26864	87.4045	5.18177
2.36993	2.09428	80.7501	3.8827
2.45081	2.04782	88.1152	4.62861
2.61571	2.06776	103.987	4.96349
2.80882	2.05457	131.627	5.9435
2.84162	2.01478	130.661	6.61096
2.81552	2.1994	135.114	5.57848
2.95412	2.26632	169.379	7.2889
3.14473	2.35666	224.884	12.7055
3.2209	2.24212	224.654	9.62146
3.31504	2.30267	251.081	11.8251
3.36079	2.31585	258.33	8.82522
3.20772	2.40139	218.03	9.85121
3.14475	2.57172	244.213	11.5699
3.2751	2.41175	247.965	13.1471
3.35765	2.22138	259.582	10.9483
3.48953	2.36016	312.025	14.4134
3.46216	2.31323	293.042	9.83804
3.37677	2.26313	261.419	11.23
3.24449	2.16626	227.988	13.0183
3.04549	2.3088	205.218	13.3328
3.13137	2.46614	213.011	8.95059
3.01397	2.38129	194.322	10.6849
3.19044	2.47424	248.753	11.8345
3.05755	2.50651	214.914	10.5666
3.05822	2.66595	259.876	18.0152
2.9556	2.68519	218.17	11.0049
3.15003	2.80667	276.621	15.2562
3.33554	2.90166	329.677	18.8442
3.24988	2.7572	280.905	16.3455
3.39998	2.8451	375.658	23.0809
3.29664	2.70252	272.736	11.8197
3.21194	2.84842	283.867	15.0228
3.2634	2.73033	300.324	14.2913
3.12777	2.80765	266.322	19.3631
3.00216	2.95879	255.483	14.6023
2.93959	3.15126	269.31	19.7165
2.85005	3.2164	241.237	15.8047
2.7579	3.31685	273.799	21.56
2.8563	3.50242	349.39	27.2958
2.91021	3.41159	285.871	20.8426
3.08303	3.54154	432.374	37.2875
3.1091	3.36134	359.793	22.3037
2.99554	3.45443	382.701	34.8518
2.89728	3.34219	316.747	23.6408
2.79911	3.2085	220.031	14.065
2.81648	3.31721	267.78	16.5738
2.9758	3.13926	289.222	17.9112
2.89196	3.29509	307.202	19.985
3.02016	3.33391	301.736	20.5249
2.83127	3.47168	292.765	18.8934
2.64432	3.44061	258.683	18.974
2.73132	3.61561	314.983	26.42
2.62735	3.69607	330.451	29.1
2.4542	3.5364	241.537	19.0382
2.30953	3.51984	222.306	19.0674
2.47983	3.42999	225.273	16.097
2.66171	3.53913	271.027	21.8967
2.66369	3.51772	258.143	19.0455
2.72886	3.54941	258.333	17.6365
2.66434	3.38412	254.371	21.0602
2.48772	3.36736	195.727	14.4407
2.47426	3.52406	244.209	18.2065
2.48624	3.40521	219.956	18.3908
2.30958	3.30276	179.163	14.5037
2.39076	3.11116	173.27	13.2219
2.40529	3.07155	155.818	9.38838
2.25717	2.92473	140.034	10.8429
2.38412	2.80814	143.391	9.35459
2.23973	2.64783	116.883	7.6084
2.19256	2.50561	90.9039	5.66285
1.99878	2.47051	71.5984	4.4055
2.13712	2.63891	84.3313	5.77985
2.13126	2.54071	90.5978	6.48553
2.10533	2.68959	111.452	15.0918
1.9881	2.71735	89.67	6.24925
2.05669	2.60626	78.6503	5.12304
1.88208	2.77722	94.8862	6.64302
1.73889	2.71622	70.9042	5.73225
1.88928	2.56856	62.3026	4.50435
2.06439	2.41811	77.14	5.92291
1.93911	2.42632	64.7037	4.3545
1.96975	2.56332	64.1794	3.49081
1.87994	2.54142	71.8522	5.279
1.91197	2.44207	65.7391	4.346
1.75925	2.41935	50.7575	3.05155
1.94954	2.22285	59.445	5.03816
1.82225	2.06709	34.5388	1.89618
1.68246	2.05616	37.5172	3.69287
1.64834	2.23478	38.9052	2.62176
1.56905	2.25963	34.1616	2.25706
1.6326	2.42939	49.0686	3.28293
1.71498	2.58705	60.4757	4.33057
1.8562	2.61866	71.5092	5.8712
1.77109	2.57154	57.4725	4.07872
1.78596	2.6049	76.0035	5.61244
1.9496	2.74002	92.1322	7.01942
2.06359	2.91204	98.8778	6.37443
2.18637	2.79177	127.236	8.08525
2.08316	2.62933	90.727	6.38775
1.98556	2.50444	75.0264	5.7277
1.87134	2.32767	61.8821	5.12589
1.99815	2.15132	53.8568	3.14967
1.89834	2.24978	51.2091	3.20914
1.9035	2.34081	54.6338	3.1399
1.96004	2.29708	58.1984	3.34534
2.0288	2.25988	61.2103	4.91862
2.19392	2.35756	86.5885	4.5728
2.1427	2.23104	64.601	5.37345
2.02166	2.40148	66.7422	4.80919
1.93423	2.50824	76.8213	4.78966
1.8164	2.44187	56.2856	3.66807
1.75122	2.25614	46.1879	3.46134
1.80931	2.4445	58.7836	3.86888
1.77244	2.48552	61.1487	4.46487
1.73891	2.35107	50.4389	3.5298
1.62496	2.35418	46.0768	4.36544
1.48514	2.29036	33.7639	2.29357
1.39326	2.37192	40.6281	3.31611
1.25888	2.26867	26.5722	2.37078
1.08671	2.14641	16.3035	1.32214
1.0948	2.17759	19.6472	1.79892
1.12146	2.03781	13.3504	0.945822
1.14919	1.95865	12.7932	0.987848
1.27626	1.98816	18.6154	1.30628
1.42412	1.85879	16.8553	1.12069
1.55021	1.67413	15.7596	1.04278
1.7498	1.7435	23.7268	1.35402
1.55533	1.63118	16.0165	0.841101
1.71235	1.67241	22.3352	1.1408
1.7337	1.60928	21.1516	1.13942
1.71878	1.56596	20.1772	1.13678
1.88666	1.44974	21.3308	0.890384
1.85959	1.61884	24.1417	1.21494
1.70309	1.74295	23.2259	1.82227
1.67616	1.84704	25.4289	1.87723
1.61599	1.80031	20.2629	1.49268
1.67204	1.81407	23.3054	1.46943
1.59998	1.64746	18.3092	1.41746
1.50277	1.76912	19.5992	1.54541
1.54094	1.71433	16.3213	0.946957
1.47997	1.78838	17.1655	1.33227
1.42416	1.74814	14.9353	1.30573
1.32611	1.94196	17.065	1.23785
1.14613	1.87057	11.94	0.839858
1.12434	1.87022	11.2986	0.826161
1.16177	1.88411	13.2888	0.997581
1.15561	1.89296	12.4506	0.972296
1.35275	1.80475	13.703	1.05445
1.16902	1.96909	13.3949	0.91708
1.25717	2.15234	25.1395	2.74661
1.33445	1.98358	20.2877	1.73391
1.49095	1.88247	19.3336	1.3999
1.42878	1.89256	18.2917	1.11477
1.31136	1.92658	18.288	1.37522
1.26204	1.79415	12.4265	0.814405
1.45035	1.62171	14.1716	0.920115
1.62655	1.68666	19.7777	1.75169
1.65817	1.78984	21.0283	1.23441
1.71026	1.72475	22.2223	1.18357
1.77775	1.78277	26.5915	1.77281
1.96576	1.5859	29.7152	1.31716
1.94133	1.38673	24.3431	1.16715
2.00492	1.19638	22.1672	0.876952
2.13016	1.37002	30.827	1.11391
2.13131	1.54523	38.9916	1.66719
2.08098	1.44856	30.9947	1.28095
2.15719	1.45136	33.1112	1.03872
2.09783	1.37717	31.9969	1.31147
2.26181	1.57506	49.6384	1.90067
2.09439	1.52075	35.122	1.65939
2.09343	1.6733	42.3802	2.17108
2.10728	1.66718	36.4759	1.49585
2.05936	1.72058	41.3622	2.23897
1.97454	1.87314	39.9332	2.16491
2.11988	1.88485	48.8768	2.28077
2.1024	2.06373	60.9158	4.18358
1.95654	2.05366	44.3661	2.70783
1.8124	2.03863	41.6474	3.57537
1.94199	2.22733	53.5934	3.28353
1.96759	2.24057	56.1836	4.05492
2.02247	2.15104	56.4407	3.19997
2.18775	2.33597	80.4736	4.48679
2.1005	2.35128	71.9573	4.91233
2.06572	2.37107	74.3051	5.06668
2.18377	2.51474	92.6076	7.03718
2.29278	2.61537	114.24	9.18525
2.14451	2.60588	100.154	6.98758
2.26377	2.62739	113.153	8.65636
2.22961	2.68271	117.982	9.92383
2.06859	2.5399	78.7632	5.36258
1.88752	2.5419	67.6224	5.1074
1.73789	2.72696	68.2179	4.79141
1.87231	2.64171	74.8368	6.85118
1.73305	2.69617	64.0004	4.34297
1.93041	2.65367	81.4216	7.58505
1.79817	2.68583	66.6121	3.73123
1.9007	2.78496	94.4811	6.48426
1.99752	2.82074	85.2577	6.12653
2.02428	2.97782	115.045	8.41671
1.94103	2.97112	93.9131	7.34167
2.09162	2.879	124.433	9.82383
2.0788	3.03645	139.466	9.47823
1.91806	3.1187	132.008	10.4406
2.09821	3.20886	147.609	10.9008
2.07578	3.2749	168.117	16.1581
2.07578	3.2749	166.339	11.3146
2.18235	3.30751	191.211	15.2077
2.12143	3.16804	129.021	8.48339
2.13886	3.1711	146.311	13.5591
2.05199	3.11779	138.597	10.0255
1.96239	3.27666	136.077	12.6775
1.77963	3.36712	142.24	15.0707
1.82776	3.43919	160.033	12.6061
1.8181	3.5585	170.383	13.7542
1.91567	3.42044	164.884	12.8343
1.77708	3.48109	174.832	14.7677
1.61013	3.4661	142.231	11.0286
1.74697	3.34665	139.839	11.9372
1.64835	3.52446	159.032	13.1156
1.63145	3.70691	179.163	15.8635
1.72652	3.63125	180.33	13.38
1.68824	3.64563	188.517	20.2856
1.86743	3.60992	193.541	18.3825
1.94737	3.79438	201.59	20.2918
1.92829	3.78309	228.919	20.5263
2.05137	3.72684	238.411	21.5144
1.92156	3.87463	218.66	17.1241
1.75487	3.74813	181.064	12.9054
1.92602	3.80558	288.43	31.4676
1.77318	3.89722	266.495	28.1919
1.77318	3.89722	231.905	16.5892
1.66878	4.04917	295.909	28.9659
1.60579	4.17461	265.954	19.7278
1.60579	4.17461	243.127	17.5293
1.69806	4.33079	335.611	30.2975
1.77227	4.1393	280.116	39.7677
1.68114	4.00278	223.045	17.2774
1.52139	3.99387	240.59	22.8919
1.63351	3.83724	249.225	42.9245
1.55218	3.79505	186.768	14.2748
1.58562	3.67682	164.967	18.0564
1.68529	3.73225	240.675	23.6162
1.78462	3.55769	159.849	13.0709
1.92095	3.54814	188.312	15.9408
1.97481	3.43513	168.916	13.3813
1.8281	3.25252	147.656	11.294
1.86778	3.40926	180.383	19.2217
1.67074	3.39058	169.434	18.5335
1.5753	3.47654	149.831	11.144
1.41938	3.30117	100.645	7.45793
1.41849	3.14548	98.3735	7.17396
1.3068	3.06532	74.2668	5.44236
1.3068	3.06532	61.7199	3.81039
1.17051	3.04105	81.2967	6.43861
1.19018	3.03269	68.1044	5.22447
1.04895	2.89991	56.3427	5.08908
1.05371	2.71336	46.5438	4.16262
1.17906	2.64362	45.0529	4.76704
1.17906	2.64362	46.1699	4.35755
1.09584	2.81375	46.8294	4.43372
1.25104	2.82328	52.4551	3.7602
1.1651	2.77852	51.5347	3.78966
1.19742	2.91307	66.087	5.02784
1.03706	2.99827	56.0375	3.90037
1.01235	2.95415	53.8192	4.92515
1.04666	3.10685	85.9192	9.69834
1.01134	3.10389	75.0381	5.38781
0.842013	3.18232	71.3121	5.7906
0.914475	3.16575	79.1368	6.91627
0.91243	3.00344	64.0809	6.00556
1.00985	3.11013	68.0742	5.47653
1.12895	3.01159	83.8111	10.0811
1.2799	2.9166	67.3361	7.34134
1.46914	3.05217	85.0859	7.57441
1.33524	2.88764	79.9262	7.15058
1.19285	3.00745	68.9671	4.71324
1.33973	3.11682	86.7058	6.72173
1.38059	3.12033	79.6478	6.98433
1.37492	3.26501	105.403	8.23176
1.34462	3.11109	85.8297	6.41329
1.48031	3.01656	78.9215	8.13505
1.3576	3.09784	103.933	11.2684
1.36196	2.95797	73.764	8.82808
1.34501	3.10462	82.5692	8.15062
1.36232	3.22827	104.071	8.48095
1.30011	3.15522	96.3334	9.01784
1.21322	3.2995	99.9626	7.46819
1.14083	3.13602	74.2044	6.01119
1.08025	3.04359	58.0869	4.2255
0.956848	2.89032	50.7755	4.21914
0.893646	2.8819	55.6481	5.86184
0.7356	2.89439	43.8345	3.7765
0.662804	2.92004	56.9453	6.52059
0.599626	3.01674	51.9335	3.64569
0.558248	2.98218	50.5842	5.60194
0.430773	2.89979	46.6465	4.29583
0.287215	2.70353	31.863	2.57801
0.364763	2.69795	29.6491	2.38808
0.473288	2.83599	43.1492	3.10239
0.379257	2.79947	41.5731	4.10904
0.284424	2.92617	42.1309	4.22778
0.444122	2.89367	44.3672	4.07735
0.330709	2.84855	38.1036	2.57824
0.203683	2.75313	31.7935	2.46286
0.0834915	2.91267	41.454	3.50123
-0.00548465	3.09931	54.3099	4.10997
0.11483	3.27432	88.6636	8.66747
-0.0672126	3.44283	88.0612	6.98714
-0.238921	3.31286	78.4486	7.89875
-0.310478	3.15632	52.9113	3.89344
-0.278259	3.33248	78.0105	5.36443
-0.434049	3.19895	63.0745	4.53588
-0.450836	3.35132	100.124	12.5237
-0.593776	3.21832	78.1224	5.43734
-0.773134	3.20678	74.4651	6.3748
-0.964005	3.07948	78.8557	6.70514
-1.02242	2.98149	65.396	6.0148
-1.0035	3.09399	69.6744	6.07213
-0.903972	3.14008	75.0032	5.83162
-1.06793	3.30276	95.6525	6.827
-1.20165	3.3115	87.6475	6.6023
-1.25516	3.1673	85.7599	6.98062
-1.41494	3.19258	108.393	9.38125
-1.42221	3.2894	115.944	8.68063
-1.4898	3.3289	118.535	9.8194
-1.49999	3.42553	120.25	12.9375
-1.58889	3.48499	150.122	10.5735
-1.47428	3.53174	141.701	11.133
-1.52752	3.51442	159.328	12.9885
-1.3441	3.60735	169.962	20.1516
-1.36222	3.67275	143.912	10.5602
-1.36222	3.67275	150.713	12.2363
-1.45264	3.7909	226.484	22.4204
-1.51493	3.94272	220.003	19.6457
-1.51493	3.94272	199.184	17.9794
-1.59187	4.0194	218.835	24.4652
-1.49517	4.06537	201.156	17.682
-1.49517	4.06537	223.729	19.3059
-1.29713	4.04183	235.298	20.3513
-1.36994	4.10361	301.094	39.925
-1.55709	4.12467	257.885	29.5537
-1.55709	4.12467	283.276	28.2288
-1.55709	4.12467	208.566	12.609
-1.655	4.24705	271.599	20.7051
-1.59721	4.20954	321.771	41.4143
-1.52906	4.14943	234.252	21.3452
-1.39627	3.98221	208.676	18.6723
-1.58107	4.10827	267.009	20.998
-1.50232	3.98564	243.247	26.2238
-1.37077	3.84827	212.308	17.8173
-1.20001	3.86576	221.038	17.8583
-1.17754	3.90191	184.342	15.6389
-1.14298	3.7988	153.779	13.6365
-1.17914	3.61068	144.443	12.7082
-1.00426	3.58726	116.365	10.374
-1.10054	3.72832	162.307	13.5443
-1.28531	3.61347	155.382	17.4821
-1.45929	3.43749	139.817	12.0876
-1.45929	3.43749	130.642	11.4537
-1.45929	3.43749	115.318	9.01519
-1.40709	3.39729	134.688	17.4565
-1.37512	3.36862	105.531	7.11332
-1.31246	3.33894	102.186	12.6899
-1.20422	3.21546	95.1343	7.89687
-1.11666	3.06776	74.5221	5.5816
-0.996318	3.16139	74.1219	5.72976
-0.996318	3.16139	82.8537	7.14164
-1.18925	3.07711	72.3954	5.9405
-1.31018	2.99631	71.2482	5.79645
-1.24229	2.93666	64.1667	5.44936
-1.34104	3.0721	75.1887	5.92169
-1.20259	3.01221	57.8457	4.02876
-1.20803	3.17718	78.4787	5.84306
-1.36671	2.99385	91.3398	9.62386
-1.41876	3.08424	85.4279	6.96756
-1.50728	3.04539	91.5101	8.33985
-1.50728	3.04539	80.8878	6.60546
-1.67347	3.22174	123.031	10.0511
-1.4762	3.31532	121.571	10.7516
-1.64676	3.11785	97.9564	7.67656
-1.63257	3.19971	113.896	9.96323
-1.63257	3.19971	107.243	7.43632
-1.57447	3.26726	102.518	8.55645
-1.57083	3.26596	111.253	9.95814
-1.56162	3.4178	123.901	9.95805
-1.46198	3.24385	96.8429	6.506
-1.27665	3.06635	71.286	5.06702
-1.26644	2.99536	70.0937	5.27818
-1.4425	3.01356	80.0815	7.16975
-1.58756	3.08075	86.6034	7.52325
-1.56786	2.92201	86.4762	8.92359
-1.5978	2.81143	68.2793	5.22433
-1.68698	2.64578	57.205	4.70313
-1.52639	2.79381	74.8326	5.81184
-1.41085	2.60406	51.7659	4.67092
-1.30503	2.51338	45.1142	4.17965
-1.25313	2.33649	26.0322	1.94752
-1.23208	2.17096	20.3746	1.54637
-1.41885	2.0769	27.7211	2.45249
-1.46714	2.25528	31.4551	2.34807
-1.39997	2.31848	31.8005	2.24803
-1.23194	2.24441	24.6932	1.72818
-1.1413	2.18126	20.7527	1.55681
-1.06352	2.14858	17.6834	1.34799
-1.07316	2.31677	24.9659	2.29657
-0.903231	2.2831	20.8387	1.71738
-1.1024	2.12999	16.0101	1.63483
-1.26033	2.00485	17.8519	1.37701
-1.361	1.85883	16.3184	1.11203
-1.18645	1.70972	11.2014	0.8962
-1.30071	1.84395	15.3234	0.936489
-1.20919	1.68734	8.95021	0.645594
-1.40491	1.54341	11.4124	0.836761
-1.38314	1.58423	9.98431	0.65175
-1.46016	1.52978	10.5072	0.713329
-1.58675	1.48256	13.7111	0.969788
-1.63971	1.52776	15.5808	0.973515
-1.70532	1.56197	20.6193	1.41468
-1.55177	1.63294	15.5437	0.99855
-1.69422	1.61534	19.8995	1.05953
-1.5009	1.73686	16.2985	1.13049
-1.64602	1.55477	14.8463	0.888685
-1.59282	1.43461	12.6856	0.74231
-1.5342	1.57931	14.9483	0.879092
-1.62071	1.63006	17.7498	0.960547
-1.80573	1.74817	26.7508	1.30477
-1.89373	1.82778	35.7608	2.26163
-1.76631	1.85003	28.2816	1.55693
-1.75023	1.68823	23.2955	1.29104
-1.68842	1.80253	22.7796	1.44213
-1.68842	1.80253	24.6748	1.61658
-1.61215	1.73096	19.8255	1.17533
-1.65799	1.53106	16.2118	0.912567
-1.59275	1.61563	17.0868	1.18268
-1.7614	1.70604	26.9365	1.80469
-1.62816	1.67298	17.0367	1.01082
-1.76629	1.83174	25.5652	1.46328
-1.63652	1.90265	23.0281	1.50153
-1.59143	1.90483	23.8634	2.44549
-1.40804	1.76057	13.3752	1.00082
-1.25409	1.57789	7.47403	0.582181
-1.30278	1.39694	7.30425	0.590732
-1.3212	1.25336	5.00135	0.285717
-1.27719	1.39449	6.39477	0.587686
-1.12187	1.3001	3.39258	0.28945
-1.11789	1.24586	2.47661	0.194624
-0.967017	1.09775	1.08393	0.222972
-1.0561	1.2466	2.51035	0.237887
-1.05517	1.4134	3.9134	0.329038
-1.1453	1.38165	4.77958	0.517163
-1.17393	1.23265	3.24886	0.237551
-1.2041	1.09398	2.56193	0.219079
-1.09851	1.08917	1.58505	0.150935
-1.27893	0.897824	1.78381	0.105969
-1.35009	1.04801	3.67749	0.253265
-1.35009	1.04801	3.89167	0.359017
-1.29748	1.19408	4.17935	0.286171
-1.21306	1.23192	3.42973	0.30405
-1.20953	1.12174	2.83961	0.266061
-1.33028	1.24419	4.59312	0.369382
-1.46811	1.16177	6.48399	0.420597
-1.47734	1.0462	5.2794	0.307526
-1.4184	0.99401	4.10413	0.26689
-1.51301	0.957229	5.22541	0.236023
-1.60851	0.891018	5.76898	0.320511
-1.40897	0.899249	3.05813	0.173796
-1.31698	1.07485	3.81681	0.269573
-1.31372	1.16132	4.08021	0.281919
-1.49834	0.969966	4.95058	0.258895
-1.67591	1.15562	9.8852	0.518809
-1.61666	1.05852	8.43317	0.36331
-1.5441	0.888147	4.88441	0.233968
-1.53563	0.990859	5.309	0.264166
-1.64268	0.794345	5.76349	0.199537
-1.71304	0.679238	5.69844	0.236266
-1.62989	0.652589	4.07716	0.151805
-1.54948	0.594387	2.80238	0.104755
-1.58714	0.489437	2.63562	0.0876066
-1.7388	0.29778	4.9853	0.1478
-1.84068	0.248809	7.71538	0.228282
-1.98846	0.434122	9.1896	0.235583
-1.82326	0.364577	5.9982	0.116144
-1.75731	0.376885	4.85915	0.101849
-1.57929	0.4695	2.55443	0.0729368
-1.74991	0.400467	4.76766	0.0992204
-1.61063	0.303361	3.4861	0.128639
-1.51739	0.209548	5.30148	0.270341
-1.42806	0.0145151	-769.545	2200.63
-1.42806	0.0145151	-213568	214471
-1.50649	0.126812	15.8034	1.50069
-1.35865	0.0855099	25.2369	6.88124
-1.27733	0.102763	21.8953	2.27547
-1.39048	0.279246	2.34929	0.117081
-1.45596	0.453039	1.48292	0.0499579
-1.46519	0.404889	1.54034	0.0512648
-1.46519	0.404889	1.59323	0.051324
-1.56493	0.532696	2.32934	0.0820473
-1.69439	0.505275	4.0537	0.113401
-1.6977	0.601145	4.49349	0.139571
-1.79325	0.69109	7.0076	0.222121
-1.71337	0.791398	6.31216	0.218204
-1.70148	0.803325	6.31709	0.239135
-1.59004	0.627733	3.23551	0.120255
-1.5587	0.795436	4.16339	0.185458
-1.42631	0.836346	2.95522	0.178484
-1.31817	0.81947	1.70588	0.105902
-1.47904	0.881008	3.88798	0.188757
-1.61011	0.845848	5.70856	0.242284
-1.57553	0.752757	4.13698	0.206907
-1.69201	0.566135	4.24504	0.13771
-1.84896	0.653928	7.52716	0.241941
-1.70217	0.634626	4.61727	0.165951
-1.73104	0.778061	6.58633	0.280079
-1.77368	0.748948	7.20793	0.253791
-1.89525	0.783218	10.1139	0.339707
-1.88782	0.909629	11.8578	0.431061
-1.85102	1.08059	14.5509	0.533926
-1.93493	1.01924	15.1192	0.507578
-2.13265	0.910597	20.2645	0.709206
-2.16476	0.779057	18.7747	0.555033
-2.15794	0.889185	20.8588	0.588996
-2.15794	0.889185	21.8149	0.725169
-1.96959	0.998511	15.9086	0.53081
-2.06233	0.888712	17.5166	0.469638
-2.03679	0.981512	19.6742	0.597906
-2.15235	0.889606	20.0783	0.540252
-2.01215	1.04645	19.257	0.647312
-1.96648	0.996475	15.9518	0.534904
-1.95077	1.01408	15.4168	0.495027
-1.95072	1.08008	16.7445	0.57918
-1.92041	1.02242	14.6856	0.51501
-1.88164	1.10097	14.2773	0.559214
-1.71842	1.07856	11.3088	0.483648
-1.76133	1.09584	12.5508	0.512188
-1.81198	1.22832	14.2512	0.611272
-1.69934	1.1045	10.9523	0.448742
-1.75767	1.07881	11.6622	0.472767
-1.87603	1.1643	16.6943	0.666981
-1.93645	1.0132	15.6845	0.549871
-1.94182	0.990915	14.5556	0.483
-1.81382	0.974571	11.5452	0.429573
-1.66367	1.0639	9.2063	0.436344
-1.47654	0.967101	4.50762	0.211123
-1.64183	1.00544	7.60787	0.312716
-1.83643	1.09274	13.8945	0.592387
-1.7704	1.16078	13.5438	0.569895
-1.87471	1.10502	14.6143	0.557595
-1.95015	1.0259	16.1276	0.564245
-2.05137	0.876733	16.2148	0.511259
-2.23758	0.901814	23.6454	0.651249
-2.3751	0.83203	27.9198	0.777591
-2.21658	0.979764	26.0034	0.860509
-2.26967	1.10409	32.9126	0.961442
-2.13472	1.14138	28.0368	0.957284
-1.94799	1.21957	19.9335	0.776605
-1.9645	1.32486	22.7889	1.08586
-1.9645	1.32486	22.9432	0.868491
-1.94681	1.40712	27.4209	1.41137
-1.94681	1.40712	22.4004	0.918419
-1.76668	1.30386	15.9079	0.855097
-1.7467	1.36105	16.6039	0.870602
-1.86753	1.28283	17.3907	0.740431
-1.6708	1.14961	11.2724	0.680749
-1.75074	0.989011	10.8692	0.520773
-1.86431	0.870089	10.6666	0.426299
-1.88536	0.678725	9.24846	0.284388
-1.69207	0.683055	4.64862	0.157975
-1.83578	0.747333	8.51524	0.345504
-1.73983	0.621978	5.46379	0.193995
-1.5849	0.604133	2.91936	0.101425
-1.69495	0.447175	3.65632	0.093247
-1.87924	0.576867	8.06438	0.221649
-1.87924	0.576867	7.47252	0.264053
-1.95031	0.651159	10.1277	0.392993
-1.78683	0.607219	6.33195	0.241236
-1.93537	0.610683	8.75609	0.292675
-1.83839	0.641009	7.47063	0.268806
-1.65556	0.553542	3.68337	0.128236
-1.6203	0.598823	3.53333	0.135215
-1.77698	0.553843	5.28548	0.173702
-1.81867	0.381143	5.72307	0.137327
-1.97666	0.273308	9.42707	0.226279
-2.0009	0.152383	17.0418	0.972387
-2.04185	0.302596	10.6571	0.220598
-1.87405	0.146456	15.6314	0.89899
-1.9824	0.220794	11.3296	0.343471
-2.17388	0.253517	15.5876	0.266651
-2.02606	0.19286	14.0862	0.441353
-1.95382	0.310152	8.30901	0.192016
-2.10145	0.196072	16.0951	0.421719
-2.23342	0.203128	19.0438	0.434208
-2.17631	0.220565	15.9916	0.36693
-2.06848	0.320794	10.9404	0.225157
-2.16879	0.174115	19.1985	0.613232
-2.23846	0.13817	25.4177	1.21384
-2.27848	0.160524	23.854	0.810851
-2.08234	0.328368	11.7271	0.224851
-2.12069	0.486901	13.5564	0.326794
-1.98822	0.596031	9.71302	0.31667
-1.93392	0.48618	7.89883	0.195719
-1.93392	0.48618	8.07038	0.21903
-2.04271	0.673432	12.4766	0.356033
-2.04271	0.673432	12.1274	0.335995
-2.20463	0.813969	20.1102	0.575344
-2.20463	0.813969	20.747	0.541143
-2.01158	0.748531	12.7885	0.40533
-2.0163	0.79269	13.2281	0.38476
-1.86288	0.905328	10.418	0.390156
-1.73599	0.756793	6.10243	0.237303
-1.65105	0.650737	4.14093	0.155312
-1.66778	0.703965	5.00136	0.194134
-1.57713	0.773562	4.2594	0.183573
-1.39509	0.963591	3.7756	0.217163
-1.3204	1.05721	2.92409	0.203254
-1.43322	0.99335	4.17477	0.221482
-1.42765	0.852963	2.81566	0.159192
-1.3424	0.936585	2.80115	0.164447
-1.53541	1.07282	6.90781	0.337713
-1.37342	1.0711	4.07905	0.282664
-1.40605	1.11353	4.80168	0.294095
-1.25012	1.09551	3.06808	0.218126
-1.41287	1.07758	4.54895	0.256185
-1.34818	0.948477	2.82595	0.191813
-1.19886	0.957513	1.58713	0.141665
-1.24032	1.07286	2.58019	0.205924
-1.37039	1.26548	5.42081	0.367073
-1.20982	1.42933	5.53315	0.446379
-1.09659	1.37443	4.51688	0.455976
-0.941462	1.38988	2.54975	0.307025
-0.753047	1.27448	1.10885	0.151979
-0.753047	1.27448	0.799382	0.112415
-0.827633	1.45959	2.75419	0.349718
-0.951276	1.41666	3.27043	0.322743
-1.02644	1.27587	2.51559	0.251565
-1.07658	1.42217	4.05562	0.341204
-1.21094	1.22873	3.61216	0.227152
-1.374	1.30965	6.38155	0.439617
-1.19495	1.16617	2.66089	0.21784
-1.33635	1.29494	5.5813	0.472162
-1.30816	1.11062	3.53174	0.196714
-1.41993	1.03838	4.96691	0.367219
-1.22688	1.12918	2.86816	0.189598
-1.34123	1.17234	4.47564	0.346911
-1.30974	1.10856	3.49235	0.218082
-1.31994	1.16644	4.18695	0.310415
-1.41687	1.02928	4.72444	0.352399
-1.48102	0.940325	4.4327	0.233267
-1.6793	0.889473	7.34513	0.306603
-1.67959	1.0471	9.71934	0.463853
-1.4807	0.942877	4.51963	0.234991
-1.39071	1.13728	4.70715	0.306615
-1.37482	0.9638	3.34657	0.276583
-1.27461	1.00623	2.38996	0.16872
-1.09898	1.14506	2.28105	0.200422
-1.09898	1.14506	1.98082	0.138566
-0.989997	0.946645	0.290188	0.0544035
-0.86699	0.782631	-0.348674	0.0192463
-0.752188	0.814374	-0.329109	0.0226999
-0.822513	0.946224	0.114884	0.0734133
-0.840209	0.972443	0.312298	0.0780508
-0.729201	0.982925	0.0190388	0.0890245
-0.617666	0.964963	-0.248082	0.031281
-0.620862	1.11702	0.163473	0.0834613
-0.521763	1.07289	-0.0493206	0.0589007
-0.61325	0.94335	-0.189325	0.033021
-0.718227	0.848869	-0.281111	0.0302272
-0.868077	0.91104	-0.014867	0.0485442
-0.760641	0.714352	-0.386698	0.0138466
-0.632042	0.614243	-0.358873	0.0121031
-0.554118	0.419214	-0.0315123	0.0445953
-0.355949	0.480356	0.248967	0.0359239
-0.287529	0.490334	0.400237	0.0399901
-0.300318	0.591668	0.179537	0.0394195
-0.386564	0.655285	-0.0843552	0.0242717
-0.194168	0.660527	0.0324905	0.0355872
-0.241077	0.615076	0.151178	0.0351107
-0.378642	0.674629	-0.0962197	0.0267754
-0.555751	0.696685	-0.275564	0.016687
-0.746803	0.550371	-0.430797	0.0165286
-0.689438	0.423237	0.103664	0.0431287
-0.647511	0.290309	1.8732	0.129988
-0.708838	0.256222	2.35966	0.181027
-0.708838	0.256222	2.92328	0.181179
-0.798336	0.438396	-0.0283065	0.0482037
-0.867504	0.49169	-0.241268	0.0263279
-0.783658	0.505983	-0.352079	0.0219649
-0.936004	0.41257	0.245626	0.0498693
-0.889799	0.444207	0.0264363	0.0384223
-0.750943	0.588743	-0.422893	0.00953368
-0.590455	0.756248	-0.332802	0.0174339
-0.626988	0.73649	-0.327459	0.0163597
-0.645546	0.782989	-0.331391	0.0180881
-0.802518	0.804265	-0.241958	0.0361467
-0.945631	0.613634	-0.346349	0.0137586
-0.891265	0.656966	-0.395131	0.0123978
-1.08241	0.821883	0.460765	0.0867659
-1.19341	0.711392	0.445306	0.056064
-1.32938	0.702103	1.32852	0.0805139
-1.32938	0.702103	1.13285	0.0676209
-1.28548	0.718437	1.0642	0.0978163
-1.21732	0.709911	0.562316	0.0579419
-1.25659	0.544501	0.504568	0.0317181
-1.11033	0.512988	-0.0153388	0.0205863
-1.25537	0.365851	0.864226	0.0591658
-1.18293	0.54657	0.161329	0.0235912
-1.01667	0.397768	0.279946	0.054364
-1.16177	0.407688	0.442298	0.0404322
-1.35296	0.58525	1.05954	0.0512289
-1.22537	0.483876	0.345188	0.0241247
-1.06927	0.628371	-0.0987725	0.0251489
-1.06927	0.628371	-0.142071	0.0240212
-1.23268	0.463475	0.401944	0.023959
-1.08596	0.58626	-0.0948993	0.0186878
-1.22456	0.595508	0.349193	0.02959
-1.18702	0.506438	0.211898	0.021932
-1.27933	0.429851	0.719748	0.0311926
-1.38152	0.237724	3.4788	0.227123
-1.38152	0.237724	3.71725	0.195292
-1.38152	0.237724	3.23346	0.224176
-1.26455	0.331446	1.05005	0.0688014
-1.0908	0.522305	-0.0470659	0.0209925
-1.0908	0.522305	-0.0469244	0.0197655
-1.09549	0.709934	0.200301	0.0559902
-1.13539	0.748198	0.474723	0.0685189
-1.0484	0.703409	-0.0824926	0.0326498
-0.985642	0.830568	0.09334	0.071864
-0.899363	0.780926	-0.236768	0.0280768
-1.00442	0.770011	-0.0110954	0.058564
-1.06642	0.572135	-0.150564	0.0230782
-1.24677	0.419518	0.596544	0.0361924
-1.22952	0.333092	1.25314	0.0581176
-1.22952	0.333092	1.13683	0.0783415
-1.08063	0.439751	0.174604	0.0290241
-0.942104	0.594244	-0.341302	0.0144817
-0.897467	0.693444	-0.353108	0.0232892
-0.748015	0.845659	-0.260249	0.0296852
-0.55578	0.822245	-0.336545	0.0197562
-0.462274	0.992141	-0.244601	0.0306014
-0.385754	1.17465	-0.0437187	0.0445945
-0.364613	1.23971	0.221093	0.096383
-0.240889	1.04262	-0.208009	0.029564
-0.333987	1.01242	-0.241908	0.0237074
-0.270382	0.944682	-0.232915	0.0270131
-0.155308	0.782754	-0.0840206	0.0210162
-0.300422	0.584775	0.205429	0.0331076
-0.439838	0.735445	-0.225655	0.0207575
-0.252931	0.934827	-0.279961	0.0194543
-0.194117	0.895501	-0.260379	0.023018
-0.347689	0.99163	-0.205225	0.0274537
-0.416888	1.17666	-0.0198468	0.0429304
-0.379593	1.11302	-0.173395	0.0536509
-0.359286	1.28299	0.14282	0.0783811
-0.162521	1.1282	-0.182085	0.0340061
0.000350227	1.25789	0.0569901	0.0590151
-0.156449	1.18619	-0.0192362	0.0691155
-0.0707295	0.989088	-0.259666	0.0263743
-0.232423	0.789334	-0.154764	0.0256023
-0.179355	0.979303	-0.280476	0.0242506
-0.000680823	0.965972	-0.259058	0.0216559
0.0157784	0.92212	-0.202008	0.0212363
0.2089	0.776078	-0.107848	0.0233352
0.0710284	0.866471	-0.218196	0.0239511
-0.0410989	0.992688	-0.258107	0.0199589
-0.0472658	1.15773	-0.0790173	0.046072
0.151856	1.02395	-0.199991	0.0254113
0.308534	1.1699	-0.106126	0.0363239
0.378259	1.29745	0.181578	0.0864593
0.378259	1.29745	0.307109	0.091818
0.258362	1.36928	0.707117	0.189571
0.21602	1.18539	-0.156634	0.0403613
0.232193	1.27257	0.211342	0.0850501
0.176452	1.13775	-0.171417	0.0312592
0.3187	0.996001	-0.258133	0.0245353
0.470776	0.868449	-0.2841	0.0218369
0.660688	0.929143	-0.172041	0.0365591
0.807627	0.736704	-0.39419	0.0152747
0.750766	0.776364	-0.303154	0.0303172
0.818013	0.869453	-0.157622	0.0372582
0.744199	0.962185	0.0562509	0.0659267
0.869079	0.9641	0.311288	0.0874359
0.735479	0.811138	-0.301692	0.0212035
0.709169	0.865419	-0.258938	0.0401472
0.582808	0.82804	-0.302243	0.0241975
0.587723	0.865918	-0.244451	0.032918
0.465717	0.751403	-0.240259	0.0191469
0.385816	0.570488	0.0663174	0.0301692
0.225755	0.381323	0.948551	0.059533
0.225755	0.381323	0.953414	0.0581062
0.0589325	0.532196	0.550214	0.0493576
0.00388653	0.62359	0.228787	0.0369879
-0.0666475	0.810848	-0.131258	0.0242204
0.00613659	0.770465	-0.0789318	0.0311637
-0.0903518	0.777226	-0.125899	0.0273669
-0.214965	0.9114	-0.265468	0.0189139
-0.248762	1.01743	-0.203619	0.0366527
-0.0946371	0.910143	-0.248396	0.0203207
-0.274137	0.75541	-0.10774	0.0225644
-0.250595	0.68859	-0.00579255	0.0278004
-0.0897648	0.606315	0.262972	0.0442072
-0.156182	0.600972	0.329743	0.0373428
0.0121639	0.727019	0.0223902	0.0278278
-0.167894	0.598922	0.217402	0.0416411
-0.122759	0.519149	0.552418	0.0473514
-0.136947	0.543283	0.574741	0.0419283
0.0107878	0.569907	0.434992	0.0400731
-0.023368	0.553352	0.493614	0.0492088
0.136719	0.668592	0.107883	0.031173
-0.0224616	0.66537	0.174181	0.0396824
-0.140157	0.619132	0.329559	0.0362176
-0.0267706	0.555447	0.519994	0.0446301
-0.217298	0.609634	0.201673	0.0391841
-0.36653	0.791478	-0.238812	0.0216412
-0.547411	0.646805	-0.271916	0.0192996
-0.395334	0.678669	-0.151719	0.0249463
-0.390634	0.850177	-0.271335	0.0293412
-0.205463	0.706282	0.0100013	0.0273966
-0.189318	0.625211	0.0914437	0.0400186
-0.25041	0.667426	0.0373112	0.0292988
-0.433925	0.493649	0.0538229	0.0285729
-0.284046	0.297233	1.23966	0.0679694
-0.476154	0.315686	0.889936	0.10132
-0.476154	0.315686	0.893229	0.11096
-0.609709	0.420333	-0.00302959	0.0432621
-0.775264	0.571964	-0.423709	0.0121766
-0.623276	0.603103	-0.321462	0.0142257
-0.740579	0.616264	-0.434806	0.00807543
-0.691136	0.521667	-0.322588	0.0186759
-0.739996	0.500715	-0.304675	0.0259089
-0.835717	0.342883	0.798387	0.0750164
-0.762192	0.450237	-0.0086421	0.0379935
-0.710672	0.597462	-0.406361	0.0102972
-0.596104	0.612315	-0.319757	0.014528
-0.466321	0.526673	-0.00659896	0.0197364
-0.461426	0.440325	0.0216665	0.0325927
-0.304519	0.353192	0.712767	0.0605769
-0.304519	0.353192	0.751956	0.0510602
-0.228228	0.40188	0.895021	0.0607283
-0.14924	0.366851	1.39777	0.0886819
-0.127748	0.325496	1.77929	0.131697
0.0176746	0.393796	1.46948	0.0925671
0.0176746	0.393796	1.43047	0.0963549
0.0974715	0.292849	2.08363	0.200706
0.0974715	0.292849	2.476	0.154722
0.0962576	0.312111	1.9942	0.172571
0.239321	0.204685	2.32366	0.241957
0.265236	0.363285	0.872935	0.0655843
0.367279	0.415932	0.388454	0.0339426
0.533767	0.544466	-0.164053	0.0202074
0.428118	0.582583	-0.0260699	0.0261344
0.300939	0.781362	-0.148868	0.0237113
0.139325	0.886524	-0.205595	0.0223585
0.128898	1.02553	-0.274475	0.0262303
0.0651522	0.951442	-0.275548	0.0205604
0.119457	0.973217	-0.284905	0.02619
0.18795	0.937546	-0.254056	0.0217832
0.171259	0.851523	-0.191766	0.0230413
-0.0233512	0.885198	-0.189726	0.0197322
-0.136672	0.990556	-0.237736	0.0251303
0.000128568	0.838443	-0.140932	0.026924
0.196548	0.844272	-0.140557	0.0218906
0.222342	0.77611	-0.181664	0.0256942
0.0868673	0.779727	-0.0855342	0.0281287
-0.109012	0.769394	-0.0362393	0.0264491
0.0279073	0.643106	0.204013	0.0379903
-0.0244992	0.543754	0.560283	0.0472149
0.124469	0.36771	1.65131	0.0880675
0.124469	0.36771	1.42168	0.103353
0.193521	0.41636	0.995378	0.0568581
0.305578	0.447019	0.521495	0.0364139
0.305578	0.447019	0.542769	0.0372892
0.26494	0.46113	0.531236	0.0462633
0.109358	0.515289	0.533643	0.0529409
-0.0779051	0.508794	0.700751	0.0550653
-0.149631	0.65282	0.167428	0.0328534
-0.252604	0.73347	-0.0540305	0.0278616
-0.110988	0.636008	0.194212	0.0379625
-0.173667	0.638707	0.163643	0.0348065
-0.133416	0.728977	-0.0250261	0.0297217
0.0634966	0.734411	0.0326387	0.0318085
0.243551	0.780756	-0.14035	0.0252401
0.407635	0.592137	0.0332076	0.0267337
0.363349	0.718894	-0.123024	0.0242077
0.258718	0.803774	-0.158702	0.0249614
0.41845	0.681731	-0.15739	0.0265223
0.463586	0.568547	-0.069195	0.0263815
0.585333	0.450783	-0.13124	0.0366852
0.575254	0.630374	-0.269141	0.016214
0.737423	0.73761	-0.364601	0.016658
0.630438	0.556036	-0.299928	0.0155109
0.624135	0.515054	-0.296756	0.0210775
0.493985	0.449905	0.0544308	0.0319426
0.412103	0.49008	0.147763	0.0239737
0.529141	0.393493	0.203049	0.0484664
0.638885	0.52481	-0.318666	0.0182223
0.686229	0.381752	0.503065	0.0649551
0.868773	0.506154	-0.295379	0.0259719
0.982071	0.651303	-0.305067	0.0228065
1.01558	0.657863	-0.169222	0.0262003
1.06082	0.815836	0.250199	0.0608532
1.18226	0.893701	1.01787	0.0908866
1.32406	1.00927	3.09068	0.21274
1.42896	0.873949	3.54267	0.176476
1.50167	0.683755	2.54107	0.112541
1.46238	0.677806	2.11758	0.100136
1.59537	0.560289	2.98858	0.105981
1.41356	0.466508	1.18031	0.0369359
1.41356	0.466508	1.20568	0.040676
1.4282	0.369715	1.57053	0.0580993
1.35142	0.351535	1.37243	0.0594142
1.17566	0.305902	1.34151	0.104893
1.17566	0.305902	1.38671	0.105456
1.17566	0.305902	1.33365	0.113038
1.17566	0.305902	1.34322	0.105595
1.15265	0.374842	0.580121	0.0591961
1.29668	0.460117	0.625797	0.0276042
1.23435	0.474195	0.367769	0.0243174
1.0425	0.343028	0.791008	0.0663294
1.0425	0.343028	0.806874	0.0754909
0.930446	0.368734	0.529372	0.0591408
0.964151	0.566787	-0.326921	0.0122127
0.977337	0.44959	-0.0363146	0.035554
0.999958	0.272045	1.97415	0.150198
0.82597	0.233503	3.56967	0.216033
0.768978	0.295717	1.80846	0.110648
0.768978	0.295717	1.57624	0.124295
0.768978	0.295717	1.87776	0.111982
0.686001	0.296468	1.75472	0.132355
0.686001	0.296468	1.82383	0.118412
0.638854	0.242872	3.05481	0.256151
0.440979	0.247341	2.33265	0.25286
0.440979	0.247341	2.32376	0.221811
0.440979	0.247341	2.63355	0.200077
0.428672	0.286273	1.42403	0.154585
0.428672	0.286273	1.29243	0.135755
0.428672	0.286273	1.2536	0.14252
0.428672	0.286273	1.21722	0.129429
0.303935	0.352619	0.776668	0.0488714
0.303935	0.352619	0.721911	0.0503721
0.34154	0.315304	0.844514	0.0623372
0.36915	0.232998	2.48339	0.25246
0.36915	0.232998	2.473	0.25075
0.36915	0.232998	2.41205	0.212239
0.36915	0.232998	2.43326	0.22657
0.500802	0.351943	0.421556	0.0730131
0.62683	0.407249	0.132721	0.0521214
0.467983	0.449839	0.0681243	0.0284022
0.571637	0.544272	-0.247827	0.0179287
0.63394	0.550006	-0.322606	0.0162914
0.551404	0.491558	-0.082472	0.0179222
0.551404	0.491558	-0.118971	0.0205437
0.40466	0.365058	0.423819	0.051314
0.40466	0.365058	0.458689	0.0497877
0.372601	0.412875	0.39464	0.0389734
0.570569	0.489849	-0.179668	0.0195993
0.43573	0.431881	0.148835	0.0291466
0.273596	0.55276	0.216549	0.0397875
0.37599	0.689356	-0.101248	0.0230767
0.199623	0.531828	0.443659	0.0426576
0.0996161	0.705353	0.0955181	0.0326802
0.0938883	0.829046	-0.124964	0.0263826
-0.0252401	0.646663	0.185603	0.037358
-0.0628314	0.567809	0.424671	0.0407363
-0.166416	0.431044	1.02669	0.052123
-0.361743	0.440764	0.383072	0.0296522
-0.343624	0.609476	0.0741632	0.0317668
-0.422743	0.689396	-0.156227	0.0223801
-0.354729	0.531462	0.191184	0.0281848
-0.33047	0.640622	0.0459361	0.0261873
-0.49334	0.706238	-0.263924	0.020571
-0.655538	0.88113	-0.277523	0.0282143
-0.693329	0.76963	-0.343175	0.0195868
-0.557567	0.706795	-0.314973	0.0184908
-0.374243	0.769082	-0.169294	0.0259458
-0.401412	0.729957	-0.156106	0.0219494
-0.482347	0.838666	-0.262406	0.0188754
-0.677479	0.904081	-0.123897	0.044923
-0.565672	0.740384	-0.317546	0.0173051
-0.454004	0.552598	-0.0855968	0.024993
-0.448817	0.716129	-0.217452	0.0210192
-0.616288	0.80651	-0.325744	0.0173861
-0.616288	0.80651	-0.29071	0.0206434
-0.486443	0.971758	-0.305596	0.0206995
-0.442677	1.15406	-0.00889475	0.0698393
-0.618329	1.03382	-0.0908507	0.0567196
-0.618329	1.03382	-0.12029	0.0531843
-0.490917	1.20675	0.122471	0.0716221
-0.361555	1.25155	0.124043	0.0605078
-0.551332	1.26936	0.383084	0.0934206
-0.360525	1.33724	0.550841	0.164566
-0.39776	1.26839	0.259772	0.101702
-0.416673	1.21709	0.13072	0.0653232
-0.385551	1.19587	-0.0123915	0.0591556
-0.202573	1.39324	0.793188	0.193952
-0.230518	1.23811	0.0974789	0.0829792
-0.34179	1.15155	-0.0925409	0.0494799
-0.312745	1.04321	-0.237132	0.0241879
-0.176031	1.07297	-0.246736	0.0247787
-0.231541	1.13716	-0.209101	0.0488975
-0.0877924	1.32877	0.204731	0.0656261
0.0954094	1.16848	-0.151133	0.0403937
-0.0549386	1.02772	-0.236103	0.0253117
0.0496378	1.13836	-0.220477	0.0267632
-0.0659568	1.28245	0.137785	0.069855
-0.195737	1.32795	0.350308	0.107149
-0.0357379	1.34478	0.274832	0.0837233
-0.147266	1.51627	0.962518	0.121068
-0.100115	1.56539	1.0974	0.145298
-0.100115	1.56539	1.7384	0.206302
-0.159169	1.57887	1.57578	0.218162
-0.0198552	1.44434	0.49342	0.0961793
-0.126566	1.45544	0.680869	0.109374
-0.0615162	1.28252	0.130202	0.0744038
0.052519	1.10718	-0.167812	0.0345394
-0.0283846	0.946625	-0.262638	0.019792
0.0930383	0.998885	-0.258602	0.019469
0.0930383	0.998885	-0.271763	0.0181877
0.0930383	0.998885	-0.255615	0.025189
0.156723	0.867828	-0.206339	0.0212984
0.0524365	0.903826	-0.189423	0.0244264
0.0209408	1.02322	-0.275804	0.0221082
-0.0494628	1.0096	-0.247978	0.0206139
-0.248179	1.0036	-0.259311	0.0204213
-0.354925	1.104	-0.0734998	0.0523651
-0.277702	0.951901	-0.266921	0.0199447
-0.351424	1.04661	-0.181148	0.0322752
-0.542085	1.12278	0.0320418	0.0964247
-0.702918	1.09865	0.272386	0.0739477
-0.875391	1.02039	0.467613	0.10698
-0.925935	0.93294	0.197859	0.0773535
-0.841971	1.05917	0.406207	0.083392
-0.685795	0.971171	-0.07191	0.0493789
-0.628799	0.829406	-0.306831	0.0228921
-0.796413	0.88018	-0.173116	0.0332676
-0.88569	0.680692	-0.382155	0.0141414
-0.916075	0.804267	-0.15156	0.0367374
-0.988246	0.949647	0.389128	0.0784218
-0.988246	0.949647	0.374245	0.0906011
-1.07381	0.785965	0.149171	0.0452271
-0.96881	0.833592	0.0362746	0.0657115
-0.795009	0.665309	-0.425541	0.00912007
-0.945379	0.558474	-0.311153	0.0129781
-0.770547	0.75066	-0.377586	0.0145328
-0.689003	0.587352	-0.391053	0.00994611
-0.777482	0.654468	-0.420175	0.0124847
-0.659171	0.64999	-0.379951	0.0101132
-0.701236	0.692751	-0.404627	0.011235
-0.809049	0.828785	-0.166304	0.0406679
-0.723516	1.00046	-0.00322381	0.0560512
-0.891602	0.808965	-0.226146	0.0325826
-0.840775	0.783105	-0.232757	0.0389559
-0.95843	0.61649	-0.334799	0.0185367
-0.8169	0.713429	-0.364266	0.0194138
-0.95971	0.78396	-0.100683	0.0452886
-1.15052	0.607667	0.149597	0.0299448
-1.2797	0.450131	0.550904	0.0248752
-1.12485	0.362184	0.757974	0.0508374
-1.12689	0.4308	0.303632	0.0305267
-0.998915	0.589279	-0.289938	0.0129172
-0.998915	0.589279	-0.258715	0.0177678
-0.998915	0.589279	-0.282513	0.0158527
-0.889003	0.555606	-0.369794	0.0137139
-0.879121	0.557262	-0.389482	0.0141157
-0.879121	0.557262	-0.365033	0.0134597
-0.879121	0.557262	-0.376524	0.0138489
-0.879121	0.557262	-0.384635	0.0129155
-0.773839	0.531162	-0.373123	0.0177325
-0.826641	0.67147	-0.423376	0.0112035
-0.706287	0.484005	-0.300054	0.0318061
-0.706287	0.484005	-0.246117	0.0315513
-0.706287	0.484005	-0.296327	0.0288026
-0.592092	0.683236	-0.303148	0.0155679
-0.572838	0.603025	-0.27619	0.0146781
-0.536361	0.424736	0.0472491	0.0425222
-0.67039	0.491269	-0.290405	0.0283996
-0.67039	0.491269	-0.28124	0.0248379
-0.735305	0.444036	-0.0885914	0.0417073
-0.735305	0.444036	-0.074985	0.0440895
-0.819251	0.356722	0.709197	0.0906565
-0.819251	0.356722	0.838265	0.0677166
-0.65409	0.471598	-0.188954	0.0289758
-0.65409	0.471598	-0.213327	0.0324013
-0.499253	0.665255	-0.235326	0.0199817
-0.491741	0.634346	-0.19128	0.0215001
-0.634341	0.629264	-0.356313	0.0118245
-0.689541	0.740162	-0.358844	0.0161314
-0.564993	0.924178	-0.287322	0.030917
-0.659178	0.851015	-0.292712	0.0302872
-0.65526	0.70611	-0.384494	0.0116525
-0.783252	0.647971	-0.43185	0.00748698
-0.783252	0.647971	-0.436385	0.00900281
-0.801105	0.534274	-0.358923	0.0206163
-0.843268	0.52977	-0.334324	0.0188349
-0.843268	0.52977	-0.344118	0.0179057
-0.843268	0.52977	-0.354472	0.0213398
-0.75412	0.508892	-0.298342	0.0201905
-0.75412	0.508892	-0.316938	0.024078
-0.75412	0.508892	-0.320377	0.0218149
-0.947907	0.676454	-0.296492	0.0259224
-0.801793	0.770946	-0.293345	0.0226851
-0.718748	0.649017	-0.432018	0.00834968
-0.828699	0.819568	-0.251576	0.0278893
-0.680441	0.963753	-0.103253	0.0492332
-0.784555	0.972297	0.00160278	0.0435807
-0.784555	0.972297	-0.0645691	0.0527411
-0.94124	0.888882	0.145134	0.0706833
-1.00233	0.921164	0.367486	0.0888701
-0.841789	0.893813	-0.0514765	0.0498739
-0.841789	0.893813	-0.0291921	0.0512714
-0.841789	0.893813	-0.123474	0.050512
-0.718868	1.09189	0.168386	0.0563077
-0.718868	1.09189	0.188465	0.0797172
-0.704679	1.14563	0.462601	0.103249
-0.6351	1.34553	1.3371	0.315877
-0.6351	1.34553	0.798891	0.122071
-0.6351	1.34553	0.950368	0.111572
-0.553351	1.37295	0.888193	0.176711
-0.537466	1.41141	1.12562	0.137831
-0.41159	1.32315	0.261565	0.0763405
-0.504038	1.32456	0.671142	0.104004
-0.317074	1.31633	0.458208	0.133902
-0.317074	1.31633	0.404041	0.113662
-0.295935	1.38579	0.59039	0.10727
-0.295935	1.38579	0.812889	0.150432
-0.130099	1.47774	0.807184	0.12676
-0.0856398	1.30491	0.194924	0.0694559
-0.0771904	1.3008	0.24126	0.0776354
0.0663487	1.24089	0.0234844	0.0719445
0.125411	1.11045	-0.215621	0.0271562
-0.00712559	1.18052	-0.109142	0.0670549
0.100465	1.35628	0.462825	0.111186
0.284192	1.20635	0.174448	0.0864207
0.284192	1.20635	0.0372291	0.0668462
0.407434	1.06642	-0.146702	0.0360772
0.478578	1.25984	0.343247	0.112516
0.478578	1.25984	0.244304	0.0815377
0.478578	1.25984	0.433262	0.105943
0.478578	1.25984	0.427749	0.0900157
0.342633	1.35106	0.443963	0.0828839
0.342633	1.35106	0.591661	0.135142
0.441025	1.2254	0.0469752	0.0685111
0.572156	1.28097	0.531763	0.11413
0.572156	1.28097	0.578133	0.0836415
0.481833	1.17362	0.0954812	0.093431
0.354723	0.997073	-0.272853	0.0257366
0.496304	0.802472	-0.257173	0.0168593
0.557995	0.673038	-0.271304	0.0168228
0.431637	0.871711	-0.300694	0.0163674
0.347015	0.774421	-0.160439	0.025204
0.390741	0.811679	-0.197704	0.0247749
0.390741	0.811679	-0.19371	0.0232192
0.355912	0.638795	-0.0100612	0.029901
0.459561	0.812716	-0.252925	0.0198738
0.613985	0.832707	-0.31345	0.019482
0.613985	0.832707	-0.28514	0.0363304
0.613985	0.832707	-0.277782	0.0208458
0.604853	0.684825	-0.335727	0.0143945
0.769369	0.530912	-0.356854	0.0189366
0.769369	0.530912	-0.371356	0.0164979
0.769369	0.530912	-0.390563	0.0194678
0.769369	0.530912	-0.341192	0.0180042
0.766059	0.65355	-0.416468	0.00990556
0.637243	0.657022	-0.355315	0.0125079
0.744959	0.77809	-0.359408	0.0194728
0.889346	0.774687	-0.28132	0.0244362
0.787846	0.868097	-0.169645	0.0400749
0.635854	0.787774	-0.356875	0.0165976
0.635854	0.787774	-0.339811	0.0167116
0.56024	0.709534	-0.283703	0.0186412
0.56024	0.709534	-0.29127	0.0195067
0.56024	0.709534	-0.32048	0.0156193
0.56024	0.709534	-0.279984	0.0167574
0.702217	0.541801	-0.365483	0.0153424
0.677204	0.639983	-0.38516	0.0109974
0.825534	0.536995	-0.399542	0.0192583
0.792036	0.57988	-0.425683	0.0122455
0.802636	0.675762	-0.421066	0.0136067
0.789574	0.554837	-0.425471	0.016033
0.952887	0.625628	-0.354357	0.019077
0.952887	0.625628	-0.36748	0.0120032
0.804153	0.701421	-0.396634	0.0171527
0.731293	0.542938	-0.366258	0.017052
0.709538	0.60952	-0.423934	0.0100414
0.62296	0.564067	-0.314801	0.0162252
0.737478	0.638804	-0.429521	0.0075458
0.676534	0.533938	-0.361426	0.01661
0.566847	0.675631	-0.292024	0.0173729
0.530914	0.688456	-0.274646	0.0164634
0.530914	0.688456	-0.300731	0.0181686
0.530914	0.688456	-0.282373	0.0185037
0.556072	0.574909	-0.264009	0.0159234
0.371845	0.546438	0.07715	0.0313562
0.210471	0.657207	0.0971702	0.029722
0.210471	0.657207	0.0768038	0.0355518
0.210471	0.657207	0.156088	0.034385
0.210471	0.657207	0.0686382	0.0380278
0.249809	0.680812	-0.00891477	0.0301508
0.151894	0.532779	0.424121	0.0537039
0.243604	0.648644	0.108915	0.031026
0.429278	0.724075	-0.168161	0.0221739
0.584835	0.558174	-0.241677	0.0148462
0.584835	0.558174	-0.266165	0.0145101
0.584835	0.558174	-0.271602	0.0130319
0.621464	0.736002	-0.345937	0.0161714
0.760508	0.810238	-0.306136	0.0248705
0.760508	0.810238	-0.316858	0.0248965
0.828528	0.705634	-0.401665	0.0151277
0.752485	0.729128	-0.389416	0.0191709
0.821546	0.539193	-0.380366	0.0176034
0.882898	0.583885	-0.394111	0.0114288
0.71416	0.667632	-0.402825	0.0128812
0.749831	0.616468	-0.425643	0.00852734
0.740777	0.745773	-0.389511	0.0119016
0.685089	0.762754	-0.338647	0.0183149
0.507029	0.958006	-0.203328	0.0358301
0.308559	0.817807	-0.223535	0.0241868
0.482758	0.869036	-0.290362	0.0165161
0.391672	0.847478	-0.268815	0.0199231
0.524847	0.712951	-0.286139	0.0174557
0.524847	0.712951	-0.269234	0.0175131
0.523379	0.625397	-0.219474	0.0181501
0.56345	0.617483	-0.253208	0.0142507
0.381666	0.501047	0.109308	0.0302674
0.568467	0.403808	0.19215	0.053409
0.568467	0.403808	0.149047	0.0478227
0.568467	0.403808	0.140565	0.0516156
0.568467	0.403808	0.238236	0.0432942
0.548986	0.602845	-0.24981	0.0197064
0.578801	0.66145	-0.310755	0.0157141
0.534645	0.67	-0.240282	0.0166707
0.534645	0.67	-0.257376	0.0174869
0.598285	0.482183	-0.190489	0.0291405
0.598285	0.482183	-0.179219	0.0245179
0.598285	0.482183	-0.183609	0.026029
0.562699	0.441377	-0.0434512	0.0311942
0.562699	0.441377	-0.0323017	0.0334963
0.699091	0.604516	-0.400688	0.00924515
0.588644	0.447871	-0.0844985	0.0373508
0.670708	0.451245	-0.11555	0.0364814
0.670708	0.451245	-0.150292	0.0391663
0.670708	0.451245	-0.140399	0.0325055
0.670708	0.451245	-0.147214	0.0363236
0.670708	0.451245	-0.112668	0.0431322
0.670708	0.451245	-0.114517	0.0380095
0.670708	0.451245	-0.0944374	0.0350388
0.555458	0.478003	-0.126249	0.0261643
0.677877	0.448498	-0.073556	0.0415756
0.677877	0.448498	-0.0753084	0.0339731
0.85182	0.633264	-0.407111	0.0121655
0.85182	0.633264	-0.444144	0.00826241
0.85182	0.633264	-0.422897	0.0118721
0.85182	0.633264	-0.439755	0.00804821
0.841034	0.732288	-0.347599	0.02086
0.705171	0.827586	-0.286434	0.0372814
0.705171	0.827586	-0.322184	0.0242393
0.705171	0.827586	-0.263207	0.0305124
0.617847	0.914178	-0.248408	0.0244796
0.617847	0.914178	-0.264529	0.030432
0.471845	0.834702	-0.257254	0.0240808
0.469148	0.826997	-0.262535	0.020633
0.544309	0.656222	-0.257766	0.0167678
0.582529	0.691579	-0.314488	0.016624
0.414277	0.828465	-0.264534	0.0214492
0.474605	0.791922	-0.25504	0.0177691
0.646301	0.787525	-0.305263	0.0172116
0.646301	0.787525	-0.325397	0.0177255
0.561143	0.725647	-0.318567	0.0168733
0.561143	0.725647	-0.299355	0.0183819
0.459564	0.66166	-0.184059	0.0210594
0.514818	0.750386	-0.281046	0.0179508
0.606892	0.780707	-0.34155	0.0176077
0.606892	0.780707	-0.345683	0.017506
0.606892	0.780707	-0.324927	0.0172733
0.55087	0.81513	-0.273115	0.0270116
0.55087	0.81513	-0.322148	0.0162399
0.695932	0.687252	-0.394833	0.0101646
0.84044	0.714897	-0.393834	0.0140686
0.899813	0.596375	-0.404163	0.0127363
0.750111	0.681502	-0.425092	0.00864653
0.750111	0.681502	-0.409505	0.0113088
0.743673	0.581245	-0.417482	0.0101817
0.743673	0.581245	-0.439807	0.0121629
0.743673	0.581245	-0.419282	0.00997379
0.743673	0.581245	-0.398534	0.0106064
0.722278	0.738426	-0.368019	0.016683
0.671907	0.540738	-0.316756	0.0160579
0.735442	0.642376	-0.43045	0.0081936
0.817002	0.703196	-0.396399	0.0228024
0.703844	0.667686	-0.401409	0.0123359
0.703844	0.667686	-0.398178	0.0101376
0.703844	0.667686	-0.422164	0.00788165
0.595958	0.679446	-0.317729	0.0171562
0.752451	0.782639	-0.307355	0.0212538
0.752451	0.782639	-0.328075	0.0227559
0.772691	0.753944	-0.363212	0.014415
0.758792	0.610516	-0.439216	0.00831064
0.771655	0.722028	-0.407126	0.0157047
0.614903	0.737007	-0.320679	0.0145502
0.456918	0.639234	-0.174115	0.0245598
0.505662	0.663453	-0.234343	0.0201962
0.704947	0.76312	-0.369918	0.0191353
0.748416	0.618263	-0.430568	0.00916114
0.737784	0.788608	-0.334039	0.0228093
0.602316	0.690514	-0.327553	0.0136354
0.647219	0.716471	-0.351291	0.0149244
0.710577	0.866508	-0.275737	0.025896
0.710577	0.866508	-0.272013	0.0275301
0.82875	0.682902	-0.415468	0.0111478
0.82875	0.682902	-0.428923	0.0106871
0.82875	0.682902	-0.413481	0.012629
0.801919	0.616038	-0.444631	0.0118564
0.801919	0.616038	-0.446802	0.00659154
0.801919	0.616038	-0.451741	0.00805517
0.801919	0.616038	-0.445361	0.0078349
0.784025	0.613507	-0.457306	0.00710841
0.784025	0.613507	-0.44865	0.00901903
0.636003	0.583642	-0.354076	0.0131201
0.636003	0.583642	-0.342462	0.0107342
0.636003	0.583642	-0.327526	0.0133829
0.770706	0.501587	-0.29397	0.027198
0.723689	0.683548	-0.406829	0.00912315
0.723689	0.683548	-0.419106	0.0095197
0.704119	0.610548	-0.402776	0.00918728
0.756499	0.55495	-0.415156	0.013368
0.657397	0.522514	-0.300888	0.0195968
0.716008	0.646431	-0.412134	0.00771341
0.633258	0.682908	-0.360334	0.0127119
0.777224	0.72056	-0.3517	0.0170888
0.974339	0.55873	-0.280396	0.0154971
0.974339	0.55873	-0.273377	0.015698
0.974339	0.55873	-0.286588	0.0136155
0.792215	0.5776	-0.419144	0.00988762
0.792215	0.5776	-0.432879	0.0105971
0.599161	0.45589	-0.121997	0.0295364
0.599161	0.45589	-0.0823917	0.0294449
0.507442	0.504754	-0.110852	0.0229057
0.507442	0.504754	-0.0779895	0.0216189
0.657836	0.696463	-0.372436	0.0119128
0.470991	0.798279	-0.224814	0.0186285
0.275561	0.909524	-0.208502	0.021294
0.298148	0.861757	-0.214506	0.023124
0.467406	0.959282	-0.284339	0.0234229
0.336068	1.14291	-0.0603604	0.0899291
0.336068	1.14291	-0.108339	0.0507174
0.367727	0.988631	-0.222844	0.0300934
0.549464	0.822339	-0.263916	0.0179585
0.549464	0.822339	-0.274271	0.024626
0.694434	0.904793	-0.172743	0.0367743
0.798377	0.791846	-0.305982	0.0272731
0.798377	0.791846	-0.33904	0.0182469
0.633076	0.776772	-0.330842	0.0170695
0.633076	0.776772	-0.328678	0.0156273
0.814986	0.624596	-0.450641	0.00809059
0.698328	0.809678	-0.368281	0.016251
0.698328	0.809678	-0.329049	0.0192005
0.761316	0.751628	-0.335897	0.0243817
0.926322	0.58769	-0.346243	0.0134051
0.926322	0.58769	-0.377787	0.0123067
0.900515	0.561722	-0.365203	0.0125398
0.91301	0.586449	-0.398951	0.0110122
0.91301	0.586449	-0.386896	0.0156938
0.855549	0.568885	-0.405478	0.0129462
0.855549	0.568885	-0.412365	0.0125246
0.855549	0.568885	-0.410656	0.0107322
0.855549	0.568885	-0.423267	0.011737
0.855549	0.568885	-0.40655	0.0130267
0.855549	0.568885	-0.417309	0.0124252
0.855549	0.568885	-0.398213	0.0138218
0.855549	0.568885	-0.399073	0.0125266
0.855549	0.568885	-0.371463	0.0145236
0.855549	0.568885	-0.406997	0.0151528
0.855549	0.568885	-0.424656	0.0134799
0.855549	0.568885	-0.428079	0.0136306
0.855549	0.568885	-0.422846	0.0119242
0.855549	0.568885	-0.423276	0.0148211
0.665903	0.666741	-0.390165	0.0106268
0.665903	0.666741	-0.385648	0.0121649
0.520416	0.70847	-0.265758	0.0210872
0.689436	0.576018	-0.392438	0.0122045
0.689436	0.576018	-0.419028	0.0137573
0.689436	0.576018	-0.380677	0.0110825
0.689436	0.576018	-0.396478	0.0133884
0.55156	0.612369	-0.265875	0.0158781
0.585336	0.640538	-0.31626	0.0153241
0.658093	0.667222	-0.383529	0.0119238
0.658093	0.667222	-0.349121	0.0126715
0.692159	0.774229	-0.362755	0.0233589
0.692159	0.774229	-0.360379	0.0165287
0.692159	0.774229	-0.330444	0.0204414
0.535657	0.776256	-0.317215	0.0200978
0.572225	0.700017	-0.287988	0.0156358
0.604122	0.820223	-0.296677	0.0188973
0.502805	0.848138	-0.316612	0.0202596
0.63055	0.738862	-0.345588	0.0157508
0.716649	0.592865	-0.424172	0.00977168
0.716649	0.592865	-0.420278	0.0102308
0.737395	0.538519	-0.372868	0.0148977
0.737395	0.538519	-0.383862	0.0180336
0.873085	0.502996	-0.244799	0.0256136
0.690983	0.492844	-0.26357	0.0241085
0.690983	0.492844	-0.268365	0.0231662
0.690983	0.492844	-0.241609	0.0240756
0.768445	0.625994	-0.435497	0.00968734
0.768445	0.625994	-0.443444	0.00737058
0.768445	0.625994	-0.453523	0.00686628
0.768445	0.625994	-0.43443	0.00750125
0.768445	0.625994	-0.437201	0.00969692
0.768445	0.625994	-0.453265	0.0073521
0.768445	0.625994	-0.449495	0.00670862
0.768445	0.625994	-0.425597	0.00983001
0.768445	0.625994	-0.438959	0.00718607
0.768445	0.625994	-0.427997	0.00844927
0.740151	0.70896	-0.409575	0.0102887
0.895924	0.640517	-0.394257	0.0147677
0.895924	0.640517	-0.40742	0.0123813
0.895924	0.640517	-0.381042	0.0167719
0.895924	0.640517	-0.420546	0.0104897
0.895924	0.640517	-0.386515	0.0222456
0.895924	0.640517	-0.387281	0.0127987
0.793859	0.523904	-0.392944	0.0212172
0.637442	0.53858	-0.340502	0.0164824
0.779311	0.570257	-0.437725	0.0116049
0.779311	0.570257	-0.423259	0.0131683
0.872507	0.652986	-0.411856	0.0138755
0.872507	0.652986	-0.415749	0.0132111
0.872507	0.652986	-0.40446	0.0127883
0.872507	0.652986	-0.390147	0.0162539
0.838593	0.729044	-0.406083	0.0141796
0.838593	0.729044	-0.335555	0.0197364
0.806593	0.759859	-0.345932	0.0268867
0.806593	0.759859	-0.358704	0.0212784
0.806593	0.759859	-0.333162	0.0223238
0.806593	0.759859	-0.365639	0.0196846
0.806593	0.759859	-0.349731	0.0256161
0.806593	0.759859	-0.35523	0.0208521
0.806593	0.759859	-0.343949	0.0239136
0.637932	0.760385	-0.3245	0.0182517
0.637932	0.760385	-0.355887	0.017845
0.792474	0.668878	-0.442647	0.00761758
0.792474	0.668878	-0.423389	0.0137398
0.886488	0.490903	-0.2492	0.0239989
0.886488	0.490903	-0.220317	0.0280714
0.957957	0.62066	-0.351688	0.0142196
0.871078	0.563372	-0.399169	0.0128054
0.871078	0.563372	-0.405232	0.0124378
0.871078	0.563372	-0.397212	0.0129075
0.871078	0.563372	-0.396382	0.0131343
0.716292	0.733986	-0.380493	0.0146837
0.829657	0.702085	-0.393341	0.0159092
0.669124	0.567976	-0.359118	0.01398
0.669124	0.567976	-0.372028	0.0122576
0.669124	0.567976	-0.385332	0.0139033
0.669124	0.567976	-0.352892	0.0129916
0.669124	0.567976	-0.374636	0.0136928
0.669124	0.567976	-0.37097	0.013452
0.669124	0.567976	-0.362616	0.0136505
0.669124	0.567976	-0.361591	0.0114455
0.669124	0.567976	-0.370337	0.0121718
0.787769	0.670091	-0.439894	0.01446
0.787769	0.670091	-0.420068	0.0152515
0.787769	0.670091	-0.440734	0.00913549
0.787769	0.670091	-0.439487	0.00896285
0.723938	0.693987	-0.403575	0.010551
0.842139	0.514212	-0.362707	0.0231154
0.836105	0.509498	-0.316301	0.0229217
0.901676	0.606914	-0.405327	0.0122983
0.901676	0.606914	-0.428162	0.00966534
0.901676	0.606914	-0.403119	0.0133177
0.81596	0.723851	-0.364782	0.022479
0.81596	0.723851	-0.344304	0.0222268
0.715701	0.549652	-0.413544	0.0161611
0.715701	0.549652	-0.391529	0.014838
0.715701	0.549652	-0.406807	0.0155796
0.715701	0.549652	-0.383116	0.013993
0.715701	0.549652	-0.393001	0.0154159
0.848019	0.611554	-0.450776	0.00779865
0.900589	0.577716	-0.397199	0.0129101
0.900589	0.577716	-0.404481	0.013702
0.900589	0.577716	-0.397042	0.0170976
0.925983	0.70245	-0.330188	0.0199284
0.764317	0.525728	-0.386979	0.0190769
0.766843	0.559923	-0.423178	0.0158963
0.766843	0.559923	-0.416216	0.0126932
0.766843	0.559923	-0.41202	0.0117487
0.766843	0.559923	-0.410104	0.0131303
0.766843	0.559923	-0.438448	0.0139929
0.766843	0.559923	-0.408714	0.0143895
0.766843	0.559923	-0.409045	0.0132333
0.718599	0.712186	-0.408114	0.0129417
0.718599	0.712186	-0.391188	0.0161538
0.772137	0.783929	-0.326325	0.0220386
0.772137	0.783929	-0.311842	0.0261698
0.772137	0.783929	-0.34317	0.0189301
0.923972	0.694768	-0.321223	0.0227798
0.741606	0.721789	-0.375726	0.0208136
0.741606	0.721789	-0.397976	0.0132501
0.821835	0.730891	-0.375097	0.0170653
0.744375	0.54027	-0.361434	0.0167943
0.744375	0.54027	-0.395473	0.0162567
0.744375	0.54027	-0.417922	0.0187595
0.744375	0.54027	-0.409583	0.0174113
0.744375	0.54027	-0.389129	0.015989
0.744375	0.54027	-0.356833	0.0156364
0.643393	0.666776	-0.356144	0.0121809
0.643393	0.666776	-0.361675	0.0120374
0.643393	0.666776	-0.36943	0.0129175
0.691187	0.746966	-0.37771	0.0143088
0.741704	0.61762	-0.43204	0.00840311
0.741704	0.61762	-0.432633	0.00987497
0.741704	0.61762	-0.432112	0.00798349
0.741704	0.61762	-0.427618	0.00774445
0.831826	0.637921	-0.422993	0.0114008
0.831826	0.637921	-0.444399	0.00876977
0.831826	0.637921	-0.433603	0.0138714
0.831826	0.637921	-0.451843	0.00767588
0.831826	0.637921	-0.418041	0.0164651
0.831826	0.637921	-0.446246	0.00928377
0.761858	0.588735	-0.421638	0.00874728
0.761858	0.588735	-0.422968	0.00986023
0.723204	0.562512	-0.399756	0.0118258
0.723204	0.562512	-0.406932	0.0136104
0.671435	0.632483	-0.380145	0.00942977
0.671435	0.632483	-0.392519	0.0094995
0.671435	0.632483	-0.370592	0.00906605
0.671435	0.632483	-0.401702	0.0132418
0.671435	0.632483	-0.402649	0.0114611
0.671435	0.632483	-0.399174	0.00932016
0.671435	0.632483	-0.391314	0.0112686
0.695001	0.725523	-0.344729	0.0325443
0.695001	0.725523	-0.355361	0.019236
0.771725	0.578096	-0.431384	0.00942869
0.771725	0.578096	-0.421585	0.011113
0.771725	0.578096	-0.433015	0.0115268
0.771725	0.578096	-0.447232	0.0106728
0.823247	0.632065	-0.433187	0.00953614
0.823247	0.632065	-0.426171	0.0104767
0.705824	0.566703	-0.376152	0.0114947
0.705824	0.566703	-0.404847	0.0128253
0.705824	0.566703	-0.396686	0.0126327
0.705824	0.566703	-0.396241	0.0121323
0.705824	0.566703	-0.393585	0.0120963
0.753076	0.590062	-0.419541	0.0092983
0.753076	0.590062	-0.441412	0.00923343
0.753076	0.590062	-0.435915	0.00892418
0.686936	0.648681	-0.404031	0.0101874
0.686936	0.648681	-0.399821	0.00955689
0.686936	0.648681	-0.377307	0.0103698
0.73612	0.649467	-0.429118	0.00731052
0.73612	0.649467	-0.427554	0.00632146
0.73612	0.649467	-0.409777	0.0111709
0.805652	0.582842	-0.443848	0.0107747
0.805652	0.582842	-0.433204	0.00904569
0.805652	0.582842	-0.436728	0.00957905
0.805652	0.582842	-0.430781	0.01064
0.805652	0.582842	-0.444476	0.0102631
0.805652	0.582842	-0.432446	0.0102992
0.805652	0.582842	-0.42554	0.0124963
0.805652	0.582842	-0.434835	0.00993442
0.805652	0.582842	-0.450415	0.00937066
0.805652	0.582842	-0.451752	0.010569
0.70915	0.657173	-0.405296	0.0108145
0.70915	0.657173	-0.414428	0.00765056
0.70915	0.657173	-0.411761	0.00956349
0.70915	0.657173	-0.40642	0.00944713
0.70915	0.657173	-0.396376	0.0112809
0.70915	0.657173	-0.414655	0.0104557
0.70915	0.657173	-0.407354	0.0146071
0.727919	0.65371	-0.418526	0.00883201
0.727919	0.65371	-0.422269	0.0091008
0.727919	0.65371	-0.425608	0.00846315
0.727919	0.65371	-0.424944	0.00884042
0.727919	0.65371	-0.412978	0.0115883
0.727919	0.65371	-0.414232	0.0119687
0.727919	0.65371	-0.410218	0.0112099
0.727919	0.65371	-0.414291	0.0103194
0.727919	0.65371	-0.435799	0.00758445
0.727919	0.65371	-0.415258	0.00781609
0.727919	0.65371	-0.434198	0.00760669
0.727919	0.65371	-0.420729	0.00876835
0.727919	0.65371	-0.418942	0.00818111
0.727919	0.65371	-0.424999	0.00822118
0.727919	0.65371	-0.428153	0.00860197
0.727919	0.65371	-0.425759	0.00836781
0.727919	0.65371	-0.428634	0.00904439
0.727919	0.65371	-0.429209	0.00996328
0.727919	0.65371	-0.405236	0.0101356
0.727919	0.65371	-0.395872	0.0130119
0.727919	0.65371	-0.410157	0.0108121
0.727919	0.65371	-0.412141	0.00987093
0.727919	0.65371	-0.437922	0.00833624
0.727919	0.65371	-0.424589	0.00916883
0.727919	0.65371	-0.408648	0.00989754
0.727919	0.65371	-0.414857	0.00916205
0.727919	0.65371	-0.430327	0.00889905
0.727919	0.65371	-0.417528	0.00776897
0.727919	0.65371	-0.403293	0.0126281
0.727919	0.65371	-0.425901	0.00874111
0.824289	0.610288	-0.438285	0.00816323
0.824289	0.610288	-0.433879	0.00944248
0.824289	0.610288	-0.432939	0.00851178
0.824289	0.610288	-0.449669	0.00818802
0.824289	0.610288	-0.434428	0.0108791
0.824289	0.610288	-0.441491	0.0090696
0.824289	0.610288	-0.457332	0.00846758
0.824289	0.610288	-0.447529	0.00779536
0.824289	0.610288	-0.459734	0.0081563
0.824289	0.610288	-0.464487	0.00671986
0.824289	0.610288	-0.43808	0.00833214
0.824289	0.610288	-0.438529	0.00825275
0.824289	0.610288	-0.440493	0.0104892
0.824289	0.610288	-0.443182	0.00821834
0.824289	0.610288	-0.440501	0.0081088
0.824289	0.610288	-0.44108	0.00751819
0.824289	0.610288	-0.443947	0.00927135
0.824289	0.610288	-0.435494	0.0109205
0.824289	0.610288	-0.448174	0.00734072
0.824289	0.610288	-0.432101	0.00929203
0.824289	0.610288	-0.441782	0.00878146
0.824289	0.610288	-0.442931	0.00851662
0.824289	0.610288	-0.45692	0.00835132
0.824289	0.610288	-0.437844	0.0107783
0.824289	0.610288	-0.45026	0.00676488
0.824289	0.610288	-0.448768	0.00903698
0.732539	0.631866	-0.430801	0.0097299
0.732539	0.631866	-0.423029	0.00869931
0.732539	0.631866	-0.427699	0.00815803
0.732539	0.631866	-0.420325	0.00853019
0.732539	0.631866	-0.424134	0.0107729
0.732539	0.631866	-0.425195	0.0110472
0.732539	0.631866	-0.442239	0.00723277
0.732539	0.631866	-0.431687	0.00700244
0.732539	0.631866	-0.421535	0.00800862
0.732539	0.631866	-0.432232	0.00832047
0.732539	0.631866	-0.426708	0.00859596
0.795059	0.656693	-0.442693	0.0076745
0.795059	0.656693	-0.418856	0.0119031
0.795059	0.656693	-0.445694	0.00764797
0.795059	0.656693	-0.430654	0.0095066
0.795059	0.656693	-0.450201	0.00778393
0.795059	0.656693	-0.442775	0.00835326
0.795059	0.656693	-0.432621	0.00835206
0.795059	0.656693	-0.43419	0.0088563
0.795059	0.656693	-0.446059	0.00780369
0.795059	0.656693	-0.432778	0.00980462
0.795059	0.656693	-0.421787	0.00902004
0.795059	0.656693	-0.43564	0.00995074
0.803066	0.627253	-0.451371	0.00916866
0.803066	0.627253	-0.444561	0.00908145
0.803066	0.627253	-0.443053	0.012993
0.803066	0.627253	-0.446179	0.00941162
0.803066	0.627253	-0.454488	0.00678773
0.803066	0.627253	-0.447297	0.0089637
0.803066	0.627253	-0.45401	0.00688802
0.803066	0.627253	-0.444728	0.00918717
0.803066	0.627253	-0.43944	0.00854789
0.803066	0.627253	-0.45178	0.00747235
0.803066	0.627253	-0.456429	0.00667405
0.803066	0.627253	-0.45451	0.00683465
0.803066	0.627253	-0.465575	0.00739539
0.803066	0.627253	-0.442141	0.00861974
0.803066	0.627253	-0.421783	0.0122796
0.803066	0.627253	-0.460103	0.00796253
0.803066	0.627253	-0.445465	0.00755932
0.827053	0.676295	-0.428479	0.0122405
0.827053	0.676295	-0.429472	0.0126758
0.827053	0.676295	-0.418921	0.0103005
0.827053	0.676295	-0.41583	0.0163077
0.827053	0.676295	-0.406525	0.0139008
0.827053	0.676295	-0.376618	0.0189196
0.827053	0.676295	-0.427774	0.0138375
0.827053	0.676295	-0.42348	0.0136831
0.827053	0.676295	-0.41338	0.012716
0.827053	0.676295	-0.408831	0.0169136
0.827053	0.676295	-0.409269	0.0139913
0.902823	0.603838	-0.413101	0.0136846
0.902823	0.603838	-0.401238	0.0128013
0.902823	0.603838	-0.417369	0.0102151
0.902823	0.603838	-0.425273	0.0114796
0.902823	0.603838	-0.378045	0.0152623
0.902823	0.603838	-0.402422	0.0149651
0.902823	0.603838	-0.390986	0.0111135
0.902823	0.603838	-0.4121	0.0100131
0.902823	0.603838	-0.404002	0.0115923
0.902823	0.603838	-0.417057	0.0108186
0.902823	0.603838	-0.389825	0.0121297
0.902823	0.603838	-0.399459	0.0108748
0.902823	0.603838	-0.404203	0.010131
0.902823	0.603838	-0.408419	0.0129779
0.745914	0.631506	-0.434009	0.00993961
0.745914	0.631506	-0.428928	0.0100134
0.790482	0.692179	-0.430922	0.0111039
0.714424	0.633977	-0.412723	0.00801582
0.714424	0.633977	-0.423592	0.00794146
0.691452	0.638933	-0.396554	0.0107097
0.691452	0.638933	-0.399871	0.00905094
0.691452	0.638933	-0.393933	0.012391
0.691452	0.638933	-0.420157	0.00949174
0.691452	0.638933	-0.400206	0.00971842
0.691452	0.638933	-0.399134	0.0100004
0.691452	0.638933	-0.396468	0.00995475
0.691452	0.638933	-0.399422	0.00898686
0.691452	0.638933	-0.41094	0.0101676
0.691452	0.638933	-0.399742	0.008735
0.691452	0.638933	-0.404156	0.010015
0.744767	0.668812	-0.412237	0.00891597
0.744767	0.668812	-0.410793	0.0103165
0.744767	0.668812	-0.413985	0.0122437
0.744767	0.668812	-0.418817	0.0102514
0.744767	0.668812	-0.437039	0.00859064
0.744767	0.668812	-0.405536	0.0166335
0.744767	0.668812	-0.424552	0.00976098
0.744767	0.668812	-0.418191	0.0125605
0.773249	0.658136	-0.437726	0.00968303
0.773249	0.658136	-0.434698	0.0125198
0.773249	0.658136	-0.427455	0.0115404
0.773249	0.658136	-0.429383	0.0111101
0.773249	0.658136	-0.437152	0.00955976
0.773249	0.658136	-0.424323	0.00848261
0.773249	0.658136	-0.438674	0.00979372
0.773249	0.658136	-0.442466	0.0100056
0.773249	0.658136	-0.430976	0.0094825
0.773249	0.658136	-0.449666	0.00795494
0.773249	0.658136	-0.429207	0.00879912
0.773249	0.658136	-0.436448	0.0110529
0.773249	0.658136	-0.418583	0.011713
0.773249	0.658136	-0.426453	0.0102205
0.773249	0.658136	-0.431292	0.009292
0.773249	0.658136	-0.40961	0.0115003
0.773249	0.658136	-0.421048	0.0126148
0.773249	0.658136	-0.451894	0.00790044
0.773249	0.658136	-0.442096	0.00871567
0.773249	0.658136	-0.442236	0.00898772
0.773249	0.658136	-0.430736	0.00727896
0.773249	0.658136	-0.44547	0.00816337
0.773249	0.658136	-0.424157	0.0100903
0.773249	0.658136	-0.42871	0.00835983
0.773249	0.658136	-0.42536	0.0115688
0.773249	0.658136	-0.42469	0.00739196
0.773249	0.658136	-0.438228	0.0109444
0.773249	0.658136	-0.427528	0.0109349
0.773249	0.658136	-0.433602	0.0111883
0.773249	0.658136	-0.439562	0.00725473
0.773249	0.658136	-0.446278	0.00705065
0.831076	0.575951	-0.44052	0.0124364
0.721889	0.636515	-0.441242	0.00870116
0.721889	0.636515	-0.416461	0.0082644
0.845301	0.687472	-0.422342	0.0128524
0.773127	0.576565	-0.458512	0.0101463
0.773127	0.576565	-0.428033	0.0106847
0.773127	0.576565	-0.429115	0.0113707
0.773127	0.576565	-0.426214	0.0113183
0.773127	0.576565	-0.434455	0.0104081
0.773127	0.576565	-0.442075	0.0106903
0.773127	0.576565	-0.442252	0.0111016
0.773127	0.576565	-0.437628	0.010319
0.773127	0.576565	-0.434302	0.0115811
0.759729	0.656054	-0.426219	0.0160958
0.759729	0.656054	-0.430998	0.00831583
0.759729	0.656054	-0.436196	0.00767377
0.759729	0.656054	-0.423689	0.00908192
0.759729	0.656054	-0.43377	0.00772409
0.759729	0.656054	-0.425503	0.0123647
0.759729	0.656054	-0.428968	0.00984243
0.759729	0.656054	-0.439649	0.00807827
0.759729	0.656054	-0.438341	0.0079386
0.759729	0.656054	-0.424387	0.00828483
0.759729	0.656054	-0.425352	0.0073791
0.759729	0.656054	-0.446074	0.00888665
0.759729	0.656054	-0.428564	0.00854484
0.759729	0.656054	-0.427214	0.00967721
0.759729	0.656054	-0.419435	0.0100735
0.759729	0.656054	-0.424645	0.0093229
0.759729	0.656054	-0.430038	0.0106413
0.759729	0.656054	-0.425893	0.0088416
0.759729	0.656054	-0.426936	0.0087457
0.759729	0.656054	-0.418531	0.0109719
0.759729	0.656054	-0.442327	0.00647004
0.759729	0.656054	-0.420749	0.0110786
0.759729	0.656054	-0.427422	0.0105665
0.759729	0.656054	-0.441846	0.00791282
0.759729	0.656054	-0.427977	0.00907394
0.759729	0.656054	-0.438873	0.00953293
0.759729	0.656054	-0.439973	0.00752412
0.759729	0.656054	-0.439667	0.008836
0.759729	0.656054	-0.424202	0.0111025
0.759729	0.656054	-0.417436	0.00986497
0.759729	0.656054	-0.432085	0.00893808
0.759729	0.656054	-0.430466	0.00829463
0.759729	0.656054	-0.438656	0.00762034
0.759729	0.656054	-0.437296	0.0124886
0.759729	0.656054	-0.439076	0.00690321
0.759729	0.656054	-0.421493	0.01134
0.759729	0.656054	-0.421551	0.0118422
0.759729	0.656054	-0.43965	0.00743441
0.759729	0.656054	-0.426293	0.0140464
0.759729	0.656054	-0.416105	0.00900849
0.759729	0.656054	-0.433065	0.0078549
0.759729	0.656054	-0.444353	0.00713594
0.781793	0.640155	-0.429348	0.0121105
0.811106	0.683713	-0.437572	0.0103543
0.811106	0.683713	-0.418917	0.0125212
0.811106	0.683713	-0.388424	0.0150635
0.811106	0.683713	-0.439362	0.00908417
0.789466	0.651458	-0.457163	0.00682528
0.789466	0.651458	-0.427039	0.0111737
0.739637	0.618623	-0.434948	0.00722805
0.739637	0.618623	-0.429308	0.00827397
0.739637	0.618623	-0.438039	0.00944543
0.739637	0.618623	-0.427861	0.00792311
0.739637	0.618623	-0.421947	0.00880514
0.739637	0.618623	-0.438466	0.00866226
0.739637	0.618623	-0.423544	0.007907
0.739637	0.618623	-0.436648	0.00758348
0.739637	0.618623	-0.428431	0.00808572
0.739637	0.618623	-0.439077	0.00719699
0.739637	0.618623	-0.426053	0.00775414
0.739637	0.618623	-0.434018	0.00693884
0.739637	0.618623	-0.435215	0.00828187
0.739637	0.618623	-0.418031	0.0117151
0.769322	0.627749	-0.454427	0.00854182
0.769322	0.627749	-0.432738	0.010974
0.769322	0.627749	-0.437973	0.00761451
0.769322	0.627749	-0.440863	0.00877073
0.769322	0.627749	-0.444393	0.0109499
0.769322	0.627749	-0.43582	0.00669407
0.769322	0.627749	-0.435619	0.00887963
0.769322	0.627749	-0.435674	0.00845706
0.769322	0.627749	-0.436518	0.00746821
0.769322	0.627749	-0.436487	0.00834873
0.769322	0.627749	-0.443988	0.0082373
0.769322	0.627749	-0.4439	0.00841009
0.769322	0.627749	-0.441336	0.00744397
0.769322	0.627749	-0.436714	0.0103036
0.769322	0.627749	-0.439412	0.00676651
0.769322	0.627749	-0.437937	0.00797546
0.769322	0.627749	-0.448495	0.00705682
0.769322	0.627749	-0.435276	0.0104792
0.769322	0.627749	-0.434579	0.00854013
0.769322	0.627749	-0.446516	0.00827402
0.769322	0.627749	-0.427687	0.0105248
0.769322	0.627749	-0.438004	0.00740195
0.769322	0.627749	-0.446319	0.0076503
0.769322	0.627749	-0.43277	0.00991934
0.827878	0.608175	-0.442138	0.0101012
0.827878	0.608175	-0.451442	0.00906553
0.827878	0.608175	-0.421829	0.0126573
0.827878	0.608175	-0.43353	0.00913167
0.827878	0.608175	-0.443627	0.00790647
0.827878	0.608175	-0.447758	0.00855225
0.827878	0.608175	-0.434829	0.0100021
0.827878	0.608175	-0.436427	0.00804808
0.827878	0.608175	-0.447826	0.00836474
0.827878	0.608175	-0.433902	0.0101785
0.827878	0.608175	-0.449466	0.00848914
0.827878	0.608175	-0.452625	0.0070387
0.827878	0.608175	-0.444506	0.00949435
0.827878	0.608175	-0.435415	0.0144792
0.827878	0.608175	-0.449819	0.00748241
0.827878	0.608175	-0.438869	0.00741702
0.827878	0.608175	-0.438042	0.0102646
0.827878	0.608175	-0.462203	0.00807101
0.827878	0.608175	-0.423049	0.0101203
0.827878	0.608175	-0.436247	0.010891
0.827878	0.608175	-0.435684	0.00877872
0.827878	0.608175	-0.42906	0.0088987
0.827878	0.608175	-0.422383	0.0108837
0.827878	0.608175	-0.435979	0.0087505
0.827878	0.608175	-0.451329	0.00872233
0.827878	0.608175	-0.448284	0.0118751
0.827878	0.608175	-0.439568	0.00962897
0.827878	0.608175	-0.447948	0.0112523
0.827878	0.608175	-0.429369	0.00937312
0.827878	0.608175	-0.452103	0.0082819
0.827878	0.608175	-0.446596	0.00943406
0.827878	0.608175	-0.428841	0.00913574
0.827878	0.608175	-0.443245	0.00927239
0.827878	0.608175	-0.449825	0.00952993
0.827878	0.608175	-0.450424	0.00921201
0.827878	0.608175	-0.430737	0.0152017
0.827878	0.608175	-0.448298	0.00911259
0.827878	0.608175	-0.438391	0.00785261
0.827878	0.608175	-0.435879	0.00914071
0.827878	0.608175	-0.460199	0.00855626
0.827878	0.608175	-0.430316	0.00978174
0.834004	0.604935	-0.448679	0.00869415
0.834004	0.604935	-0.446716	0.0114503
0.834004	0.604935	-0.440474	0.00916212
0.834004	0.604935	-0.435361	0.0101529
0.834004	0.604935	-0.441394	0.00978809
0.834004	0.604935	-0.432014	0.00864731
0.834004	0.604935	-0.433066	0.00980283
0.834004	0.604935	-0.440629	0.00965931
0.834004	0.604935	-0.428055	0.00987227
0.780664	0.668337	-0.414406	0.0116901
0.769065	0.573954	-0.428345	0.0127419
0.769065	0.573954	-0.415681	0.0118493
0.769065	0.573954	-0.432503	0.0112735
0.769065	0.573954	-0.443928	0.0108392
0.769065	0.573954	-0.447879	0.00961676
0.769065	0.573954	-0.425716	0.0112579
0.769065	0.573954	-0.440985	0.0104921
0.769065	0.573954	-0.429699	0.0113894
0.79085	0.654073	-0.447361	0.00993384
0.789459	0.61456	-0.442585	0.00750923
0.789459	0.61456	-0.44737	0.00743181
0.789459	0.61456	-0.438555	0.00938521
0.789459	0.61456	-0.446415	0.00764055
0.789459	0.61456	-0.445718	0.00831196
0.789459	0.61456	-0.44306	0.0076178
0.789459	0.61456	-0.451502	0.00752731
0.789459	0.61456	-0.454602	0.00850516
0.789459	0.61456	-0.447873	0.0102933
0.789459	0.61456	-0.433891	0.00880312
0.789459	0.61456	-0.432302	0.00685128
0.789459	0.61456	-0.439436	0.00811048
0.789459	0.61456	-0.45131	0.00699543
0.789459	0.61456	-0.442903	0.00960612
0.789459	0.61456	-0.443144	0.00823497
0.789459	0.61456	-0.446992	0.00815393
0.789459	0.61456	-0.452747	0.00783552
0.789459	0.61456	-0.446885	0.00833873
0.789459	0.61456	-0.438186	0.00755563
0.789459	0.61456	-0.442	0.00910598
0.789459	0.61456	-0.442639	0.00830616
0.789459	0.61456	-0.446296	0.00725717
0.789459	0.61456	-0.431875	0.00896475
0.789459	0.61456	-0.44949	0.00826364
0.789459	0.61456	-0.446818	0.00650898
0.789459	0.61456	-0.431434	0.00847302
0.789459	0.61456	-0.43928	0.0079296
0.789459	0.61456	-0.445488	0.00731128
0.789459	0.61456	-0.449702	0.00820726
0.789459	0.61456	-0.439849	0.00824984
0.789459	0.61456	-0.437389	0.00953448
0.789459	0.61456	-0.445755	0.00727673
0.789459	0.61456	-0.420336	0.0109488
0.789459	0.61456	-0.450031	0.00841709
0.789459	0.61456	-0.447573	0.00795807
0.789459	0.61456	-0.44599	0.00853497
0.751428	0.627022	-0.43464	0.00864327
0.751428	0.627022	-0.418039	0.0127895
0.751428	0.627022	-0.444878	0.00784577
0.751428	0.627022	-0.4386	0.00670993
0.751428	0.627022	-0.437789	0.00722019
0.751428	0.627022	-0.436293	0.00755931
0.751428	0.627022	-0.437278	0.00723313
0.751428	0.627022	-0.441313	0.00693183
0.751428	0.627022	-0.440163	0.0103707
0.751428	0.627022	-0.445283	0.00793917
0.751428	0.627022	-0.442745	0.00844572
0.751428	0.627022	-0.442534	0.00706713
0.751428	0.627022	-0.442464	0.0078546
0.751428	0.627022	-0.436938	0.00820091
