         1.34111        -1.42515         1.10111
       -0.441972         1.05471        -2.45802
         1.02466        0.901779        -1.96716
         -1.7945         1.23726        -1.52312
       -0.650034       -0.336237         1.24762
         -1.8623        0.464982       0.0212819
       0.0878349         1.74194       -0.547159
        0.793791         1.86746         1.25805
        0.506718       -0.593911       -0.685303
        -1.54859        -1.03378         1.93181
        -1.15928       -0.826432         0.59117
         1.01175       -0.726695        0.502422
       -0.934119         1.57356        0.518497
         2.15385         1.30037       -0.111338
         -2.2519        0.407565        0.935477
      -0.0803623        -1.21199         1.22847
       -0.402696         -0.8134        0.381185
       -0.373116         1.23378         0.90189
        0.241259       -0.350388       -0.642826
        0.868832        0.441146         0.53211
        0.501085        -0.44339       -0.208104
        0.157522       -0.301633         0.27216
         2.30198       -0.473099        0.968717
       -0.803303        -1.13798         2.20394
        0.879808        0.177553         1.29583
       -0.446878       -0.743934        0.224241
         -2.1958       -0.427312        0.698647
         2.04537        -0.14594       -0.966295
       -0.572507        -1.35935       -0.183154
       0.0942517         0.21273       -0.301192
        0.237789        -0.80675       -0.673682
        0.442557        -1.25432         -0.0166
         1.21804        0.319657       -0.043871
      -0.0591977       0.0736632        0.750764
        0.584982         1.98991       -0.262304
        0.318725      -0.0658868       -0.344725
          2.8745       -0.468688        0.736385
        -1.54044        0.244014       -0.295118
         1.19637       -0.420505        -1.54554
       -0.956009      -0.0482252       -0.618962
        -0.97742        0.423807        -1.64279
        0.417497        0.858175        0.313032
       -0.555119       -0.168435        -1.03942
      -0.0359183         0.84516         2.33367
        0.840729        0.595176        -1.91703
        -2.08025         0.84837       -0.224977
      -0.0269398         1.32834       -0.112064
          1.5573        -1.29139        0.961908
      0.00343498         1.32106         1.51188
         1.40376       -0.293494         1.75489
        -0.28667        -1.15102        0.131263
         1.28106         1.41982       -0.339466
       -0.987189        -1.29202         1.21401
        0.205376        -1.87029       -0.755488
        -1.97685         1.15143         1.93813
       -0.269093        -1.48087        -1.18956
       -0.672592        -2.08119        0.993833
        0.955866         1.16688        -1.04579
       -0.601725       -0.397741      -0.0968106
       -0.787961       -0.514189        0.175297
         2.14015       -0.549778       0.0164729
       -0.323691       -0.593763       -0.800134
       -0.850971         -1.3351       -0.690627
       -0.294129        -1.37485       -0.164806
        -0.41238       0.0228866         1.25697
       -0.257225        0.374673      -0.0167538
        -0.33307       -0.471525        -1.57343
       0.0595162        0.626365        0.945788
         1.60097         1.40479        0.873065
         2.49045        0.499187       -0.444062
        -1.30039       -0.620846        0.789339
       -0.613014         1.21573       -0.186032
       -0.688723        -3.14449        -0.40383
        0.211237        0.064789         1.30675
        0.213962        -1.08231        0.479581
        -1.04348       -0.394975        0.480651
         0.16112        0.455912        0.177148
         1.05671       -0.255098        -1.19201
       -0.625032        -1.16359         1.33975
         1.26985         1.45894        -1.23679
       -0.865746        0.786718         1.14316
       -0.845777       -0.694847       -0.180315
        -1.73935       -0.828122        -1.05815
        0.741189         2.37826        -1.67821
       -0.081405         1.73364        -2.08362
       -0.763257        0.740893        -1.28671
       -0.537911         1.59342        0.577108
       -0.391533       -0.123599       -0.725286
         1.88876         1.15827        -1.84882
        0.889222       -0.869653         1.09208
        -2.70695        -0.65638         1.02406
        0.555622         1.47152      -0.0835603
         2.07886        -1.40123        -2.25384
         -1.8389        0.338548         1.92103
         1.21993         1.04493         3.31298
         1.21127       -0.668215         1.38417
        -0.55003        -0.90718        -1.55438
         1.71506         1.00965         -1.3013
        0.106554       0.0647459        0.567945
        -0.84309       -0.504001        -1.47744
         1.44162        0.732211        -1.26578
        0.862012       -0.617523       -0.990867
        -1.22176         1.02005       -0.735455
         1.67241       0.0600168        0.420153
       -0.800515       -0.270757       -0.501284
       -0.456044       -0.741811       -0.873158
        -3.31468       -0.427619        0.216877
       -0.104482        0.196428       -0.590245
