BLOCK:	ACTUAL_KE:	KE_AVE:	ERROR:
1	1.8	1.8	0
2	1.8	1.8	5.16191e-09
3	1.8	1.8	1.68587e-08
4	1.8	1.8	3.65002e-09
5	1.8	1.8	9.97376e-09
6	1.8	1.8	1.1151e-08
7	1.8	1.8	1.03238e-08
8	1.8	1.8	9.65706e-09
9	1.8	1.8	9.10476e-09
10	1.8	1.8	7.05252e-09
11	1.8	1.8	6.72431e-09
12	1.8	1.8	1.20445e-08
13	1.8	1.8	1.15719e-08
14	1.8	1.8	1.1151e-08
15	1.8	1.8	1.4105e-08
16	1.8	1.8	1.36571e-08
17	1.8	1.8	1.32494e-08
18	1.8	1.8	1.28761e-08
19	1.8	1.8	1.49168e-08
20	1.8	1.8	1.45391e-08
21	1.8	1.8	1.41887e-08
22	1.8	1.8	1.38625e-08
23	1.8	1.8	1.35578e-08
24	1.8	1.8	1.32724e-08
25	1.8	1.8	1.30042e-08
26	1.8	1.8	1.45062e-08
27	1.8	1.8	1.4235e-08
28	1.8	1.8	1.39785e-08
29	1.8	1.8	1.37354e-08
30	1.8	1.8	1.35045e-08
31	1.8	1.8	1.32849e-08
32	1.8	1.8	1.30757e-08
33	1.8	1.8	1.28761e-08
34	1.8	1.8	1.26853e-08
35	1.8	1.8	1.25028e-08
36	1.8	1.8	1.23279e-08
37	1.8	1.8	1.21602e-08
38	1.8	1.8	1.19991e-08
39	1.8	1.8	1.18443e-08
40	1.8	1.8	1.16953e-08
41	1.8	1.8	1.15518e-08
42	1.8	1.8	1.14134e-08
43	1.8	1.8	1.24962e-08
44	1.8	1.8	1.23533e-08
45	1.8	1.8	1.22153e-08
46	1.8	1.8	1.20818e-08
47	1.8	1.8	1.19526e-08
48	1.8	1.8	1.18274e-08
49	1.8	1.8	1.17061e-08
50	1.8	1.8	1.15885e-08
51	1.8	1.8	1.14743e-08
52	1.8	1.8	1.13634e-08
53	1.8	1.8	1.12557e-08
54	1.8	1.8	1.1151e-08
55	1.8	1.8	1.10492e-08
56	1.8	1.8	1.09501e-08
57	1.8	1.8	1.08536e-08
58	1.8	1.8	1.07596e-08
59	1.8	1.8	1.0668e-08
60	1.8	1.8	1.05788e-08
61	1.8	1.8	1.04917e-08
62	1.8	1.8	1.04068e-08
63	1.8	1.8	1.03238e-08
64	1.8	1.8	1.02429e-08
65	1.8	1.8	1.01638e-08
66	1.8	1.8	1.00865e-08
67	1.8	1.8	1.00109e-08
68	1.8	1.8	9.93703e-09
69	1.8	1.8	9.86476e-09
70	1.8	1.8	9.79404e-09
71	1.8	1.8	9.72483e-09
72	1.8	1.8	9.06402e-09
73	1.8	1.8	8.37144e-09
74	1.8	1.8	8.31468e-09
75	1.8	1.8	7.58643e-09
76	1.8	1.8	6.80285e-09
77	1.8	1.8	5.94108e-09
78	1.8	1.8	4.95941e-09
79	1.8	1.8	4.92792e-09
80	1.8	1.8	2.90477e-09
81	1.8	1.8	1.239e-09
82	1.8	1.8	1.23142e-09
83	1.8	1.8	3.33601e-09
84	1.8	1.8	4.52909e-09
85	1.8	1.8	4.50237e-09
86	1.8	1.8	4.91597e-09
87	1.8	1.8	5.75126e-09
88	1.8	1.8	5.71849e-09
89	1.8	1.8	6.4277e-09
90	1.8	1.8	6.39189e-09
91	1.8	1.8	7.01366e-09
92	1.8	1.8	6.97544e-09
93	1.8	1.8	7.53185e-09
94	1.8	1.8	7.49168e-09
95	1.8	1.8	7.9968e-09
96	1.8	1.8	7.95504e-09
97	1.8	1.8	8.4185e-09
98	1.8	1.8	8.37544e-09
99	1.8	1.8	8.80419e-09
100	1.8	1.8	8.76006e-09
101	1.8	1.8	9.15933e-09
102	1.8	1.8	9.11432e-09
103	1.8	1.8	9.48815e-09
104	1.8	1.8	9.44243e-09
105	1.8	1.8	9.39736e-09
106	1.8	1.8	9.74773e-09
107	1.8	1.8	9.70208e-09
108	1.8	1.8	1.0033e-08
109	1.8	1.8	9.98683e-09
110	1.8	1.8	9.94133e-09
111	1.8	1.8	1.02538e-08
112	1.8	1.8	1.0208e-08
113	1.8	1.8	1.01627e-08
114	1.8	1.8	1.04588e-08
115	1.8	1.8	1.04132e-08
116	1.8	1.8	1.03682e-08
117	1.8	1.8	1.06496e-08
118	1.8	1.8	1.06044e-08
119	1.8	1.8	1.05597e-08
120	1.8	1.8	1.08277e-08
121	1.8	1.8	1.07829e-08
122	1.8	1.8	1.07386e-08
123	1.8	1.8	1.09945e-08
124	1.8	1.8	1.09501e-08
125	1.8	1.8	1.09062e-08
126	1.8	1.8	1.08628e-08
127	1.8	1.8	1.1107e-08
128	1.8	1.8	1.10635e-08
129	1.8	1.8	1.10206e-08
130	1.8	1.8	1.12547e-08
131	1.8	1.8	1.12116e-08
132	1.8	1.8	1.11691e-08
133	1.8	1.8	1.1127e-08
134	1.8	1.8	1.13513e-08
135	1.8	1.8	1.13092e-08
136	1.8	1.8	1.12675e-08
137	1.8	1.8	1.12263e-08
138	1.8	1.8	1.14416e-08
139	1.8	1.8	1.14003e-08
140	1.8	1.8	1.13596e-08
141	1.8	1.8	1.13192e-08
142	1.8	1.8	1.12793e-08
143	1.8	1.8	1.14857e-08
144	1.8	1.8	1.12007e-08
145	1.8	1.8	1.09122e-08
146	1.8	1.8	1.08748e-08
147	1.8	1.8	1.05839e-08
148	1.8	1.8	1.02889e-08
149	1.8	1.8	1.02543e-08
150	1.8	1.8	9.95594e-09
151	1.8	1.8	9.92292e-09
152	1.8	1.8	9.62068e-09
153	1.8	1.8	9.31279e-09
154	1.8	1.8	9.2825e-09
155	1.8	1.8	8.96949e-09
156	1.8	1.8	8.9407e-09
157	1.8	1.8	8.6218e-09
158	1.8	1.8	8.29492e-09
159	1.8	1.8	8.43599e-09
160	1.8	1.8	8.10711e-09
161	1.8	1.8	8.08189e-09
162	1.8	1.8	7.74464e-09
163	1.8	1.8	7.72085e-09
164	1.8	1.8	7.37386e-09
165	1.8	1.8	7.35148e-09
166	1.8	1.8	6.99309e-09
167	1.8	1.8	6.97212e-09
168	1.8	1.8	6.60023e-09
169	1.8	1.8	6.58067e-09
170	1.8	1.8	6.19261e-09
171	1.8	1.8	5.96046e-09
172	1.8	1.8	5.53833e-09
173	1.8	1.8	5.5223e-09
174	1.8	1.8	5.07213e-09
175	1.8	1.8	5.05762e-09
176	1.8	1.8	5.04323e-09
177	1.8	1.8	4.55789e-09
178	1.8	1.8	4.54507e-09
179	1.8	1.8	4.00955e-09
180	1.8	1.8	3.9984e-09
181	1.8	1.8	3.38859e-09
182	1.8	1.8	3.37927e-09
183	1.8	1.8	3.37002e-09
184	1.8	1.8	2.63647e-09
185	1.8	1.8	2.62933e-09
186	1.8	1.8	1.6058e-09
187	1.8	1.8	1.6015e-09
188	1.8	1.8	1.59723e-09
189	1.8	1.8	1.30068e-09
190	1.8	1.8	1.29725e-09
191	1.8	1.8	2.42058e-09
192	1.8	1.8	2.41426e-09
193	1.8	1.8	2.408e-09
194	1.8	1.8	3.14468e-09
195	1.8	1.8	3.1366e-09
196	1.8	1.8	3.12859e-09
197	1.8	1.8	3.71431e-09
198	1.8	1.8	3.70491e-09
199	1.8	1.8	4.20408e-09
200	1.8	1.8	4.19356e-09
201	1.8	1.8	4.18311e-09
202	1.8	1.8	4.62267e-09
203	1.8	1.8	4.61127e-09
204	1.8	1.8	4.59995e-09
205	1.8	1.8	4.99556e-09
206	1.8	1.8	4.98342e-09
207	1.8	1.8	4.97137e-09
208	1.8	1.8	5.3328e-09
209	1.8	1.8	5.32003e-09
210	1.8	1.8	5.30735e-09
211	1.8	1.8	5.29476e-09
212	1.8	1.8	5.62786e-09
213	1.8	1.8	5.61463e-09
214	1.8	1.8	5.6015e-09
215	1.8	1.8	5.91175e-09
216	1.8	1.8	5.89805e-09
217	1.8	1.8	5.88444e-09
218	1.8	1.8	6.17532e-09
219	1.8	1.8	6.16121e-09
220	1.8	1.8	6.14719e-09
221	1.8	1.8	6.13327e-09
222	1.8	1.8	6.40689e-09
223	1.8	1.8	6.39251e-09
224	1.8	1.8	6.37822e-09
225	1.8	1.8	6.63729e-09
226	1.8	1.8	6.62259e-09
227	1.8	1.8	6.60799e-09
228	1.8	1.8	6.59348e-09
229	1.8	1.8	6.83921e-09
230	1.8	1.8	6.82433e-09
231	1.8	1.8	6.80954e-09
232	1.8	1.8	6.79485e-09
233	1.8	1.8	7.02869e-09
234	1.8	1.8	7.01366e-09
235	1.8	1.8	6.99872e-09
236	1.8	1.8	6.98388e-09
237	1.8	1.8	7.20705e-09
238	1.8	1.8	7.19189e-09
239	1.8	1.8	7.17683e-09
240	1.8	1.8	7.16186e-09
241	1.8	1.8	7.37539e-09
242	1.8	1.8	7.36013e-09
243	1.8	1.8	7.34497e-09
244	1.8	1.8	7.32991e-09
245	1.8	1.8	7.53465e-09
246	1.8	1.8	7.51932e-09
247	1.8	1.8	7.50408e-09
248	1.8	1.8	7.48894e-09
249	1.8	1.8	7.47388e-09
250	1.8	1.8	7.67026e-09
251	1.8	1.8	7.65497e-09
252	1.8	1.8	7.63977e-09
253	1.8	1.8	7.62465e-09
254	1.8	1.8	7.81368e-09
255	1.8	1.8	7.79834e-09
256	1.8	1.8	7.78309e-09
257	1.8	1.8	7.76794e-09
258	1.8	1.8	7.75287e-09
259	1.8	1.8	7.93481e-09
260	1.8	1.8	7.91954e-09
261	1.8	1.8	7.90435e-09
262	1.8	1.8	7.88925e-09
263	1.8	1.8	7.87424e-09
264	1.8	1.8	8.04964e-09
265	1.8	1.8	8.03443e-09
266	1.8	1.8	8.01932e-09
267	1.8	1.8	8.00429e-09
268	1.8	1.8	7.98934e-09
269	1.8	1.8	8.15867e-09
270	1.8	1.8	8.14354e-09
271	1.8	1.8	8.12851e-09
272	1.8	1.8	8.11355e-09
273	1.8	1.8	8.09868e-09
274	1.8	1.8	8.26236e-09
275	1.8	1.8	8.24732e-09
276	1.8	1.8	8.23237e-09
277	1.8	1.8	8.21749e-09
278	1.8	1.8	8.2027e-09
279	1.8	1.8	8.18799e-09
280	1.8	1.8	8.34617e-09
281	1.8	1.8	8.33131e-09
282	1.8	1.8	8.31652e-09
283	1.8	1.8	8.30182e-09
284	1.8	1.8	8.28719e-09
285	1.8	1.8	8.27263e-09
286	1.8	1.8	8.42568e-09
287	1.8	1.8	8.41099e-09
288	1.8	1.8	8.39638e-09
289	1.8	1.8	8.38184e-09
290	1.8	1.8	8.36737e-09
291	1.8	1.8	8.35299e-09
292	1.8	1.8	8.50123e-09
293	1.8	1.8	8.48671e-09
294	1.8	1.8	8.47227e-09
295	1.8	1.8	8.4579e-09
296	1.8	1.8	8.4436e-09
297	1.8	1.8	8.42937e-09
298	1.8	1.8	8.57311e-09
299	1.8	1.8	8.55876e-09
300	1.8	1.8	8.54449e-09
301	1.8	1.8	8.53028e-09
302	1.8	1.8	8.51615e-09
303	1.8	1.8	8.50208e-09
304	1.8	1.8	8.64159e-09
305	1.8	1.8	8.62741e-09
306	1.8	1.8	8.6133e-09
307	1.8	1.8	8.59927e-09
308	1.8	1.8	8.58529e-09
309	1.8	1.8	8.57139e-09
310	1.8	1.8	8.55755e-09
311	1.8	1.8	8.6929e-09
312	1.8	1.8	8.67896e-09
313	1.8	1.8	8.66509e-09
314	1.8	1.8	8.65128e-09
315	1.8	1.8	8.63753e-09
316	1.8	1.8	8.62386e-09
317	1.8	1.8	8.61024e-09
318	1.8	1.8	8.66143e-09
319	1.8	1.8	8.64784e-09
320	1.8	1.8	8.55358e-09
321	1.8	1.8	8.45886e-09
322	1.8	1.8	8.36367e-09
323	1.8	1.8	8.26798e-09
324	1.8	1.8	8.25521e-09
325	1.8	1.8	8.15919e-09
326	1.8	1.8	8.21328e-09
327	1.8	1.8	8.11749e-09
328	1.8	1.8	8.1051e-09
329	1.8	1.8	8.00895e-09
330	1.8	1.8	7.91221e-09
331	1.8	1.8	7.81488e-09
332	1.8	1.8	7.8031e-09
333	1.8	1.8	7.70532e-09
334	1.8	1.8	7.76259e-09
335	1.8	1.8	7.66501e-09
336	1.8	1.8	7.65359e-09
337	1.8	1.8	7.55552e-09
338	1.8	1.8	7.45675e-09
339	1.8	1.8	7.44574e-09
340	1.8	1.8	7.34642e-09
341	1.8	1.8	7.24633e-09
342	1.8	1.8	7.39548e-09
343	1.8	1.8	7.2965e-09
344	1.8	1.8	7.19675e-09
345	1.8	1.8	7.09619e-09
346	1.8	1.8	7.08592e-09
347	1.8	1.8	6.98468e-09
348	1.8	1.8	6.88255e-09
349	1.8	1.8	6.87268e-09
350	1.8	1.8	6.93642e-09
351	1.8	1.8	6.83459e-09
352	1.8	1.8	6.82487e-09
353	1.8	1.8	6.72227e-09
354	1.8	1.8	6.71277e-09
355	1.8	1.8	6.60934e-09
356	1.8	1.8	6.50486e-09
357	1.8	1.8	6.49574e-09
358	1.8	1.8	6.39033e-09
359	1.8	1.8	6.28376e-09
360	1.8	1.8	6.44952e-09
361	1.8	1.8	6.34436e-09
362	1.8	1.8	6.23803e-09
363	1.8	1.8	6.22943e-09
364	1.8	1.8	6.12202e-09
365	1.8	1.8	6.11363e-09
366	1.8	1.8	6.00508e-09
367	1.8	1.8	5.89514e-09
368	1.8	1.8	5.88713e-09
369	1.8	1.8	5.96046e-09
370	1.8	1.8	5.9524e-09
371	1.8	1.8	5.84283e-09
372	1.8	1.8	5.73176e-09
373	1.8	1.8	5.72407e-09
374	1.8	1.8	5.61159e-09
375	1.8	1.8	5.6041e-09
376	1.8	1.8	5.49012e-09
377	1.8	1.8	5.48283e-09
378	1.8	1.8	5.36722e-09
379	1.8	1.8	5.44687e-09
380	1.8	1.8	5.4397e-09
381	1.8	1.8	5.3242e-09
382	1.8	1.8	5.31723e-09
383	1.8	1.8	5.19996e-09
384	1.8	1.8	5.19318e-09
385	1.8	1.8	5.07402e-09
386	1.8	1.8	5.06744e-09
387	1.8	1.8	4.94622e-09
388	1.8	1.8	4.8226e-09
389	1.8	1.8	4.8164e-09
390	1.8	1.8	4.90399e-09
391	1.8	1.8	4.89772e-09
392	1.8	1.8	4.77426e-09
393	1.8	1.8	4.76818e-09
394	1.8	1.8	4.64228e-09
395	1.8	1.8	4.6364e-09
396	1.8	1.8	4.50782e-09
397	1.8	1.8	4.50214e-09
398	1.8	1.8	4.37064e-09
399	1.8	1.8	4.36516e-09
400	1.8	1.8	4.23046e-09
401	1.8	1.8	4.45484e-09
402	1.8	1.8	4.32337e-09
403	1.8	1.8	4.318e-09
404	1.8	1.8	4.18327e-09
405	1.8	1.8	4.1781e-09
406	1.8	1.8	4.03977e-09
407	1.8	1.8	4.0348e-09
408	1.8	1.8	3.89246e-09
409	1.8	1.8	3.8877e-09
410	1.8	1.8	3.74089e-09
411	1.8	1.8	3.73633e-09
412	1.8	1.8	3.58447e-09
413	1.8	1.8	3.84094e-09
414	1.8	1.8	3.69384e-09
415	1.8	1.8	3.68939e-09
416	1.8	1.8	3.53714e-09
417	1.8	1.8	3.5329e-09
418	1.8	1.8	3.52867e-09
419	1.8	1.8	3.37074e-09
420	1.8	1.8	3.36673e-09
421	1.8	1.8	3.20204e-09
422	1.8	1.8	3.19825e-09
423	1.8	1.8	3.02568e-09
424	1.8	1.8	3.02211e-09
425	1.8	1.8	2.8402e-09
426	1.8	1.8	3.15028e-09
427	1.8	1.8	2.97674e-09
428	1.8	1.8	2.97326e-09
429	1.8	1.8	2.96979e-09
430	1.8	1.8	2.78683e-09
431	1.8	1.8	2.78359e-09
432	1.8	1.8	2.58891e-09
433	1.8	1.8	2.58592e-09
434	1.8	1.8	2.37662e-09
435	1.8	1.8	2.37389e-09
436	1.8	1.8	2.37116e-09
437	1.8	1.8	2.1432e-09
438	1.8	1.8	2.14076e-09
439	1.8	1.8	2.31984e-09
440	1.8	1.8	2.31721e-09
441	1.8	1.8	2.08573e-09
442	1.8	1.8	2.08337e-09
443	1.8	1.8	2.08101e-09
444	1.8	1.8	1.82227e-09
445	1.8	1.8	1.82022e-09
446	1.8	1.8	1.51989e-09
447	1.8	1.8	1.51819e-09
448	1.8	1.8	1.51649e-09
449	1.8	1.8	1.14261e-09
450	1.8	1.8	1.14134e-09
451	1.8	1.8	5.61335e-10
452	1.8	1.8	5.60713e-10
453	1.8	1.8	5.60094e-10
454	1.8	1.8	1.04669e-09
455	1.8	1.8	1.04553e-09
456	1.8	1.8	3.41856e-10
457	1.8	1.8	3.41482e-10
458	1.8	1.8	3.41109e-10
459	1.8	1.8	9.2272e-10
460	1.8	1.8	9.21717e-10
461	1.8	1.8	1.34575e-09
462	1.8	1.8	1.34429e-09
463	1.8	1.8	1.34284e-09
464	1.8	1.8	1.66025e-09
465	1.8	1.8	1.65846e-09
466	1.8	1.8	1.65668e-09
467	1.8	1.8	1.92085e-09
468	1.8	1.8	1.91879e-09
469	1.8	1.8	1.70775e-09
470	1.8	1.8	1.70593e-09
471	1.8	1.8	1.70412e-09
472	1.8	1.8	1.95927e-09
473	1.8	1.8	1.9572e-09
474	1.8	1.8	1.95513e-09
475	1.8	1.8	2.17932e-09
476	1.8	1.8	2.17703e-09
477	1.8	1.8	2.17474e-09
478	1.8	1.8	2.37669e-09
479	1.8	1.8	2.37421e-09
480	1.8	1.8	2.37174e-09
481	1.8	1.8	2.5567e-09
482	1.8	1.8	2.55404e-09
483	1.8	1.8	2.72563e-09
484	1.8	1.8	2.72281e-09
485	1.8	1.8	2.72001e-09
486	1.8	1.8	2.57919e-09
487	1.8	1.8	2.57654e-09
488	1.8	1.8	2.5739e-09
489	1.8	1.8	2.74218e-09
490	1.8	1.8	2.73938e-09
491	1.8	1.8	2.73659e-09
492	1.8	1.8	2.89419e-09
493	1.8	1.8	2.89125e-09
494	1.8	1.8	2.88832e-09
495	1.8	1.8	3.03689e-09
496	1.8	1.8	3.03383e-09
497	1.8	1.8	3.03077e-09
498	1.8	1.8	3.17158e-09
499	1.8	1.8	3.1684e-09
500	1.8	1.8	3.16523e-09
501	1.8	1.8	3.29925e-09
502	1.8	1.8	3.29596e-09
503	1.8	1.8	3.04181e-09
504	1.8	1.8	3.03879e-09
505	1.8	1.8	3.17732e-09
506	1.8	1.8	3.17417e-09
507	1.8	1.8	3.17104e-09
508	1.8	1.8	3.30302e-09
509	1.8	1.8	3.29977e-09
510	1.8	1.8	3.29653e-09
511	1.8	1.8	3.42271e-09
512	1.8	1.8	3.41936e-09
513	1.8	1.8	3.41603e-09
514	1.8	1.8	3.53702e-09
515	1.8	1.8	3.53359e-09
516	1.8	1.8	3.53016e-09
517	1.8	1.8	3.64649e-09
518	1.8	1.8	3.64297e-09
519	1.8	1.8	3.63946e-09
520	1.8	1.8	3.63596e-09
521	1.8	1.8	3.74796e-09
522	1.8	1.8	3.53397e-09
523	1.8	1.8	3.53059e-09
524	1.8	1.8	3.64538e-09
525	1.8	1.8	3.6419e-09
526	1.8	1.8	3.63844e-09
527	1.8	1.8	3.63499e-09
528	1.8	1.8	3.74555e-09
529	1.8	1.8	3.74201e-09
530	1.8	1.8	3.73848e-09
531	1.8	1.8	3.84529e-09
532	1.8	1.8	3.84167e-09
533	1.8	1.8	3.83807e-09
534	1.8	1.8	3.94142e-09
535	1.8	1.8	3.93774e-09
536	1.8	1.8	3.93406e-09
537	1.8	1.8	3.9304e-09
538	1.8	1.8	4.03048e-09
539	1.8	1.8	4.02674e-09
540	1.8	1.8	4.02301e-09
541	1.8	1.8	4.01929e-09
542	1.8	1.8	4.11634e-09
543	1.8	1.8	3.92949e-09
544	1.8	1.8	3.92588e-09
545	1.8	1.8	4.02481e-09
546	1.8	1.8	4.02112e-09
547	1.8	1.8	4.01744e-09
548	1.8	1.8	4.01377e-09
549	1.8	1.8	4.10974e-09
550	1.8	1.8	4.106e-09
551	1.8	1.8	4.10227e-09
552	1.8	1.8	4.09856e-09
553	1.8	1.8	4.19176e-09
554	1.8	1.8	4.18797e-09
555	1.8	1.8	4.1842e-09
556	1.8	1.8	4.2749e-09
557	1.8	1.8	4.27106e-09
558	1.8	1.8	4.26723e-09
559	1.8	1.8	4.26341e-09
560	1.8	1.8	4.35169e-09
561	1.8	1.8	4.34781e-09
562	1.8	1.8	4.34394e-09
563	1.8	1.8	4.34008e-09
564	1.8	1.8	4.4261e-09
565	1.8	1.8	4.25921e-09
566	1.8	1.8	4.25544e-09
567	1.8	1.8	4.25169e-09
568	1.8	1.8	4.339e-09
569	1.8	1.8	4.49429e-09
570	1.8	1.8	4.49035e-09
571	1.8	1.8	4.48641e-09
572	1.8	1.8	4.56827e-09
573	1.8	1.8	4.56428e-09
574	1.8	1.8	4.5603e-09
575	1.8	1.8	4.55634e-09
576	1.8	1.8	4.63629e-09
577	1.8	1.8	4.63227e-09
578	1.8	1.8	4.62826e-09
579	1.8	1.8	4.62426e-09
580	1.8	1.8	4.7024e-09
581	1.8	1.8	4.69835e-09
582	1.8	1.8	4.69431e-09
583	1.8	1.8	4.69029e-09
584	1.8	1.8	4.68627e-09
585	1.8	1.8	4.76264e-09
586	1.8	1.8	4.61301e-09
587	1.8	1.8	4.60908e-09
588	1.8	1.8	4.60516e-09
589	1.8	1.8	4.68247e-09
590	1.8	1.8	4.6785e-09
591	1.8	1.8	4.67454e-09
592	1.8	1.8	4.67059e-09
593	1.8	1.8	4.74621e-09
594	1.8	1.8	4.74221e-09
595	1.8	1.8	4.73822e-09
596	1.8	1.8	4.73425e-09
597	1.8	1.8	4.73028e-09
598	1.8	1.8	4.80424e-09
599	1.8	1.8	4.80023e-09
600	1.8	1.8	4.79623e-09
601	1.8	1.8	4.79224e-09
602	1.8	1.8	4.86468e-09
603	1.8	1.8	4.86064e-09
604	1.8	1.8	4.85662e-09
605	1.8	1.8	4.8526e-09
606	1.8	1.8	4.92359e-09
607	1.8	1.8	4.91953e-09
608	1.8	1.8	4.91548e-09
609	1.8	1.8	4.91144e-09
610	1.8	1.8	4.90742e-09
611	1.8	1.8	4.84374e-09
612	1.8	1.8	4.83979e-09
613	1.8	1.8	4.83584e-09
614	1.8	1.8	4.8319e-09
615	1.8	1.8	4.82797e-09
616	1.8	1.8	4.8982e-09
617	1.8	1.8	4.89423e-09
618	1.8	1.8	4.89027e-09
619	1.8	1.8	4.88631e-09
620	1.8	1.8	4.95518e-09
621	1.8	1.8	4.95119e-09
622	1.8	1.8	4.94721e-09
623	1.8	1.8	4.94324e-09
624	1.8	1.8	4.93928e-09
625	1.8	1.8	5.00679e-09
626	1.8	1.8	5.00279e-09
627	1.8	1.8	4.9988e-09
628	1.8	1.8	4.99482e-09
629	1.8	1.8	4.99084e-09
630	1.8	1.8	5.05706e-09
631	1.8	1.8	5.05306e-09
632	1.8	1.8	5.04906e-09
633	1.8	1.8	5.04507e-09
634	1.8	1.8	5.04109e-09
635	1.8	1.8	5.10606e-09
636	1.8	1.8	5.10205e-09
637	1.8	1.8	5.09804e-09
638	1.8	1.8	4.96954e-09
639	1.8	1.8	4.96565e-09
640	1.8	1.8	5.03121e-09
641	1.8	1.8	5.02729e-09
642	1.8	1.8	5.02337e-09
643	1.8	1.8	5.01946e-09
644	1.8	1.8	5.01556e-09
645	1.8	1.8	5.0799e-09
646	1.8	1.8	5.07597e-09
647	1.8	1.8	5.07204e-09
648	1.8	1.8	5.06813e-09
649	1.8	1.8	5.06422e-09
650	1.8	1.8	5.12739e-09
651	1.8	1.8	5.12345e-09
652	1.8	1.8	5.11952e-09
653	1.8	1.8	5.11559e-09
654	1.8	1.8	5.11168e-09
655	1.8	1.8	5.10778e-09
656	1.8	1.8	5.16978e-09
657	1.8	1.8	5.16584e-09
658	1.8	1.8	5.16191e-09
659	1.8	1.8	5.158e-09
660	1.8	1.8	5.15409e-09
661	1.8	1.8	5.215e-09
662	1.8	1.8	5.21106e-09
663	1.8	1.8	5.20713e-09
664	1.8	1.8	5.20321e-09
665	1.8	1.8	5.1993e-09
666	1.8	1.8	5.25917e-09
667	1.8	1.8	5.13994e-09
668	1.8	1.8	5.13609e-09
669	1.8	1.8	5.13225e-09
670	1.8	1.8	5.12842e-09
671	1.8	1.8	5.1246e-09
672	1.8	1.8	5.18491e-09
673	1.8	1.8	5.18105e-09
674	1.8	1.8	5.17721e-09
675	1.8	1.8	5.17337e-09
676	1.8	1.8	5.16954e-09
677	1.8	1.8	5.22883e-09
678	1.8	1.8	5.22497e-09
679	1.8	1.8	5.22112e-09
680	1.8	1.8	5.21728e-09
681	1.8	1.8	5.21345e-09
682	1.8	1.8	5.20963e-09
683	1.8	1.8	5.26789e-09
684	1.8	1.8	5.26404e-09
685	1.8	1.8	5.2602e-09
686	1.8	1.8	5.25636e-09
687	1.8	1.8	5.25253e-09
688	1.8	1.8	5.24872e-09
689	1.8	1.8	5.30599e-09
690	1.8	1.8	5.30215e-09
691	1.8	1.8	5.29831e-09
692	1.8	1.8	5.29448e-09
693	1.8	1.8	5.29066e-09
694	1.8	1.8	5.28685e-09
695	1.8	1.8	5.34317e-09
696	1.8	1.8	5.33933e-09
697	1.8	1.8	5.3355e-09
698	1.8	1.8	5.33168e-09
699	1.8	1.8	5.32786e-09
700	1.8	1.8	5.21571e-09
701	1.8	1.8	5.27241e-09
702	1.8	1.8	5.26866e-09
703	1.8	1.8	5.26491e-09
704	1.8	1.8	5.26117e-09
705	1.8	1.8	5.25743e-09
706	1.8	1.8	5.25371e-09
707	1.8	1.8	5.30948e-09
708	1.8	1.8	5.30573e-09
709	1.8	1.8	5.30198e-09
710	1.8	1.8	5.29825e-09
711	1.8	1.8	5.29452e-09
712	1.8	1.8	5.2908e-09
713	1.8	1.8	5.34567e-09
714	1.8	1.8	5.34192e-09
715	1.8	1.8	5.33819e-09
716	1.8	1.8	5.33446e-09
717	1.8	1.8	5.33074e-09
718	1.8	1.8	5.32702e-09
719	1.8	1.8	5.32332e-09
720	1.8	1.8	5.37728e-09
721	1.8	1.8	5.37355e-09
722	1.8	1.8	5.36983e-09
723	1.8	1.8	5.36611e-09
724	1.8	1.8	5.36241e-09
725	1.8	1.8	5.35871e-09
726	1.8	1.8	5.41183e-09
727	1.8	1.8	5.4081e-09
728	1.8	1.8	5.40439e-09
729	1.8	1.8	5.40068e-09
730	1.8	1.8	5.39698e-09
731	1.8	1.8	5.39329e-09
732	1.8	1.8	5.3896e-09
733	1.8	1.8	5.44188e-09
734	1.8	1.8	5.43817e-09
735	1.8	1.8	5.43447e-09
736	1.8	1.8	5.32984e-09
737	1.8	1.8	5.32623e-09
738	1.8	1.8	5.32262e-09
739	1.8	1.8	5.37521e-09
740	1.8	1.8	5.37157e-09
741	1.8	1.8	5.36795e-09
742	1.8	1.8	5.36433e-09
743	1.8	1.8	5.36072e-09
744	1.8	1.8	5.35711e-09
745	1.8	1.8	5.35352e-09
746	1.8	1.8	5.40528e-09
747	1.8	1.8	5.40166e-09
748	1.8	1.8	5.39805e-09
749	1.8	1.8	5.39444e-09
750	1.8	1.8	5.39084e-09
751	1.8	1.8	5.38725e-09
752	1.8	1.8	5.38367e-09
753	1.8	1.8	5.43463e-09
754	1.8	1.8	5.43102e-09
755	1.8	1.8	5.42742e-09
756	1.8	1.8	5.42383e-09
757	1.8	1.8	5.42025e-09
758	1.8	1.8	5.41667e-09
759	1.8	1.8	5.4131e-09
760	1.8	1.8	5.46328e-09
761	1.8	1.8	5.45969e-09
762	1.8	1.8	5.45611e-09
763	1.8	1.8	5.45253e-09
764	1.8	1.8	5.44896e-09
765	1.8	1.8	5.4454e-09
766	1.8	1.8	5.44185e-09
767	1.8	1.8	5.49127e-09
768	1.8	1.8	5.4877e-09
769	1.8	1.8	5.48413e-09
770	1.8	1.8	5.48056e-09
771	1.8	1.8	5.47701e-09
772	1.8	1.8	5.47346e-09
773	1.8	1.8	5.46992e-09
774	1.8	1.8	5.46638e-09
775	1.8	1.8	5.42074e-09
776	1.8	1.8	5.41724e-09
777	1.8	1.8	5.41376e-09
778	1.8	1.8	5.41027e-09
779	1.8	1.8	5.4068e-09
780	1.8	1.8	5.40333e-09
781	1.8	1.8	5.39987e-09
782	1.8	1.8	5.44878e-09
783	1.8	1.8	5.4453e-09
784	1.8	1.8	5.44183e-09
785	1.8	1.8	5.43836e-09
786	1.8	1.8	5.4349e-09
787	1.8	1.8	5.43145e-09
788	1.8	1.8	5.428e-09
789	1.8	1.8	5.42456e-09
790	1.8	1.8	5.47273e-09
791	1.8	1.8	5.46927e-09
792	1.8	1.8	5.46581e-09
793	1.8	1.8	5.46236e-09
794	1.8	1.8	5.45892e-09
795	1.8	1.8	5.45549e-09
796	1.8	1.8	5.45206e-09
797	1.8	1.8	5.44864e-09
798	1.8	1.8	5.49609e-09
799	1.8	1.8	5.49265e-09
800	1.8	1.8	5.48921e-09
801	1.8	1.8	5.48578e-09
802	1.8	1.8	5.48236e-09
803	1.8	1.8	5.47895e-09
804	1.8	1.8	5.47554e-09
805	1.8	1.8	5.52232e-09
806	1.8	1.8	5.51889e-09
807	1.8	1.8	5.51547e-09
808	1.8	1.8	5.51205e-09
809	1.8	1.8	5.50865e-09
810	1.8	1.8	5.50524e-09
811	1.8	1.8	5.50185e-09
812	1.8	1.8	5.49846e-09
813	1.8	1.8	5.49508e-09
814	1.8	1.8	5.54115e-09
815	1.8	1.8	5.53775e-09
816	1.8	1.8	5.53436e-09
817	1.8	1.8	5.53097e-09
818	1.8	1.8	5.52759e-09
819	1.8	1.8	5.52421e-09
820	1.8	1.8	5.43184e-09
821	1.8	1.8	5.42853e-09
822	1.8	1.8	5.47479e-09
823	1.8	1.8	5.47146e-09
824	1.8	1.8	5.46814e-09
825	1.8	1.8	5.46483e-09
826	1.8	1.8	5.46152e-09
827	1.8	1.8	5.45821e-09
828	1.8	1.8	5.45492e-09
829	1.8	1.8	5.45163e-09
830	1.8	1.8	5.49722e-09
831	1.8	1.8	5.49392e-09
832	1.8	1.8	5.49061e-09
833	1.8	1.8	5.48732e-09
834	1.8	1.8	5.48403e-09
835	1.8	1.8	5.48074e-09
836	1.8	1.8	5.47746e-09
837	1.8	1.8	5.47419e-09
838	1.8	1.8	5.47092e-09
839	1.8	1.8	5.51585e-09
840	1.8	1.8	5.51257e-09
841	1.8	1.8	5.50929e-09
842	1.8	1.8	5.50602e-09
843	1.8	1.8	5.50275e-09
844	1.8	1.8	5.49949e-09
845	1.8	1.8	5.49623e-09
846	1.8	1.8	5.49298e-09
847	1.8	1.8	5.48974e-09
848	1.8	1.8	5.53402e-09
849	1.8	1.8	5.53076e-09
850	1.8	1.8	5.52751e-09
851	1.8	1.8	5.52426e-09
852	1.8	1.8	5.52102e-09
853	1.8	1.8	5.51778e-09
854	1.8	1.8	5.51455e-09
855	1.8	1.8	5.51132e-09
856	1.8	1.8	5.5081e-09
857	1.8	1.8	5.55175e-09
858	1.8	1.8	5.54852e-09
859	1.8	1.8	5.54529e-09
860	1.8	1.8	5.54206e-09
861	1.8	1.8	5.53884e-09
862	1.8	1.8	5.53563e-09
863	1.8	1.8	5.53242e-09
864	1.8	1.8	5.52922e-09
865	1.8	1.8	5.52602e-09
866	1.8	1.8	5.56906e-09
867	1.8	1.8	5.56585e-09
868	1.8	1.8	5.56264e-09
869	1.8	1.8	5.47609e-09
870	1.8	1.8	5.47294e-09
871	1.8	1.8	5.4698e-09
872	1.8	1.8	5.46666e-09
873	1.8	1.8	5.46353e-09
874	1.8	1.8	5.4604e-09
875	1.8	1.8	5.50358e-09
876	1.8	1.8	5.50044e-09
877	1.8	1.8	5.4973e-09
878	1.8	1.8	5.49417e-09
879	1.8	1.8	5.49105e-09
880	1.8	1.8	5.48793e-09
881	1.8	1.8	5.48481e-09
882	1.8	1.8	5.4817e-09
883	1.8	1.8	5.47859e-09
884	1.8	1.8	5.47549e-09
885	1.8	1.8	5.51806e-09
886	1.8	1.8	5.51494e-09
887	1.8	1.8	5.51183e-09
888	1.8	1.8	5.50873e-09
889	1.8	1.8	5.50563e-09
890	1.8	1.8	5.50254e-09
891	1.8	1.8	5.49945e-09
892	1.8	1.8	5.49636e-09
893	1.8	1.8	5.49329e-09
894	1.8	1.8	5.53527e-09
895	1.8	1.8	5.53217e-09
896	1.8	1.8	5.52909e-09
897	1.8	1.8	5.526e-09
898	1.8	1.8	5.52292e-09
899	1.8	1.8	5.51985e-09
900	1.8	1.8	5.51678e-09
901	1.8	1.8	5.51372e-09
902	1.8	1.8	5.51067e-09
903	1.8	1.8	5.50761e-09
904	1.8	1.8	5.54901e-09
905	1.8	1.8	5.54594e-09
906	1.8	1.8	5.54288e-09
907	1.8	1.8	5.53982e-09
908	1.8	1.8	5.53677e-09
909	1.8	1.8	5.53373e-09
910	1.8	1.8	5.53068e-09
911	1.8	1.8	5.52765e-09
912	1.8	1.8	5.52462e-09
913	1.8	1.8	5.52159e-09
914	1.8	1.8	5.51857e-09
915	1.8	1.8	5.55938e-09
916	1.8	1.8	5.55634e-09
917	1.8	1.8	5.55331e-09
918	1.8	1.8	5.55029e-09
919	1.8	1.8	5.54726e-09
920	1.8	1.8	5.54425e-09
921	1.8	1.8	5.54124e-09
922	1.8	1.8	5.53823e-09
923	1.8	1.8	5.53523e-09
924	1.8	1.8	5.53224e-09
925	1.8	1.8	5.4944e-09
926	1.8	1.8	5.49144e-09
927	1.8	1.8	5.48847e-09
928	1.8	1.8	5.48551e-09
929	1.8	1.8	5.48256e-09
930	1.8	1.8	5.47961e-09
931	1.8	1.8	5.47667e-09
932	1.8	1.8	5.47373e-09
933	1.8	1.8	5.4708e-09
934	1.8	1.8	5.46787e-09
935	1.8	1.8	5.46494e-09
936	1.8	1.8	5.50528e-09
937	1.8	1.8	5.50234e-09
938	1.8	1.8	5.49941e-09
939	1.8	1.8	5.49648e-09
940	1.8	1.8	5.49356e-09
941	1.8	1.8	5.49064e-09
942	1.8	1.8	5.48772e-09
943	1.8	1.8	5.48481e-09
944	1.8	1.8	5.48191e-09
945	1.8	1.8	5.479e-09
946	1.8	1.8	5.47611e-09
947	1.8	1.8	5.51589e-09
948	1.8	1.8	5.51298e-09
949	1.8	1.8	5.51007e-09
950	1.8	1.8	5.50717e-09
951	1.8	1.8	5.50428e-09
952	1.8	1.8	5.50139e-09
953	1.8	1.8	5.4985e-09
954	1.8	1.8	5.49562e-09
955	1.8	1.8	5.49274e-09
956	1.8	1.8	5.48986e-09
957	1.8	1.8	5.48699e-09
958	1.8	1.8	5.52623e-09
959	1.8	1.8	5.52335e-09
960	1.8	1.8	5.52047e-09
961	1.8	1.8	5.5176e-09
962	1.8	1.8	5.51473e-09
963	1.8	1.8	5.51187e-09
964	1.8	1.8	5.50901e-09
965	1.8	1.8	5.50615e-09
966	1.8	1.8	5.5033e-09
967	1.8	1.8	5.50046e-09
968	1.8	1.8	5.49761e-09
969	1.8	1.8	5.53632e-09
970	1.8	1.8	5.53347e-09
971	1.8	1.8	5.53062e-09
972	1.8	1.8	5.52777e-09
973	1.8	1.8	5.52493e-09
974	1.8	1.8	5.52209e-09
975	1.8	1.8	5.51926e-09
976	1.8	1.8	5.51643e-09
977	1.8	1.8	5.51361e-09
978	1.8	1.8	5.51079e-09
979	1.8	1.8	5.50797e-09
980	1.8	1.8	5.50516e-09
981	1.8	1.8	5.54334e-09
982	1.8	1.8	5.54052e-09
983	1.8	1.8	5.5377e-09
984	1.8	1.8	5.53488e-09
985	1.8	1.8	5.53207e-09
986	1.8	1.8	5.52927e-09
987	1.8	1.8	5.52647e-09
988	1.8	1.8	5.52367e-09
989	1.8	1.8	5.44718e-09
990	1.8	1.8	5.44443e-09
991	1.8	1.8	5.44168e-09
992	1.8	1.8	5.43894e-09
993	1.8	1.8	5.47718e-09
994	1.8	1.8	5.47442e-09
995	1.8	1.8	5.47167e-09
996	1.8	1.8	5.46893e-09
997	1.8	1.8	5.46618e-09
998	1.8	1.8	5.46344e-09
999	1.8	1.8	5.46071e-09
1000	1.8	1.8	5.45798e-09
