BLOCK:	ACTUAL_PE:	PE_AVE:	ERROR:
1	-0.411468	-0.411468	0
2	-0.413212	-0.41234	0.000616843
3	-0.415124	-0.413268	0.000862015
4	-0.414645	-0.413612	0.000711996
5	-0.414386	-0.413767	0.00058617
6	-0.415501	-0.414056	0.000555204
7	-0.419322	-0.414808	0.000843499
8	-0.413949	-0.414701	0.000744869
9	-0.416538	-0.414905	0.000689521
10	-0.415107	-0.414925	0.000620863
11	-0.412206	-0.414678	0.000611643
12	-0.415523	-0.414748	0.000564708
13	-0.414139	-0.414702	0.000523214
14	-0.413995	-0.414651	0.00048827
15	-0.415978	-0.414739	0.00046366
16	-0.4122	-0.414581	0.000461053
17	-0.415572	-0.414639	0.000437601
18	-0.411604	-0.41447	0.000444586
19	-0.411587	-0.414319	0.000446332
20	-0.416282	-0.414417	0.000434674
21	-0.419566	-0.414662	0.000478154
22	-0.410304	-0.414464	0.000495751
23	-0.41315	-0.414407	0.000477478
24	-0.413585	-0.414373	0.00045881
25	-0.407954	-0.414116	0.000507239
26	-0.414364	-0.414125	0.00048782
27	-0.410696	-0.413998	0.000486006
28	-0.413781	-0.413991	0.000468711
29	-0.409626	-0.41384	0.000476101
30	-0.408064	-0.413648	0.000497637
31	-0.409336	-0.413508	0.000500645
32	-0.413467	-0.413507	0.000485002
33	-0.420697	-0.413725	0.00051693
34	-0.423425	-0.41401	0.000575094
35	-0.416096	-0.41407	0.000561741
36	-0.415733	-0.414116	0.000548033
37	-0.413	-0.414086	0.00053405
38	-0.41626	-0.414143	0.000523052
39	-0.419537	-0.414281	0.000527611
40	-0.413337	-0.414258	0.000514949
41	-0.413526	-0.41424	0.000502699
42	-0.416762	-0.4143	0.000494302
43	-0.415442	-0.414327	0.000483519
44	-0.412215	-0.414279	0.000474906
45	-0.409834	-0.41418	0.000474511
46	-0.409751	-0.414084	0.000473861
47	-0.415174	-0.414107	0.000464346
48	-0.422855	-0.414289	0.000489136
49	-0.420938	-0.414425	0.000497622
50	-0.416763	-0.414472	0.000489861
51	-0.413654	-0.414455	0.000480518
52	-0.417011	-0.414505	0.000473785
53	-0.411343	-0.414445	0.000468586
54	-0.413905	-0.414435	0.000460015
55	-0.416436	-0.414471	0.000453088
56	-0.414081	-0.414464	0.000445051
57	-0.412567	-0.414431	0.000438486
58	-0.41285	-0.414404	0.000431773
59	-0.411672	-0.414358	0.000426931
60	-0.413664	-0.414346	0.000419972
61	-0.422159	-0.414474	0.000432178
62	-0.41619	-0.414502	0.000426092
63	-0.416919	-0.41454	0.000421053
64	-0.41089	-0.414483	0.000418318
65	-0.416412	-0.414513	0.000412934
66	-0.4122	-0.414478	0.000408162
67	-0.409067	-0.414397	0.00040998
68	-0.411936	-0.414361	0.000405545
69	-0.41485	-0.414368	0.00039973
70	-0.415664	-0.414386	0.000394448
71	-0.419107	-0.414453	0.000394455
72	-0.419224	-0.414519	0.000394503
73	-0.41304	-0.414499	0.000389619
74	-0.416641	-0.414528	0.000385428
75	-0.42175	-0.414624	0.000392132
76	-0.420577	-0.414702	0.000394717
77	-0.412235	-0.41467	0.000390889
78	-0.417033	-0.414701	0.000387049
79	-0.408016	-0.414616	0.000391289
80	-0.415216	-0.414624	0.00038647
81	-0.418482	-0.414671	0.000384623
82	-0.414137	-0.414665	0.000379988
83	-0.412103	-0.414634	0.000376661
84	-0.413271	-0.414618	0.000372526
85	-0.412997	-0.414599	0.000368631
86	-0.411657	-0.414564	0.000365928
87	-0.426966	-0.414707	0.000388494
88	-0.41292	-0.414687	0.00038461
89	-0.413204	-0.41467	0.000380649
90	-0.412852	-0.41465	0.000376955
91	-0.416017	-0.414665	0.000373112
92	-0.414605	-0.414664	0.000369057
93	-0.420258	-0.414724	0.000369958
94	-0.414153	-0.414718	0.000366073
95	-0.411788	-0.414687	0.000363516
96	-0.410029	-0.414639	0.000362954
97	-0.420047	-0.414695	0.00036347
98	-0.408022	-0.414626	0.000366082
99	-0.413168	-0.414612	0.000362681
100	-0.414597	-0.414612	0.000359054
101	-0.410152	-0.414567	0.000358203
102	-0.409354	-0.414516	0.000358319
103	-0.412839	-0.4145	0.00035521
104	-0.413217	-0.414488	0.000352008
105	-0.414518	-0.414488	0.000348656
106	-0.414669	-0.41449	0.000345371
107	-0.410435	-0.414452	0.000344216
108	-0.410957	-0.414419	0.000342546
109	-0.411624	-0.414394	0.000340363
110	-0.409637	-0.414351	0.000340004
111	-0.416582	-0.414371	0.000337535
112	-0.421357	-0.414433	0.000340237
113	-0.417094	-0.414457	0.00033804
114	-0.416778	-0.414477	0.000335687
115	-0.422964	-0.414551	0.000340784
116	-0.410637	-0.414517	0.000339513
117	-0.414314	-0.414515	0.000336615
118	-0.413298	-0.414505	0.00033392
119	-0.417336	-0.414529	0.000331961
120	-0.408832	-0.414481	0.000332571
121	-0.413797	-0.414476	0.000329871
122	-0.410731	-0.414445	0.000328592
123	-0.414815	-0.414448	0.000325934
124	-0.418468	-0.41448	0.000324914
125	-0.407326	-0.414423	0.000327317
126	-0.421289	-0.414478	0.000329223
127	-0.421762	-0.414535	0.000331589
128	-0.411336	-0.41451	0.00032994
129	-0.420116	-0.414553	0.000330231
130	-0.415363	-0.41456	0.00032775
131	-0.412334	-0.414543	0.000325688
132	-0.410254	-0.41451	0.000324837
133	-0.409011	-0.414469	0.000325015
134	-0.409826	-0.414434	0.000324432
135	-0.420761	-0.414481	0.000325396
136	-0.418281	-0.414509	0.000324201
137	-0.410716	-0.414481	0.000323014
138	-0.415329	-0.414487	0.000320732
139	-0.408587	-0.414445	0.000321222
140	-0.412306	-0.41443	0.000319291
141	-0.414266	-0.414429	0.000317028
142	-0.416274	-0.414442	0.000315062
143	-0.413317	-0.414434	0.000312957
144	-0.417891	-0.414458	0.000311703
145	-0.416553	-0.414472	0.000309888
146	-0.41401	-0.414469	0.000307782
147	-0.412026	-0.414452	0.000306137
148	-0.409532	-0.414419	0.000305868
149	-0.417305	-0.414438	0.000304427
150	-0.414966	-0.414442	0.000302418
151	-0.419026	-0.414472	0.000301935
152	-0.413317	-0.414465	0.000300044
153	-0.410844	-0.414441	0.000299015
154	-0.408298	-0.414401	0.000299722
155	-0.412866	-0.414391	0.000297952
156	-0.417758	-0.414413	0.000296823
157	-0.413305	-0.414406	0.000295016
158	-0.423441	-0.414463	0.000298639
159	-0.414735	-0.414465	0.000296766
160	-0.414867	-0.414467	0.000294922
161	-0.416159	-0.414478	0.000293277
162	-0.415284	-0.414483	0.000291509
163	-0.415323	-0.414488	0.000289766
164	-0.406459	-0.414439	0.000292106
165	-0.408206	-0.414401	0.000292768
166	-0.413549	-0.414396	0.00029105
167	-0.415413	-0.414402	0.000289371
168	-0.413589	-0.414397	0.000287689
169	-0.412514	-0.414386	0.000286202
170	-0.407629	-0.414346	0.000287265
171	-0.413262	-0.41434	0.000285655
172	-0.413769	-0.414337	0.000284014
173	-0.408592	-0.414303	0.000284306
174	-0.414672	-0.414306	0.00028268
175	-0.420126	-0.414339	0.000283015
176	-0.410754	-0.414318	0.000282139
177	-0.411568	-0.414303	0.000280973
178	-0.411841	-0.414289	0.000279734
179	-0.415226	-0.414294	0.000278221
180	-0.412433	-0.414284	0.000276867
181	-0.412806	-0.414276	0.000275458
182	-0.415577	-0.414283	0.000274037
183	-0.410239	-0.414261	0.000273429
184	-0.422124	-0.414304	0.000275262
185	-0.419633	-0.414332	0.000275278
186	-0.41168	-0.414318	0.000274167
187	-0.41339	-0.414313	0.000272746
188	-0.421237	-0.41435	0.00027377
189	-0.415861	-0.414358	0.000272438
190	-0.409969	-0.414335	0.000271982
191	-0.413854	-0.414332	0.00027057
192	-0.417051	-0.414347	0.000269531
193	-0.410346	-0.414326	0.00026893
194	-0.415645	-0.414333	0.00026763
195	-0.412177	-0.414322	0.000266485
196	-0.409834	-0.414299	0.000266107
197	-0.416701	-0.414311	0.000265036
198	-0.409835	-0.414288	0.00026466
199	-0.409018	-0.414262	0.000264652
200	-0.41303	-0.414256	0.0002634
201	-0.41381	-0.414253	0.000262099
202	-0.417281	-0.414268	0.00026123
203	-0.41916	-0.414293	0.000261052
204	-0.415506	-0.414298	0.00025984
205	-0.410862	-0.414282	0.000259112
206	-0.415908	-0.41429	0.000257975
207	-0.421758	-0.414326	0.00025924
208	-0.413138	-0.41432	0.000258056
209	-0.413695	-0.414317	0.000256839
210	-0.417535	-0.414332	0.000256072
211	-0.412099	-0.414322	0.000255078
212	-0.413675	-0.414319	0.000253893
213	-0.405711	-0.414278	0.000255897
214	-0.411557	-0.414266	0.000255017
215	-0.413832	-0.414264	0.000253839
216	-0.413148	-0.414258	0.000252716
217	-0.416162	-0.414267	0.000251703
218	-0.413609	-0.414264	0.000250567
219	-0.411796	-0.414253	0.000249676
220	-0.420804	-0.414283	0.000250311
221	-0.411117	-0.414268	0.000249588
222	-0.414945	-0.414271	0.000248482
223	-0.416749	-0.414282	0.000247616
224	-0.417213	-0.414296	0.000246856
225	-0.413809	-0.414293	0.000245768
226	-0.406671	-0.41426	0.000246984
227	-0.415303	-0.414264	0.000245939
228	-0.413833	-0.414262	0.000244867
229	-0.41216	-0.414253	0.00024397
230	-0.417872	-0.414269	0.000243416
231	-0.411581	-0.414257	0.00024264
232	-0.417132	-0.41427	0.000241911
233	-0.41573	-0.414276	0.000240954
234	-0.412205	-0.414267	0.000240087
235	-0.408665	-0.414243	0.000240245
236	-0.409409	-0.414223	0.000240099
237	-0.41834	-0.41424	0.000239714
238	-0.415668	-0.414246	0.000238782
239	-0.409335	-0.414226	0.000238665
240	-0.414413	-0.414226	0.000237672
241	-0.412809	-0.41422	0.000236758
242	-0.415202	-0.414225	0.000235815
243	-0.417499	-0.414238	0.000235229
244	-0.413407	-0.414235	0.00023429
245	-0.416408	-0.414243	0.000233501
246	-0.41833	-0.41426	0.000233142
247	-0.41625	-0.414268	0.000232338
248	-0.41902	-0.414287	0.00023219
249	-0.416223	-0.414295	0.000231387
250	-0.417355	-0.414307	0.000230785
251	-0.414038	-0.414306	0.000229868
252	-0.414829	-0.414308	0.000228965
253	-0.409417	-0.414289	0.000228875
254	-0.411058	-0.414276	0.000228327
255	-0.417502	-0.414289	0.000227782
256	-0.417809	-0.414303	0.000227307
257	-0.418795	-0.41432	0.000227093
258	-0.418008	-0.414334	0.000226663
259	-0.413823	-0.414332	0.000225796
260	-0.409358	-0.414313	0.000225737
261	-0.413192	-0.414309	0.000224913
262	-0.415483	-0.414314	0.000224099
263	-0.419914	-0.414335	0.000224256
264	-0.412345	-0.414327	0.000223534
265	-0.420478	-0.414351	0.000223892
266	-0.412021	-0.414342	0.000223221
267	-0.407634	-0.414317	0.000223794
268	-0.412677	-0.414311	0.000223043
269	-0.416093	-0.414317	0.000222312
270	-0.417616	-0.414329	0.000221824
271	-0.421627	-0.414356	0.000222634
272	-0.412263	-0.414349	0.000221949
273	-0.416927	-0.414358	0.000221337
274	-0.420142	-0.414379	0.000221533
275	-0.416127	-0.414385	0.000220819
276	-0.414451	-0.414386	0.000220019
277	-0.41234	-0.414378	0.000219349
278	-0.413081	-0.414374	0.000218609
279	-0.417711	-0.414386	0.000218153
280	-0.413678	-0.414383	0.000217388
281	-0.41894	-0.414399	0.000217219
282	-0.415368	-0.414403	0.000216476
283	-0.414372	-0.414403	0.000215711
284	-0.410936	-0.41439	0.000215296
285	-0.411533	-0.41438	0.000214774
286	-0.414891	-0.414382	0.000214031
287	-0.415012	-0.414384	0.000213296
288	-0.411355	-0.414374	0.000212815
289	-0.40962	-0.414357	0.000212713
290	-0.411233	-0.414347	0.000212252
291	-0.417094	-0.414356	0.000211733
292	-0.41453	-0.414357	0.000211008
293	-0.411834	-0.414348	0.000210464
294	-0.414038	-0.414347	0.000209751
295	-0.415453	-0.414351	0.000209073
296	-0.411503	-0.414341	0.000208588
297	-0.41209	-0.414334	0.000208023
298	-0.414779	-0.414335	0.000207331
299	-0.407432	-0.414312	0.000207919
300	-0.410588	-0.4143	0.000207596
301	-0.41089	-0.414288	0.000207215
302	-0.417716	-0.4143	0.00020684
303	-0.422842	-0.414328	0.000208069
304	-0.412538	-0.414322	0.000207468
305	-0.41172	-0.414313	0.000206963
306	-0.412049	-0.414306	0.000206419
307	-0.414929	-0.414308	0.000205757
308	-0.416934	-0.414317	0.000205265
309	-0.412284	-0.41431	0.000204706
310	-0.417208	-0.414319	0.000204259
311	-0.408773	-0.414301	0.00020438
312	-0.412661	-0.414296	0.000203792
313	-0.411799	-0.414288	0.000203297
314	-0.41037	-0.414276	0.000203033
315	-0.417599	-0.414286	0.000202662
316	-0.411646	-0.414278	0.000202193
317	-0.413294	-0.414275	0.000201579
318	-0.413352	-0.414272	0.000200966
319	-0.414144	-0.414272	0.000200336
320	-0.4152	-0.414274	0.000199731
321	-0.419677	-0.414291	0.000199817
322	-0.416162	-0.414297	0.000199281
323	-0.412705	-0.414292	0.000198724
324	-0.412487	-0.414287	0.000198189
325	-0.410002	-0.414273	0.000198017
326	-0.417207	-0.414282	0.000197614
327	-0.411622	-0.414274	0.000197177
328	-0.413801	-0.414273	0.000196582
329	-0.415942	-0.414278	0.000196049
330	-0.41078	-0.414267	0.000195742
331	-0.413967	-0.414266	0.000195152
332	-0.416036	-0.414272	0.000194637
333	-0.412745	-0.414267	0.000194107
334	-0.416023	-0.414272	0.000193597
335	-0.414248	-0.414272	0.000193019
336	-0.416996	-0.41428	0.000192615
337	-0.414119	-0.41428	0.000192044
338	-0.414143	-0.41428	0.000191476
339	-0.416542	-0.414286	0.000191027
340	-0.416905	-0.414294	0.000190621
341	-0.410125	-0.414282	0.000190453
342	-0.410893	-0.414272	0.000190154
343	-0.412954	-0.414268	0.000189638
344	-0.409973	-0.414255	0.000189498
345	-0.417572	-0.414265	0.000189192
346	-0.415306	-0.414268	0.000188669
347	-0.413364	-0.414265	0.000188144
348	-0.420981	-0.414285	0.00018859
349	-0.416189	-0.41429	0.000188129
350	-0.409448	-0.414276	0.000188099
351	-0.416781	-0.414284	0.000187698
352	-0.415906	-0.414288	0.000187222
353	-0.412093	-0.414282	0.000186794
354	-0.419335	-0.414296	0.000186811
355	-0.413348	-0.414294	0.000186304
356	-0.411567	-0.414286	0.000185938
357	-0.416446	-0.414292	0.000185516
358	-0.41259	-0.414287	0.000185059
359	-0.413505	-0.414285	0.000184556
360	-0.414174	-0.414285	0.000184044
361	-0.405528	-0.41426	0.000185125
362	-0.41866	-0.414273	0.000185013
363	-0.416242	-0.414278	0.000184582
364	-0.413969	-0.414277	0.000184077
365	-0.409811	-0.414265	0.000183979
366	-0.41768	-0.414274	0.000183713
367	-0.411901	-0.414268	0.000183326
368	-0.418622	-0.41428	0.000183209
369	-0.410952	-0.414271	0.000182935
370	-0.413569	-0.414269	0.00018245
371	-0.407095	-0.414249	0.00018298
372	-0.41894	-0.414262	0.000182922
373	-0.411538	-0.414255	0.000182577
374	-0.420557	-0.414271	0.000182865
375	-0.412389	-0.414266	0.000182447
376	-0.413197	-0.414264	0.000181983
377	-0.408352	-0.414248	0.000182175
378	-0.415906	-0.414252	0.000181746
379	-0.412032	-0.414246	0.000181361
380	-0.413808	-0.414245	0.000180887
381	-0.411962	-0.414239	0.000180512
382	-0.410055	-0.414228	0.000180371
383	-0.415942	-0.414233	0.000179956
384	-0.417376	-0.414241	0.000179673
385	-0.419752	-0.414255	0.000179776
386	-0.415913	-0.41426	0.000179362
387	-0.416659	-0.414266	0.000179005
388	-0.417229	-0.414273	0.000178707
389	-0.414165	-0.414273	0.000178247
390	-0.406018	-0.414252	0.000179043
391	-0.417964	-0.414262	0.000178836
392	-0.416236	-0.414267	0.000178451
393	-0.415534	-0.41427	0.000178026
394	-0.412638	-0.414266	0.000177622
395	-0.410156	-0.414255	0.000177477
396	-0.411769	-0.414249	0.00017714
397	-0.417798	-0.414258	0.000176919
398	-0.413362	-0.414256	0.000176489
399	-0.412597	-0.414251	0.000176096
400	-0.415787	-0.414255	0.000175697
401	-0.413204	-0.414253	0.000175279
402	-0.412756	-0.414249	0.000174882
403	-0.410305	-0.414239	0.000174722
404	-0.416065	-0.414244	0.000174348
405	-0.418807	-0.414255	0.000174281
406	-0.411694	-0.414249	0.000173966
407	-0.412593	-0.414245	0.000173586
408	-0.412395	-0.41424	0.00017322
409	-0.416089	-0.414245	0.000172856
410	-0.409226	-0.414232	0.000172867
411	-0.409749	-0.414221	0.00017279
412	-0.417645	-0.41423	0.000172571
413	-0.415916	-0.414234	0.000172201
414	-0.412157	-0.414229	0.000171858
415	-0.424804	-0.414254	0.000173323
416	-0.415383	-0.414257	0.000172927
417	-0.407336	-0.41424	0.000173307
418	-0.410372	-0.414231	0.00017314
419	-0.4164	-0.414236	0.000172804
420	-0.406821	-0.414219	0.000173292
421	-0.417528	-0.414227	0.000173059
422	-0.416432	-0.414232	0.000172727
423	-0.42114	-0.414248	0.000173089
424	-0.411706	-0.414242	0.000172785
425	-0.410227	-0.414233	0.000172636
426	-0.41714	-0.414239	0.000172366
427	-0.417649	-0.414247	0.000172147
428	-0.41263	-0.414244	0.000171787
429	-0.416746	-0.41425	0.000171485
430	-0.408405	-0.414236	0.000171624
431	-0.408387	-0.414222	0.000171762
432	-0.416086	-0.414227	0.000171418
433	-0.415756	-0.41423	0.000171059
434	-0.411695	-0.414224	0.000170764
435	-0.410938	-0.414217	0.000170539
436	-0.413804	-0.414216	0.00017015
437	-0.407312	-0.4142	0.000170493
438	-0.408338	-0.414187	0.000170628
439	-0.411127	-0.41418	0.000170381
440	-0.406829	-0.414163	0.000170811
441	-0.415045	-0.414165	0.000170436
442	-0.415555	-0.414168	0.000170079
443	-0.407677	-0.414154	0.000170325
444	-0.409018	-0.414142	0.000170334
445	-0.411321	-0.414136	0.000170069
446	-0.41524	-0.414138	0.000169706
447	-0.40925	-0.414127	0.000169678
448	-0.411633	-0.414122	0.000169391
449	-0.415016	-0.414124	0.000169025
450	-0.416011	-0.414128	0.000168701
451	-0.414778	-0.414129	0.000168334
452	-0.410055	-0.41412	0.000168202
453	-0.408	-0.414107	0.000168373
454	-0.41848	-0.414116	0.000168277
455	-0.415532	-0.414119	0.000167936
456	-0.409048	-0.414108	0.000167936
457	-0.409077	-0.414097	0.000167929
458	-0.412669	-0.414094	0.000167591
459	-0.411373	-0.414088	0.000167331
460	-0.413289	-0.414087	0.000166976
461	-0.408839	-0.414075	0.000167001
462	-0.410834	-0.414068	0.000166787
463	-0.408241	-0.414056	0.000166901
464	-0.420254	-0.414069	0.000167075
465	-0.413317	-0.414067	0.000166724
466	-0.417964	-0.414076	0.000166575
467	-0.420217	-0.414089	0.000166737
468	-0.4108	-0.414082	0.000166529
469	-0.413008	-0.414079	0.000166189
470	-0.407408	-0.414065	0.000166441
471	-0.41284	-0.414063	0.000166108
472	-0.415476	-0.414066	0.000165783
473	-0.408327	-0.414054	0.000165876
474	-0.411931	-0.414049	0.000165586
475	-0.411189	-0.414043	0.000165347
476	-0.409872	-0.414034	0.000165232
477	-0.419225	-0.414045	0.000165243
478	-0.416011	-0.414049	0.000164949
479	-0.410968	-0.414043	0.00016473
480	-0.408017	-0.41403	0.000164864
481	-0.415941	-0.414034	0.000164569
482	-0.415482	-0.414037	0.000164255
483	-0.414141	-0.414037	0.000163915
484	-0.418228	-0.414046	0.000163805
485	-0.416523	-0.414051	0.000163547
486	-0.416156	-0.414056	0.000163268
487	-0.415112	-0.414058	0.000162947
488	-0.418574	-0.414067	0.000162876
489	-0.415152	-0.414069	0.000162558
490	-0.418202	-0.414078	0.000162445
491	-0.411612	-0.414073	0.000162192
492	-0.414866	-0.414074	0.00016187
493	-0.415266	-0.414077	0.00016156
494	-0.417586	-0.414084	0.000161389
495	-0.41959	-0.414095	0.000161446
496	-0.411551	-0.41409	0.000161202
497	-0.418805	-0.414099	0.000161156
498	-0.414283	-0.4141	0.000160833
499	-0.424192	-0.41412	0.000161777
500	-0.413349	-0.414118	0.000161461
501	-0.411903	-0.414114	0.0001612
502	-0.413767	-0.414113	0.00016088
503	-0.413737	-0.414112	0.000160562
504	-0.417914	-0.41412	0.00016042
505	-0.413373	-0.414118	0.000160109
506	-0.415534	-0.414121	0.000159817
507	-0.41788	-0.414129	0.000159674
508	-0.409128	-0.414119	0.000159663
509	-0.415293	-0.414121	0.000159366
510	-0.411846	-0.414117	0.000159116
511	-0.423466	-0.414135	0.000159853
512	-0.411969	-0.414131	0.000159597
513	-0.411516	-0.414126	0.000159367
514	-0.421456	-0.41414	0.000159694
515	-0.412641	-0.414137	0.00015941
516	-0.419074	-0.414147	0.000159388
517	-0.414783	-0.414148	0.000159085
518	-0.414871	-0.414149	0.000158784
519	-0.411315	-0.414144	0.000158572
520	-0.414963	-0.414145	0.000158275
521	-0.410575	-0.414138	0.000158119
522	-0.422712	-0.414155	0.000158667
523	-0.417625	-0.414162	0.000158502
524	-0.414997	-0.414163	0.000158208
525	-0.40484	-0.414145	0.0001589
526	-0.409601	-0.414137	0.000158833
527	-0.409548	-0.414128	0.00015877
528	-0.413657	-0.414127	0.000158471
529	-0.413763	-0.414126	0.000158173
530	-0.416231	-0.41413	0.000157925
531	-0.412928	-0.414128	0.000157644
532	-0.417166	-0.414134	0.000157451
533	-0.417459	-0.41414	0.000157279
534	-0.412329	-0.414137	0.000157021
535	-0.418354	-0.414145	0.000156925
536	-0.416251	-0.414149	0.000156681
537	-0.407565	-0.414136	0.000156869
538	-0.413326	-0.414135	0.000156584
539	-0.420731	-0.414147	0.000156771
540	-0.41175	-0.414143	0.000156544
541	-0.413338	-0.414141	0.000156261
542	-0.41106	-0.414135	0.000156076
543	-0.415139	-0.414137	0.0001558
544	-0.413196	-0.414136	0.000155523
545	-0.420522	-0.414147	0.000155679
546	-0.413765	-0.414147	0.000155395
547	-0.417562	-0.414153	0.000155236
548	-0.409738	-0.414145	0.000155162
549	-0.41535	-0.414147	0.000154895
550	-0.417169	-0.414152	0.000154711
551	-0.418078	-0.41416	0.000154594
552	-0.410835	-0.414154	0.000154431
553	-0.40833	-0.414143	0.00015451
554	-0.419151	-0.414152	0.000154496
555	-0.414333	-0.414152	0.000154218
556	-0.417396	-0.414158	0.000154051
557	-0.416702	-0.414163	0.000153842
558	-0.41381	-0.414162	0.000153567
559	-0.419786	-0.414172	0.000153622
560	-0.414066	-0.414172	0.000153348
561	-0.413502	-0.414171	0.000153079
562	-0.422132	-0.414185	0.000153461
563	-0.411143	-0.41418	0.000153283
564	-0.417399	-0.414185	0.000153118
565	-0.405508	-0.41417	0.000153615
566	-0.415959	-0.414173	0.000153376
567	-0.415101	-0.414175	0.000153114
568	-0.413318	-0.414173	0.000152852
569	-0.415273	-0.414175	0.000152596
570	-0.416633	-0.414179	0.000152389
571	-0.41049	-0.414173	0.000152259
572	-0.41673	-0.414177	0.000152058
573	-0.413488	-0.414176	0.000151798
574	-0.409228	-0.414168	0.000151778
575	-0.415855	-0.414171	0.000151542
576	-0.414775	-0.414172	0.000151283
577	-0.409819	-0.414164	0.000151209
578	-0.417626	-0.41417	0.000151066
579	-0.413865	-0.41417	0.000150806
580	-0.419255	-0.414178	0.0001508
581	-0.412116	-0.414175	0.000150582
582	-0.414891	-0.414176	0.000150329
583	-0.413443	-0.414175	0.000150076
584	-0.413836	-0.414174	0.00014982
585	-0.415601	-0.414177	0.000149584
586	-0.409794	-0.414169	0.000149516
587	-0.416772	-0.414174	0.000149327
588	-0.419424	-0.414182	0.000149339
589	-0.416546	-0.414186	0.00014914
590	-0.414351	-0.414187	0.000148887
591	-0.415997	-0.41419	0.000148667
592	-0.413711	-0.414189	0.000148418
593	-0.417555	-0.414195	0.000148276
594	-0.414159	-0.414195	0.000148026
595	-0.416801	-0.414199	0.000147842
596	-0.416252	-0.414202	0.000147635
597	-0.404856	-0.414187	0.000148215
598	-0.419273	-0.414195	0.000148211
599	-0.409438	-0.414187	0.000148176
600	-0.411873	-0.414183	0.000147979
601	-0.413586	-0.414183	0.000147736
602	-0.420758	-0.414193	0.000147894
603	-0.415383	-0.414195	0.000147662
604	-0.407659	-0.414185	0.000147814
605	-0.416143	-0.414188	0.000147605
606	-0.40986	-0.414181	0.000147534
607	-0.413458	-0.414179	0.000147296
608	-0.419131	-0.414188	0.000147278
609	-0.413617	-0.414187	0.00014704
610	-0.413219	-0.414185	0.000146807
611	-0.418343	-0.414192	0.000146724
612	-0.41622	-0.414195	0.000146522
613	-0.412964	-0.414193	0.000146297
614	-0.416487	-0.414197	0.000146106
615	-0.421686	-0.414209	0.000146375
616	-0.414819	-0.41421	0.000146141
617	-0.415277	-0.414212	0.000145914
618	-0.411171	-0.414207	0.000145761
619	-0.414293	-0.414207	0.000145526
620	-0.411087	-0.414202	0.000145378
621	-0.418583	-0.414209	0.000145315
622	-0.414598	-0.41421	0.000145083
623	-0.416512	-0.414213	0.000144897
624	-0.412316	-0.41421	0.000144696
625	-0.415339	-0.414212	0.000144476
626	-0.418071	-0.414218	0.000144377
627	-0.415466	-0.41422	0.00014416
628	-0.414143	-0.41422	0.000143931
629	-0.41348	-0.414219	0.000143707
630	-0.411088	-0.414214	0.000143565
631	-0.407753	-0.414204	0.000143702
632	-0.412676	-0.414201	0.000143495
633	-0.417039	-0.414206	0.000143338
634	-0.412195	-0.414203	0.000143147
635	-0.413111	-0.414201	0.000142932
636	-0.417186	-0.414206	0.000142784
637	-0.417606	-0.414211	0.00014266
638	-0.412961	-0.414209	0.00014245
639	-0.415383	-0.414211	0.000142239
640	-0.412701	-0.414209	0.000142036
641	-0.40955	-0.414201	0.000142
642	-0.419271	-0.414209	0.000141998
643	-0.419666	-0.414218	0.000142031
644	-0.418519	-0.414224	0.000141967
645	-0.421125	-0.414235	0.00014215
646	-0.417089	-0.414239	0.000141998
647	-0.412578	-0.414237	0.000141802
648	-0.41561	-0.414239	0.000141599
649	-0.41609	-0.414242	0.00014141
650	-0.412399	-0.414239	0.000141221
651	-0.419474	-0.414247	0.000141232
652	-0.418219	-0.414253	0.000141147
653	-0.410214	-0.414247	0.000141066
654	-0.413975	-0.414247	0.000140851
655	-0.413452	-0.414245	0.000140642
656	-0.425006	-0.414262	0.000141381
657	-0.417703	-0.414267	0.000141262
658	-0.417076	-0.414271	0.000141112
659	-0.414392	-0.414271	0.000140898
660	-0.414886	-0.414272	0.000140688
661	-0.41128	-0.414268	0.000140548
662	-0.416355	-0.414271	0.000140371
663	-0.413855	-0.41427	0.00014016
664	-0.42097	-0.41428	0.000140312
665	-0.421119	-0.414291	0.000140478
666	-0.413842	-0.41429	0.000140268
667	-0.409951	-0.414284	0.000140209
668	-0.416551	-0.414287	0.00014004
669	-0.414817	-0.414288	0.000139833
670	-0.410411	-0.414282	0.000139744
671	-0.418611	-0.414288	0.000139684
672	-0.415606	-0.41429	0.00013949
673	-0.409794	-0.414284	0.000139443
674	-0.419682	-0.414292	0.000139466
675	-0.41264	-0.414289	0.000139281
676	-0.41695	-0.414293	0.00013913
677	-0.417938	-0.414299	0.000139029
678	-0.414141	-0.414298	0.000138824
679	-0.413095	-0.414297	0.000138631
680	-0.41109	-0.414292	0.000138507
681	-0.416716	-0.414295	0.000138349
682	-0.411971	-0.414292	0.000138189
683	-0.415112	-0.414293	0.000137991
684	-0.413157	-0.414292	0.0001378
685	-0.415331	-0.414293	0.000137607
686	-0.418709	-0.4143	0.000137557
687	-0.418046	-0.414305	0.000137465
688	-0.416668	-0.414308	0.000137308
689	-0.412319	-0.414306	0.000137139
690	-0.414114	-0.414305	0.00013694
691	-0.414091	-0.414305	0.000136742
692	-0.412642	-0.414303	0.000136566
693	-0.419446	-0.41431	0.00013657
694	-0.411198	-0.414305	0.000136447
695	-0.413015	-0.414304	0.000136264
696	-0.407887	-0.414294	0.000136379
697	-0.414827	-0.414295	0.000136186
698	-0.417613	-0.4143	0.000136074
699	-0.409924	-0.414294	0.000136023
700	-0.412421	-0.414291	0.000135855
701	-0.404801	-0.414277	0.000136334
702	-0.417052	-0.414281	0.000136197
703	-0.413564	-0.41428	0.000136007
704	-0.412849	-0.414278	0.000135829
705	-0.412973	-0.414276	0.000135649
706	-0.413392	-0.414275	0.000135463
707	-0.418486	-0.414281	0.000135402
708	-0.412386	-0.414278	0.000135237
709	-0.413137	-0.414277	0.000135056
710	-0.411398	-0.414273	0.000134926
711	-0.407917	-0.414264	0.000135032
712	-0.410254	-0.414258	0.00013496
713	-0.411165	-0.414254	0.000134841
714	-0.415663	-0.414256	0.000134666
715	-0.415415	-0.414258	0.000134488
716	-0.413738	-0.414257	0.000134302
717	-0.413747	-0.414256	0.000134116
718	-0.419527	-0.414263	0.00013413
719	-0.413424	-0.414262	0.000133949
720	-0.411237	-0.414258	0.000133829
721	-0.413047	-0.414256	0.000133654
722	-0.413923	-0.414256	0.000133469
723	-0.413352	-0.414255	0.000133291
724	-0.415813	-0.414257	0.000133124
725	-0.410796	-0.414252	0.000133026
726	-0.416963	-0.414256	0.000132895
727	-0.413061	-0.414254	0.000132722
728	-0.419505	-0.414261	0.000132736
729	-0.413811	-0.414261	0.000132555
730	-0.41827	-0.414266	0.000132487
731	-0.415514	-0.414268	0.000132317
732	-0.411181	-0.414264	0.000132204
733	-0.420168	-0.414272	0.000132268
734	-0.415829	-0.414274	0.000132105
735	-0.414633	-0.414274	0.000131926
736	-0.412164	-0.414272	0.000131778
737	-0.414963	-0.414272	0.000131603
738	-0.414327	-0.414273	0.000131425
739	-0.413855	-0.414272	0.000131248
740	-0.414627	-0.414272	0.000131071
741	-0.413627	-0.414272	0.000130897
742	-0.415124	-0.414273	0.000130726
743	-0.41682	-0.414276	0.000130595
744	-0.417775	-0.414281	0.000130504
745	-0.410371	-0.414276	0.000130434
746	-0.412543	-0.414273	0.00013028
747	-0.420745	-0.414282	0.000130394
748	-0.421916	-0.414292	0.000130618
749	-0.415226	-0.414293	0.00013045
750	-0.419081	-0.4143	0.000130432
751	-0.417468	-0.414304	0.000130326
752	-0.410942	-0.4143	0.00013023
753	-0.413536	-0.414299	0.000130061
754	-0.415513	-0.4143	0.000129898
755	-0.413318	-0.414299	0.000129733
756	-0.411092	-0.414295	0.00012963
757	-0.414134	-0.414294	0.000129459
758	-0.411368	-0.41429	0.000129346
759	-0.413718	-0.41429	0.000129178
760	-0.41844	-0.414295	0.000129123
761	-0.415918	-0.414297	0.000128971
762	-0.409639	-0.414291	0.000128947
763	-0.412899	-0.414289	0.000128791
764	-0.417355	-0.414293	0.000128685
765	-0.412545	-0.414291	0.000128537
766	-0.409652	-0.414285	0.000128511
767	-0.410145	-0.41428	0.000128457
768	-0.412638	-0.414278	0.000128308
769	-0.415982	-0.41428	0.00012816
770	-0.410079	-0.414274	0.00012811
771	-0.409891	-0.414269	0.00012807
772	-0.415349	-0.41427	0.000127911
773	-0.421749	-0.41428	0.000128111
774	-0.414178	-0.41428	0.000127946
775	-0.419626	-0.414286	0.000127967
776	-0.423285	-0.414298	0.000128326
777	-0.418325	-0.414303	0.000128266
778	-0.412927	-0.414301	0.000128113
779	-0.410352	-0.414296	0.000128049
780	-0.411591	-0.414293	0.000127931
781	-0.421261	-0.414302	0.000128078
782	-0.411263	-0.414298	0.000127974
783	-0.412736	-0.414296	0.000127826
784	-0.40872	-0.414289	0.00012786
785	-0.419714	-0.414296	0.000127884
786	-0.421186	-0.414305	0.000128022
787	-0.411799	-0.414301	0.000127898
788	-0.412936	-0.4143	0.000127748
789	-0.409678	-0.414294	0.00012772
790	-0.413121	-0.414292	0.000127567
791	-0.412291	-0.41429	0.000127431
792	-0.41371	-0.414289	0.000127272
793	-0.418171	-0.414294	0.000127206
794	-0.417714	-0.414298	0.000127119
795	-0.406934	-0.414289	0.000127296
796	-0.408403	-0.414282	0.00012735
797	-0.415618	-0.414283	0.000127202
798	-0.415041	-0.414284	0.000127046
799	-0.417463	-0.414288	0.000126949
800	-0.41611	-0.41429	0.000126811
801	-0.416095	-0.414293	0.000126673
802	-0.408187	-0.414285	0.000126743
803	-0.417	-0.414288	0.00012663
804	-0.417597	-0.414293	0.00012654
805	-0.414682	-0.414293	0.000126383
806	-0.414675	-0.414294	0.000126228
807	-0.410079	-0.414288	0.000126179
808	-0.41895	-0.414294	0.000126155
809	-0.412344	-0.414292	0.000126022
810	-0.413563	-0.414291	0.00012587
811	-0.4137	-0.41429	0.000125716
812	-0.414261	-0.41429	0.000125562
813	-0.419144	-0.414296	0.000125549
814	-0.418956	-0.414302	0.000125525
815	-0.409362	-0.414296	0.000125517
816	-0.412186	-0.414293	0.00012539
817	-0.412459	-0.414291	0.000125257
818	-0.421537	-0.4143	0.000125417
819	-0.412698	-0.414298	0.000125279
820	-0.411111	-0.414294	0.000125186
821	-0.411176	-0.41429	0.000125091
822	-0.412962	-0.414288	0.00012495
823	-0.417419	-0.414292	0.000124856
824	-0.411718	-0.414289	0.000124743
825	-0.414144	-0.414289	0.000124592
826	-0.412036	-0.414286	0.000124471
827	-0.415917	-0.414288	0.000124336
828	-0.414662	-0.414289	0.000124187
829	-0.417131	-0.414292	0.000124084
830	-0.414612	-0.414292	0.000123936
831	-0.412242	-0.41429	0.000123811
832	-0.421917	-0.414299	0.000124001
833	-0.416587	-0.414302	0.000123883
834	-0.419701	-0.414308	0.000123903
835	-0.41613	-0.414311	0.000123774
836	-0.415193	-0.414312	0.00012363
837	-0.412914	-0.41431	0.000123494
838	-0.418418	-0.414315	0.000123444
839	-0.414348	-0.414315	0.000123297
840	-0.417991	-0.414319	0.000123228
841	-0.412241	-0.414317	0.000123106
842	-0.411661	-0.414314	0.000123
843	-0.415743	-0.414315	0.000122866
844	-0.4111	-0.414311	0.000122779
845	-0.414477	-0.414312	0.000122634
846	-0.410315	-0.414307	0.00012258
847	-0.412777	-0.414305	0.000122449
848	-0.414811	-0.414306	0.000122306
849	-0.415011	-0.414307	0.000122165
850	-0.416217	-0.414309	0.000122042
851	-0.415322	-0.41431	0.000121904
852	-0.419185	-0.414316	0.000121895
853	-0.41776	-0.41432	0.000121819
854	-0.416149	-0.414322	0.000121695
855	-0.414405	-0.414322	0.000121553
856	-0.416887	-0.414325	0.000121448
857	-0.410292	-0.41432	0.000121397
858	-0.413965	-0.41432	0.000121256
859	-0.410575	-0.414316	0.000121194
860	-0.41205	-0.414313	0.000121081
861	-0.418265	-0.414317	0.000121028
862	-0.421079	-0.414325	0.000121141
863	-0.413587	-0.414324	0.000121004
864	-0.413464	-0.414323	0.000120868
865	-0.413523	-0.414323	0.000120732
866	-0.410201	-0.414318	0.000120686
867	-0.413357	-0.414317	0.000120552
868	-0.408142	-0.41431	0.000120623
869	-0.420564	-0.414317	0.000120699
870	-0.41624	-0.414319	0.00012058
871	-0.413625	-0.414318	0.000120444
872	-0.405891	-0.414309	0.000120693
873	-0.414515	-0.414309	0.000120555
874	-0.418468	-0.414314	0.000120511
875	-0.406165	-0.414304	0.000120733
876	-0.413925	-0.414304	0.000120596
877	-0.411863	-0.414301	0.00012049
878	-0.410638	-0.414297	0.000120425
879	-0.41299	-0.414295	0.000120297
880	-0.412164	-0.414293	0.000120185
881	-0.410841	-0.414289	0.000120113
882	-0.411632	-0.414286	0.000120014
883	-0.411357	-0.414283	0.000119924
884	-0.414065	-0.414282	0.000119789
885	-0.415875	-0.414284	0.000119667
886	-0.412262	-0.414282	0.000119553
887	-0.419442	-0.414288	0.00011956
888	-0.411297	-0.414284	0.000119473
889	-0.415454	-0.414286	0.000119346
890	-0.413191	-0.414284	0.000119218
891	-0.414341	-0.414285	0.000119084
892	-0.408449	-0.414278	0.00011913
893	-0.41345	-0.414277	0.000119
894	-0.411931	-0.414274	0.000118896
895	-0.421833	-0.414283	0.000119063
896	-0.415622	-0.414284	0.00011894
897	-0.414598	-0.414285	0.000118807
898	-0.420002	-0.414291	0.000118846
899	-0.41257	-0.414289	0.000118729
900	-0.412309	-0.414287	0.000118617
901	-0.417493	-0.414291	0.000118539
902	-0.415436	-0.414292	0.000118414
903	-0.416742	-0.414295	0.000118314
904	-0.419887	-0.414301	0.000118345
905	-0.410953	-0.414297	0.000118272
906	-0.419185	-0.414302	0.000118265
907	-0.415631	-0.414304	0.000118143
908	-0.414583	-0.414304	0.000118014
909	-0.417064	-0.414307	0.000117923
910	-0.419686	-0.414313	0.000117941
911	-0.416742	-0.414316	0.000117842
912	-0.412173	-0.414313	0.000117736
913	-0.411861	-0.414311	0.000117638
914	-0.420592	-0.414318	0.00011771
915	-0.423808	-0.414328	0.000118037
916	-0.415107	-0.414329	0.000117911
917	-0.410879	-0.414325	0.000117843
918	-0.408718	-0.414319	0.000117872
919	-0.421232	-0.414326	0.000117984
920	-0.414858	-0.414327	0.000117857
921	-0.407873	-0.41432	0.000117937
922	-0.412454	-0.414318	0.000117827
923	-0.415332	-0.414319	0.000117704
924	-0.416117	-0.414321	0.000117593
925	-0.413074	-0.41432	0.000117474
926	-0.410996	-0.414316	0.000117402
927	-0.41789	-0.41432	0.000117338
928	-0.419515	-0.414326	0.000117345
929	-0.408729	-0.41432	0.000117373
930	-0.414399	-0.41432	0.000117247
931	-0.413647	-0.414319	0.000117124
932	-0.41025	-0.414315	0.000117079
933	-0.420417	-0.414321	0.000117136
934	-0.413566	-0.41432	0.000117014
935	-0.415608	-0.414322	0.000116897
936	-0.410732	-0.414318	0.000116835
937	-0.417104	-0.414321	0.000116748
938	-0.414448	-0.414321	0.000116623
939	-0.40717	-0.414313	0.000116748
940	-0.410613	-0.414309	0.00011669
941	-0.414458	-0.41431	0.000116566
942	-0.417773	-0.414313	0.0001165
943	-0.416612	-0.414316	0.000116402
944	-0.416234	-0.414318	0.000116296
945	-0.410576	-0.414314	0.000116241
946	-0.413513	-0.414313	0.000116121
947	-0.41555	-0.414314	0.000116006
948	-0.423538	-0.414324	0.000116291
949	-0.414776	-0.414324	0.000116169
950	-0.416478	-0.414327	0.000116069
951	-0.412417	-0.414325	0.000115964
952	-0.413461	-0.414324	0.000115846
953	-0.416285	-0.414326	0.000115743
954	-0.410191	-0.414321	0.000115702
955	-0.416337	-0.414324	0.000115601
956	-0.413475	-0.414323	0.000115483
957	-0.414887	-0.414323	0.000115364
958	-0.412063	-0.414321	0.000115268
959	-0.406893	-0.414313	0.000115407
960	-0.413216	-0.414312	0.000115293
961	-0.418057	-0.414316	0.000115239
962	-0.418859	-0.414321	0.000115216
963	-0.41302	-0.414319	0.000115104
964	-0.412238	-0.414317	0.000115005
965	-0.419451	-0.414322	0.000115008
966	-0.416054	-0.414324	0.000114903
967	-0.409377	-0.414319	0.000114898
968	-0.414457	-0.414319	0.00011478
969	-0.417302	-0.414322	0.000114703
970	-0.413995	-0.414322	0.000114585
971	-0.409993	-0.414318	0.000114554
972	-0.413734	-0.414317	0.000114437
973	-0.412993	-0.414316	0.000114328
974	-0.415076	-0.414316	0.000114213
975	-0.417919	-0.41432	0.000114156
976	-0.415833	-0.414322	0.000114049
977	-0.413908	-0.414321	0.000113933
978	-0.409646	-0.414316	0.000113917
979	-0.413455	-0.414316	0.000113804
980	-0.417049	-0.414318	0.000113722
981	-0.409867	-0.414314	0.000113697
982	-0.412384	-0.414312	0.000113598
983	-0.418278	-0.414316	0.000113554
984	-0.41496	-0.414317	0.00011344
985	-0.412535	-0.414315	0.00011334
986	-0.413431	-0.414314	0.000113228
987	-0.419677	-0.414319	0.000113244
988	-0.409204	-0.414314	0.000113247
989	-0.414579	-0.414314	0.000113133
990	-0.418011	-0.414318	0.000113081
991	-0.414262	-0.414318	0.000112967
992	-0.415517	-0.414319	0.000112859
993	-0.415639	-0.414321	0.000112753
994	-0.411194	-0.414317	0.000112684
995	-0.408797	-0.414312	0.000112707
996	-0.415912	-0.414313	0.000112605
997	-0.416402	-0.414316	0.000112512
998	-0.405069	-0.414306	0.00011278
999	-0.407266	-0.414299	0.000112887
1000	-0.416896	-0.414302	0.000112804
