BLOCK:	ACTUAL_P:	P_AVE:	ERROR:
1	0.0599024	0.0599024	0
2	0.0599012	0.0599018	3.95742e-07
3	0.0599032	0.0599023	4.68846e-07
4	0.0599042	0.0599028	5.49416e-07
5	0.0598956	0.0599013	1.3572e-06
6	0.0599011	0.0599013	1.13157e-06
7	0.0599003	0.0599012	9.78155e-07
8	0.0598966	0.0599006	1.01025e-06
9	0.059898	0.0599003	9.39206e-07
10	0.0598998	0.0599002	8.46456e-07
11	0.0599003	0.0599002	7.69523e-07
12	0.0599003	0.0599003	7.05434e-07
13	0.0599081	0.0599009	8.70894e-07
14	0.0599032	0.059901	8.24223e-07
15	0.0599	0.0599009	7.72325e-07
16	0.0598996	0.0599009	7.28405e-07
17	0.0599036	0.059901	7.03247e-07
18	0.0599058	0.0599013	7.11805e-07
19	0.0598938	0.0599009	7.75267e-07
20	0.0598999	0.0599008	7.38129e-07
21	0.0598952	0.0599006	7.5056e-07
22	0.0599096	0.059901	8.21143e-07
23	0.0598987	0.0599009	7.91487e-07
24	0.0599006	0.0599009	7.58577e-07
25	0.0599082	0.0599012	7.82254e-07
26	0.0599009	0.0599012	7.5225e-07
27	0.0598989	0.0599011	7.2908e-07
28	0.059898	0.059901	7.11466e-07
29	0.0599004	0.0599009	6.87227e-07
30	0.059907	0.0599011	6.92921e-07
31	0.0599073	0.0599013	6.98424e-07
32	0.0599019	0.0599014	6.76831e-07
33	0.0599014	0.0599014	6.56321e-07
34	0.0599035	0.0599014	6.40167e-07
35	0.0598992	0.0599014	6.25025e-07
36	0.0598989	0.0599013	6.11516e-07
37	0.0599014	0.0599013	5.94997e-07
38	0.0599018	0.0599013	5.79504e-07
39	0.0598986	0.0599012	5.68737e-07
40	0.0599056	0.0599013	5.64673e-07
41	0.0599012	0.0599013	5.50906e-07
42	0.0598966	0.0599012	5.49406e-07
43	0.0599021	0.0599013	5.36965e-07
44	0.0599008	0.0599012	5.24856e-07
45	0.0599017	0.0599013	5.13312e-07
46	0.0599082	0.0599014	5.23614e-07
47	0.0599022	0.0599014	5.12724e-07
48	0.0599005	0.0599014	5.02434e-07
49	0.0598985	0.0599013	4.95688e-07
50	0.0598937	0.0599012	5.08535e-07
51	0.0599031	0.0599012	4.99934e-07
52	0.0598984	0.0599012	4.93351e-07
53	0.0599018	0.0599012	4.84196e-07
54	0.0599012	0.0599012	4.75229e-07
55	0.0599035	0.0599012	4.68427e-07
56	0.0598993	0.0599012	4.61357e-07
57	0.0599004	0.0599012	4.53488e-07
58	0.059898	0.0599011	4.48924e-07
59	0.0599039	0.0599012	4.43842e-07
60	0.0599075	0.0599013	4.488e-07
61	0.0598998	0.0599012	4.4206e-07
62	0.0598983	0.0599012	4.3748e-07
63	0.0598956	0.0599011	4.39582e-07
64	0.0599019	0.0599011	4.32905e-07
65	0.0598985	0.0599011	4.28143e-07
66	0.0599027	0.0599011	4.2237e-07
67	0.0599029	0.0599011	4.16914e-07
68	0.0599016	0.0599011	4.1083e-07
69	0.0599067	0.0599012	4.12622e-07
70	0.0598976	0.0599012	4.10008e-07
71	0.0599002	0.0599012	4.04467e-07
72	0.0598943	0.0599011	4.09829e-07
73	0.0598984	0.059901	4.05786e-07
74	0.0599008	0.059901	4.0031e-07
75	0.0598989	0.059901	3.95975e-07
76	0.0598997	0.059901	3.91114e-07
77	0.0599015	0.059901	3.861e-07
78	0.059904	0.059901	3.83034e-07
79	0.0599044	0.0599011	3.8059e-07
80	0.059906	0.0599011	3.80797e-07
81	0.0598982	0.0599011	3.77755e-07
82	0.0599033	0.0599011	3.74107e-07
83	0.0598969	0.0599011	3.73006e-07
84	0.0598999	0.0599011	3.68803e-07
85	0.0599022	0.0599011	3.64697e-07
86	0.0599045	0.0599011	3.62631e-07
87	0.0599025	0.0599011	3.58818e-07
88	0.0599058	0.0599012	3.5863e-07
89	0.0598953	0.0599011	3.60543e-07
90	0.0598994	0.0599011	3.57022e-07
91	0.0598989	0.0599011	3.53904e-07
92	0.0599012	0.0599011	3.5006e-07
93	0.0599026	0.0599011	3.46703e-07
94	0.0599023	0.0599011	3.43251e-07
95	0.0599071	0.0599012	3.4536e-07
96	0.0598981	0.0599011	3.4327e-07
97	0.0599011	0.0599011	3.39731e-07
98	0.0599045	0.0599012	3.38046e-07
99	0.0598976	0.0599011	3.36524e-07
100	0.0599031	0.0599011	3.33728e-07
101	0.0599005	0.0599011	3.30486e-07
102	0.0598983	0.0599011	3.28382e-07
103	0.0599026	0.0599011	3.25516e-07
104	0.059904	0.0599012	3.23531e-07
105	0.0598969	0.0599011	3.22976e-07
106	0.0598977	0.0599011	3.21559e-07
107	0.059907	0.0599011	3.23257e-07
108	0.0599029	0.0599012	3.20673e-07
109	0.0599061	0.0599012	3.20889e-07
110	0.0599018	0.0599012	3.18012e-07
111	0.0598973	0.0599012	3.17097e-07
112	0.0598981	0.0599011	3.15446e-07
113	0.0599011	0.0599011	3.12655e-07
114	0.0599061	0.0599012	3.12913e-07
115	0.0599019	0.0599012	3.1026e-07
116	0.0599008	0.0599012	3.07601e-07
117	0.059901	0.0599012	3.04978e-07
118	0.0599038	0.0599012	3.03195e-07
119	0.059899	0.0599012	3.01239e-07
120	0.0598992	0.0599012	2.99164e-07
121	0.0599026	0.0599012	2.96913e-07
122	0.0599015	0.0599012	2.94492e-07
123	0.0599008	0.0599012	2.92117e-07
124	0.0599024	0.0599012	2.89926e-07
125	0.0599057	0.0599012	2.8986e-07
126	0.059898	0.0599012	2.887e-07
127	0.0599022	0.0599012	2.86539e-07
128	0.0599034	0.0599012	2.84821e-07
129	0.0599037	0.0599013	2.83256e-07
130	0.0598963	0.0599012	2.83641e-07
131	0.0599035	0.0599012	2.82024e-07
132	0.0598992	0.0599012	2.80327e-07
133	0.0599042	0.0599012	2.79121e-07
134	0.0599042	0.0599013	2.77926e-07
135	0.0599039	0.0599013	2.7655e-07
136	0.0599001	0.0599013	2.74653e-07
137	0.059902	0.0599013	2.72694e-07
138	0.0598972	0.0599012	2.72302e-07
139	0.059904	0.0599013	2.71049e-07
140	0.0598975	0.0599012	2.70463e-07
141	0.0598994	0.0599012	2.68875e-07
142	0.0598995	0.0599012	2.67251e-07
143	0.0598974	0.0599012	2.66717e-07
144	0.0599036	0.0599012	2.6537e-07
145	0.059901	0.0599012	2.63544e-07
146	0.0598995	0.0599012	2.61998e-07
147	0.0599017	0.0599012	2.60241e-07
148	0.059899	0.0599012	2.58913e-07
149	0.059902	0.0599012	2.57239e-07
150	0.0598987	0.0599012	2.56072e-07
151	0.0599016	0.0599012	2.54394e-07
152	0.0598989	0.0599012	2.53159e-07
153	0.0599032	0.0599012	2.51856e-07
154	0.0599019	0.0599012	2.5026e-07
155	0.0598975	0.0599011	2.49776e-07
156	0.059903	0.0599012	2.48444e-07
157	0.0598963	0.0599011	2.48781e-07
158	0.0598956	0.0599011	2.49618e-07
159	0.0599045	0.0599011	2.48956e-07
160	0.0599041	0.0599011	2.48106e-07
161	0.0598981	0.0599011	2.47274e-07
162	0.0599062	0.0599011	2.47753e-07
163	0.0598973	0.0599011	2.47347e-07
164	0.0599008	0.0599011	2.45845e-07
165	0.0599057	0.0599011	2.45901e-07
166	0.0599033	0.0599012	2.44759e-07
167	0.0598951	0.0599011	2.46003e-07
168	0.0599065	0.0599012	2.46574e-07
169	0.0599038	0.0599012	2.45614e-07
170	0.0598995	0.0599012	2.44365e-07
171	0.0599008	0.0599012	2.42947e-07
172	0.0599002	0.0599012	2.41594e-07
173	0.0599048	0.0599012	2.41098e-07
174	0.0599024	0.0599012	2.39808e-07
175	0.0599011	0.0599012	2.38438e-07
176	0.0599051	0.0599012	2.38132e-07
177	0.059899	0.0599012	2.37111e-07
178	0.0598998	0.0599012	2.359e-07
179	0.0598977	0.0599012	2.35365e-07
180	0.0599012	0.0599012	2.34057e-07
181	0.0599033	0.0599012	2.33062e-07
182	0.0598987	0.0599012	2.32173e-07
183	0.0598975	0.0599011	2.31772e-07
184	0.0598987	0.0599011	2.30881e-07
185	0.0598987	0.0599011	2.30006e-07
186	0.0599023	0.0599011	2.28857e-07
187	0.0599004	0.0599011	2.27668e-07
188	0.0599033	0.0599011	2.26752e-07
189	0.0599008	0.0599011	2.2556e-07
190	0.0599014	0.0599011	2.24378e-07
191	0.0599008	0.0599011	2.23212e-07
192	0.0599019	0.0599011	2.22081e-07
193	0.0598993	0.0599011	2.21129e-07
194	0.0599051	0.0599011	2.20927e-07
195	0.0599009	0.0599011	2.19798e-07
196	0.0599013	0.0599011	2.18678e-07
197	0.0599017	0.0599011	2.17586e-07
198	0.0598994	0.0599011	2.16674e-07
199	0.0599037	0.0599012	2.15962e-07
200	0.0599018	0.0599012	2.14904e-07
201	0.0599056	0.0599012	2.14965e-07
202	0.059897	0.0599012	2.14895e-07
203	0.0599009	0.0599012	2.13841e-07
204	0.0599018	0.0599012	2.1282e-07
205	0.0599003	0.0599012	2.11824e-07
206	0.0598886	0.0599011	2.19449e-07
207	0.0599029	0.0599011	2.18562e-07
208	0.0599015	0.0599011	2.17519e-07
209	0.0599035	0.0599011	2.16769e-07
210	0.0599017	0.0599011	2.15755e-07
211	0.0599024	0.0599011	2.14818e-07
212	0.0599022	0.0599011	2.13868e-07
213	0.0599063	0.0599012	2.14237e-07
214	0.0599084	0.0599012	2.159e-07
215	0.0598956	0.0599012	2.16467e-07
216	0.0598982	0.0599011	2.15902e-07
217	0.0599013	0.0599011	2.14908e-07
218	0.0598997	0.0599011	2.14019e-07
219	0.0599034	0.0599012	2.1329e-07
220	0.0598965	0.0599011	2.13383e-07
221	0.0599016	0.0599011	2.1243e-07
222	0.0599016	0.0599011	2.11485e-07
223	0.0598935	0.0599011	2.13257e-07
224	0.0598962	0.0599011	2.13438e-07
225	0.0599016	0.0599011	2.12502e-07
226	0.0599048	0.0599011	2.1221e-07
227	0.0598983	0.0599011	2.11622e-07
228	0.0599038	0.0599011	2.11033e-07
229	0.0599024	0.0599011	2.1019e-07
230	0.0598996	0.0599011	2.09374e-07
231	0.0599012	0.0599011	2.08468e-07
232	0.0599077	0.0599011	2.09519e-07
233	0.0598999	0.0599011	2.08684e-07
234	0.0599071	0.0599011	2.09374e-07
235	0.0599057	0.0599012	2.09391e-07
236	0.0599054	0.0599012	2.09272e-07
237	0.0598963	0.0599012	2.09384e-07
238	0.0599026	0.0599012	2.08594e-07
239	0.0599008	0.0599012	2.07726e-07
240	0.0598994	0.0599012	2.06984e-07
241	0.0598993	0.0599012	2.06265e-07
242	0.0599049	0.0599012	2.05993e-07
243	0.0599023	0.0599012	2.05196e-07
244	0.0599043	0.0599012	2.04768e-07
245	0.0599023	0.0599012	2.03986e-07
246	0.0599023	0.0599012	2.03204e-07
247	0.0599024	0.0599012	2.02441e-07
248	0.0599039	0.0599012	2.01925e-07
249	0.0598998	0.0599012	2.01192e-07
250	0.0599007	0.0599012	2.00397e-07
251	0.0599004	0.0599012	1.99627e-07
252	0.0599004	0.0599012	1.98863e-07
253	0.0599058	0.0599012	1.98898e-07
254	0.0598992	0.0599012	1.98277e-07
255	0.0599015	0.0599012	1.97504e-07
256	0.0599028	0.0599012	1.96826e-07
257	0.0598995	0.0599012	1.96177e-07
258	0.059901	0.0599012	1.95418e-07
259	0.0599023	0.0599012	1.94706e-07
260	0.0598981	0.0599012	1.9432e-07
261	0.0598982	0.0599012	1.93913e-07
262	0.0598985	0.0599012	1.93437e-07
263	0.0598986	0.0599012	1.92957e-07
264	0.0598996	0.0599012	1.92314e-07
265	0.059896	0.0599011	1.92574e-07
266	0.0599051	0.0599012	1.92418e-07
267	0.059904	0.0599012	1.91983e-07
268	0.0598988	0.0599012	1.91466e-07
269	0.059903	0.0599012	1.90872e-07
270	0.0599027	0.0599012	1.90245e-07
271	0.0599005	0.0599012	1.89558e-07
272	0.0598967	0.0599012	1.89568e-07
273	0.0599026	0.0599012	1.88949e-07
274	0.0598985	0.0599011	1.88507e-07
275	0.0599033	0.0599012	1.87982e-07
276	0.0599045	0.0599012	1.87683e-07
277	0.0599069	0.0599012	1.88143e-07
278	0.0599032	0.0599012	1.87599e-07
279	0.0598997	0.0599012	1.87003e-07
280	0.0598976	0.0599012	1.86781e-07
281	0.059897	0.0599012	1.86702e-07
282	0.0599009	0.0599012	1.86041e-07
283	0.0599031	0.0599012	1.85507e-07
284	0.0599091	0.0599012	1.86934e-07
285	0.0599056	0.0599012	1.86915e-07
286	0.0599039	0.0599012	1.86496e-07
287	0.0598994	0.0599012	1.85958e-07
288	0.0598998	0.0599012	1.8538e-07
289	0.0599098	0.0599012	1.87081e-07
290	0.059901	0.0599012	1.86437e-07
291	0.0599028	0.0599012	1.85871e-07
292	0.0599074	0.0599013	1.86436e-07
293	0.0599004	0.0599013	1.85824e-07
294	0.0599013	0.0599013	1.85192e-07
295	0.0599007	0.0599013	1.84573e-07
296	0.0599028	0.0599013	1.84021e-07
297	0.0599051	0.0599013	1.83861e-07
298	0.059899	0.0599013	1.83397e-07
299	0.0598983	0.0599013	1.83054e-07
300	0.0599054	0.0599013	1.82964e-07
301	0.0598983	0.0599013	1.8263e-07
302	0.059903	0.0599013	1.82121e-07
303	0.0598924	0.0599012	1.83837e-07
304	0.0599025	0.0599012	1.83282e-07
305	0.0599	0.0599012	1.82728e-07
306	0.0599042	0.0599013	1.82389e-07
307	0.0599	0.0599012	1.81841e-07
308	0.0599038	0.0599013	1.81436e-07
309	0.0598997	0.0599012	1.80923e-07
310	0.0598993	0.0599012	1.80448e-07
311	0.0599022	0.0599012	1.79895e-07
312	0.059911	0.0599013	1.82039e-07
313	0.0599014	0.0599013	1.81458e-07
314	0.0599	0.0599013	1.80923e-07
315	0.0599054	0.0599013	1.80829e-07
316	0.0599024	0.0599013	1.80294e-07
317	0.0598964	0.0599013	1.80378e-07
318	0.0599036	0.0599013	1.79956e-07
319	0.0599025	0.0599013	1.7943e-07
320	0.0599041	0.0599013	1.79083e-07
321	0.0598993	0.0599013	1.78631e-07
322	0.0598989	0.0599013	1.78234e-07
323	0.0599023	0.0599013	1.77713e-07
324	0.0598998	0.0599013	1.77224e-07
325	0.0599015	0.0599013	1.76679e-07
326	0.0599053	0.0599013	1.76565e-07
327	0.0599028	0.0599013	1.76083e-07
328	0.0599016	0.0599013	1.75548e-07
329	0.0598981	0.0599013	1.75287e-07
330	0.0599019	0.0599013	1.74766e-07
331	0.0598979	0.0599013	1.74531e-07
332	0.0599088	0.0599013	1.75467e-07
333	0.0598987	0.0599013	1.75108e-07
334	0.0599007	0.0599013	1.74593e-07
335	0.0599004	0.0599013	1.74091e-07
336	0.0598985	0.0599013	1.73768e-07
337	0.0598974	0.0599013	1.73631e-07
338	0.0599068	0.0599013	1.73876e-07
339	0.0599027	0.0599013	1.73412e-07
340	0.059896	0.0599013	1.73594e-07
341	0.0599112	0.0599013	1.75503e-07
342	0.0599043	0.0599013	1.7521e-07
343	0.0598977	0.0599013	1.75023e-07
344	0.0599005	0.0599013	1.74529e-07
345	0.0599057	0.0599013	1.74483e-07
346	0.0599042	0.0599013	1.74173e-07
347	0.0599029	0.0599013	1.73734e-07
348	0.059894	0.0599013	1.7451e-07
349	0.0599016	0.0599013	1.74013e-07
350	0.0598944	0.0599013	1.74629e-07
351	0.0598985	0.0599013	1.74318e-07
352	0.0598942	0.0599013	1.74984e-07
353	0.0599012	0.0599013	1.74488e-07
354	0.0598988	0.0599013	1.74129e-07
355	0.0598994	0.0599012	1.73718e-07
356	0.059903	0.0599013	1.73302e-07
357	0.0598975	0.0599012	1.73127e-07
358	0.0599036	0.0599012	1.72773e-07
359	0.0599013	0.0599012	1.72292e-07
360	0.0598982	0.0599012	1.72019e-07
361	0.0598984	0.0599012	1.71717e-07
362	0.0599006	0.0599012	1.71253e-07
363	0.0599019	0.0599012	1.70792e-07
364	0.0599069	0.0599012	1.71043e-07
365	0.0599069	0.0599013	1.71263e-07
366	0.0598998	0.0599013	1.70841e-07
367	0.0599019	0.0599013	1.70385e-07
368	0.0599026	0.0599013	1.69959e-07
369	0.0598985	0.0599013	1.69667e-07
370	0.0598993	0.0599013	1.69293e-07
371	0.0598971	0.0599012	1.692e-07
372	0.0599025	0.0599012	1.6878e-07
373	0.0599005	0.0599012	1.68339e-07
374	0.0599069	0.0599013	1.6857e-07
375	0.0599028	0.0599013	1.68174e-07
376	0.0599012	0.0599013	1.67727e-07
377	0.0599032	0.0599013	1.6736e-07
378	0.0598999	0.0599013	1.66954e-07
379	0.0599002	0.0599013	1.66538e-07
380	0.0599034	0.0599013	1.66191e-07
381	0.0599019	0.0599013	1.65763e-07
382	0.0599014	0.0599013	1.6533e-07
383	0.0598995	0.0599013	1.64965e-07
384	0.0599001	0.0599013	1.64563e-07
385	0.0599029	0.0599013	1.64192e-07
386	0.0599031	0.0599013	1.63836e-07
387	0.0598986	0.0599013	1.63555e-07
388	0.0599008	0.0599013	1.63137e-07
389	0.0598973	0.0599013	1.63038e-07
390	0.0599053	0.0599013	1.62956e-07
391	0.0598961	0.0599012	1.63069e-07
392	0.0599017	0.0599012	1.62658e-07
393	0.0598979	0.0599012	1.62461e-07
394	0.0598991	0.0599012	1.62139e-07
395	0.0599052	0.0599012	1.62038e-07
396	0.0599055	0.0599013	1.61986e-07
397	0.0599086	0.0599013	1.62631e-07
398	0.0599014	0.0599013	1.62223e-07
399	0.0598977	0.0599013	1.62067e-07
400	0.0599062	0.0599013	1.62132e-07
401	0.0599007	0.0599013	1.61734e-07
402	0.0598994	0.0599013	1.61396e-07
403	0.0599093	0.0599013	1.62231e-07
404	0.0599063	0.0599013	1.62304e-07
405	0.0598966	0.0599013	1.62325e-07
406	0.0599029	0.0599013	1.61975e-07
407	0.0599	0.0599013	1.6161e-07
408	0.0599022	0.0599013	1.61229e-07
409	0.0599061	0.0599013	1.6127e-07
410	0.0599031	0.0599013	1.60937e-07
411	0.0599029	0.0599013	1.6059e-07
412	0.0598998	0.0599013	1.6024e-07
413	0.0599094	0.0599013	1.61035e-07
414	0.0599061	0.0599013	1.61054e-07
415	0.0598994	0.0599013	1.60732e-07
416	0.0599037	0.0599013	1.60449e-07
417	0.0598962	0.0599013	1.6053e-07
418	0.0599023	0.0599013	1.60164e-07
419	0.0599034	0.0599013	1.59859e-07
420	0.059903	0.0599013	1.5953e-07
421	0.0599029	0.0599013	1.59192e-07
422	0.0598969	0.0599013	1.59169e-07
423	0.0598975	0.0599013	1.59051e-07
424	0.0599039	0.0599013	1.58794e-07
425	0.0599028	0.0599013	1.58459e-07
426	0.0598942	0.0599013	1.58966e-07
427	0.0599003	0.0599013	1.58612e-07
428	0.0599038	0.0599013	1.5835e-07
429	0.0599048	0.0599013	1.58194e-07
430	0.0599024	0.0599013	1.57844e-07
431	0.0599044	0.0599013	1.57639e-07
432	0.0599033	0.0599013	1.57342e-07
433	0.0598992	0.0599013	1.57055e-07
434	0.0599025	0.0599013	1.56714e-07
435	0.0599011	0.0599013	1.56355e-07
436	0.0599017	0.0599013	1.55999e-07
437	0.0599044	0.0599014	1.55799e-07
438	0.059903	0.0599014	1.55487e-07
439	0.0599029	0.0599014	1.55173e-07
440	0.0599012	0.0599014	1.54821e-07
441	0.0599007	0.0599014	1.54478e-07
442	0.0599037	0.0599014	1.54218e-07
443	0.0599	0.0599014	1.53899e-07
444	0.0599026	0.0599014	1.53576e-07
445	0.0598997	0.0599014	1.53275e-07
446	0.0598973	0.0599013	1.53198e-07
447	0.0599014	0.0599013	1.52856e-07
448	0.0599034	0.0599014	1.52581e-07
449	0.0599066	0.0599014	1.52694e-07
450	0.0598943	0.0599013	1.53169e-07
451	0.0599016	0.0599013	1.5283e-07
452	0.0598969	0.0599013	1.52807e-07
453	0.0599054	0.0599013	1.52729e-07
454	0.0598992	0.0599013	1.52463e-07
455	0.0599021	0.0599013	1.52137e-07
456	0.059901	0.0599013	1.51805e-07
457	0.0598982	0.0599013	1.51626e-07
458	0.0599007	0.0599013	1.51302e-07
459	0.0599042	0.0599013	1.51097e-07
460	0.0599011	0.0599013	1.50769e-07
461	0.059903	0.0599013	1.50487e-07
462	0.0599008	0.0599013	1.50166e-07
463	0.0599035	0.0599013	1.49917e-07
464	0.0598962	0.0599013	1.50003e-07
465	0.0598966	0.0599013	1.50029e-07
466	0.0599028	0.0599013	1.49742e-07
467	0.0599024	0.0599013	1.49438e-07
468	0.0599031	0.0599013	1.49167e-07
469	0.0599019	0.0599013	1.48855e-07
470	0.0599057	0.0599013	1.48825e-07
471	0.0598993	0.0599013	1.48571e-07
472	0.0599043	0.0599014	1.48385e-07
473	0.0599016	0.0599014	1.48073e-07
474	0.0599018	0.0599014	1.47763e-07
475	0.0599052	0.0599014	1.47673e-07
476	0.0599074	0.0599014	1.47901e-07
477	0.0599014	0.0599014	1.47591e-07
478	0.059905	0.0599014	1.47482e-07
479	0.0599023	0.0599014	1.47187e-07
480	0.0599029	0.0599014	1.46917e-07
481	0.0599002	0.0599014	1.46631e-07
482	0.0599014	0.0599014	1.46327e-07
483	0.0598995	0.0599014	1.46076e-07
484	0.0598958	0.0599014	1.46225e-07
485	0.059904	0.0599014	1.46025e-07
486	0.0599011	0.0599014	1.45726e-07
487	0.0599047	0.0599014	1.45583e-07
488	0.059899	0.0599014	1.45366e-07
489	0.0598984	0.0599014	1.45195e-07
490	0.0599055	0.0599014	1.45142e-07
491	0.0599059	0.0599014	1.45142e-07
492	0.0598983	0.0599014	1.44981e-07
493	0.0598989	0.0599014	1.44772e-07
494	0.059901	0.0599014	1.44482e-07
495	0.0599016	0.0599014	1.44191e-07
496	0.0599061	0.0599014	1.44211e-07
497	0.0598993	0.0599014	1.43984e-07
498	0.0599032	0.0599014	1.4374e-07
499	0.0598976	0.0599014	1.43649e-07
500	0.0598986	0.0599014	1.43466e-07
501	0.0599001	0.0599014	1.43202e-07
502	0.0599066	0.0599014	1.43298e-07
503	0.0599035	0.0599014	1.43077e-07
504	0.0598983	0.0599014	1.42923e-07
505	0.0599025	0.0599014	1.42656e-07
506	0.0599013	0.0599014	1.42374e-07
507	0.0598999	0.0599014	1.42123e-07
508	0.0599032	0.0599014	1.4189e-07
509	0.0599055	0.0599014	1.41842e-07
510	0.0599074	0.0599014	1.42057e-07
511	0.0598988	0.0599014	1.4187e-07
512	0.0599062	0.0599014	1.41905e-07
513	0.0599059	0.0599014	1.41904e-07
514	0.0599025	0.0599014	1.41643e-07
515	0.0599017	0.0599014	1.41369e-07
516	0.0599035	0.0599014	1.41151e-07
517	0.0598992	0.0599014	1.40942e-07
518	0.0598995	0.0599014	1.40717e-07
519	0.0598995	0.0599014	1.40497e-07
520	0.0599053	0.0599014	1.40423e-07
521	0.0598987	0.0599014	1.40247e-07
522	0.0598979	0.0599014	1.40135e-07
523	0.059897	0.0599014	1.40116e-07
524	0.0599013	0.0599014	1.39848e-07
525	0.0599036	0.0599014	1.39643e-07
526	0.0598991	0.0599014	1.39444e-07
527	0.0599021	0.0599014	1.39185e-07
528	0.0598991	0.0599014	1.3899e-07
529	0.0599042	0.0599014	1.38828e-07
530	0.0598981	0.0599014	1.38706e-07
531	0.0599022	0.0599014	1.38453e-07
532	0.0598996	0.0599014	1.38234e-07
533	0.0598997	0.0599014	1.3801e-07
534	0.0599024	0.0599014	1.37765e-07
535	0.0599013	0.0599014	1.37508e-07
536	0.0599052	0.0599014	1.37432e-07
537	0.0599	0.0599014	1.37202e-07
538	0.0598994	0.0599014	1.36999e-07
539	0.0599041	0.0599014	1.36834e-07
540	0.0599069	0.0599014	1.36963e-07
541	0.0599023	0.0599014	1.36719e-07
542	0.0599008	0.0599014	1.36472e-07
543	0.0598989	0.0599014	1.36298e-07
544	0.0599073	0.0599014	1.36482e-07
545	0.0599001	0.0599014	1.36253e-07
546	0.0599035	0.0599014	1.36059e-07
547	0.0598961	0.0599014	1.3616e-07
548	0.0599067	0.0599014	1.36251e-07
549	0.059902	0.0599014	1.36008e-07
550	0.0598985	0.0599014	1.35867e-07
551	0.0598958	0.0599014	1.36001e-07
552	0.0598982	0.0599014	1.3588e-07
553	0.0599027	0.0599014	1.35656e-07
554	0.0598938	0.0599014	1.36109e-07
555	0.0598973	0.0599014	1.36066e-07
556	0.0599046	0.0599014	1.35946e-07
557	0.0598956	0.0599014	1.361e-07
558	0.0598972	0.0599014	1.36057e-07
559	0.0599055	0.0599014	1.36013e-07
560	0.0599055	0.0599014	1.35971e-07
561	0.0599035	0.0599014	1.3578e-07
562	0.0599014	0.0599014	1.35538e-07
563	0.0599025	0.0599014	1.35313e-07
564	0.0598972	0.0599014	1.35277e-07
565	0.059907	0.0599014	1.35402e-07
566	0.059903	0.0599014	1.35193e-07
567	0.059901	0.0599014	1.34957e-07
568	0.0599005	0.0599014	1.34728e-07
569	0.0598978	0.0599014	1.34641e-07
570	0.0599003	0.0599014	1.34418e-07
571	0.0599016	0.0599014	1.34183e-07
572	0.0599004	0.0599014	1.33958e-07
573	0.0599023	0.0599014	1.33735e-07
574	0.0598952	0.0599014	1.33934e-07
575	0.0598993	0.0599014	1.33747e-07
576	0.0599033	0.0599014	1.33556e-07
577	0.0599033	0.0599014	1.33365e-07
578	0.0599008	0.0599014	1.33138e-07
579	0.0599018	0.0599014	1.3291e-07
580	0.0599	0.0599014	1.32702e-07
581	0.059904	0.0599014	1.32553e-07
582	0.0599031	0.0599014	1.32358e-07
583	0.0599109	0.0599014	1.33133e-07
584	0.0599055	0.0599014	1.33087e-07
585	0.0598974	0.0599014	1.33032e-07
586	0.0599099	0.0599014	1.33601e-07
587	0.0599029	0.0599014	1.33397e-07
588	0.0598959	0.0599014	1.33499e-07
589	0.0599004	0.0599014	1.33282e-07
590	0.0598992	0.0599014	1.3311e-07
591	0.0598962	0.0599014	1.33179e-07
592	0.0599023	0.0599014	1.32962e-07
593	0.0598991	0.0599014	1.32794e-07
594	0.0599032	0.0599014	1.32606e-07
595	0.0599023	0.0599014	1.32391e-07
596	0.0598986	0.0599014	1.32251e-07
597	0.0599044	0.0599014	1.32124e-07
598	0.0599044	0.0599014	1.31997e-07
599	0.0599008	0.0599014	1.31779e-07
600	0.0599044	0.0599014	1.31653e-07
601	0.0598993	0.0599014	1.31478e-07
602	0.0599007	0.0599014	1.31264e-07
603	0.0599055	0.0599014	1.31225e-07
604	0.0599041	0.0599014	1.31082e-07
605	0.0599053	0.0599014	1.31022e-07
606	0.0599053	0.0599014	1.30963e-07
607	0.0598993	0.0599014	1.30794e-07
608	0.0599015	0.0599014	1.30579e-07
609	0.0599012	0.0599014	1.30365e-07
610	0.0598991	0.0599014	1.30209e-07
611	0.0598982	0.0599014	1.30104e-07
612	0.0598955	0.0599014	1.30244e-07
613	0.0599007	0.0599014	1.30037e-07
614	0.0599037	0.0599014	1.29881e-07
615	0.0598994	0.0599014	1.29711e-07
616	0.0599032	0.0599014	1.29534e-07
617	0.0598994	0.0599014	1.29363e-07
618	0.0599025	0.0599014	1.29167e-07
619	0.0598969	0.0599014	1.29164e-07
620	0.0599026	0.0599014	1.28971e-07
621	0.0599021	0.0599014	1.28769e-07
622	0.0599036	0.0599014	1.28609e-07
623	0.0598997	0.0599014	1.28433e-07
624	0.0599077	0.0599014	1.28628e-07
625	0.0599021	0.0599014	1.28428e-07
626	0.0599003	0.0599014	1.28235e-07
627	0.0599025	0.0599014	1.28043e-07
628	0.0598936	0.0599014	1.28438e-07
629	0.0598958	0.0599014	1.28536e-07
630	0.0599012	0.0599014	1.28332e-07
631	0.0599037	0.0599014	1.2818e-07
632	0.0598989	0.0599014	1.28037e-07
633	0.0599011	0.0599014	1.27836e-07
634	0.0599049	0.0599014	1.27757e-07
635	0.0598998	0.0599014	1.2758e-07
636	0.0598963	0.0599014	1.27626e-07
637	0.0599011	0.0599014	1.27426e-07
638	0.0598976	0.0599014	1.27361e-07
639	0.0599033	0.0599014	1.27197e-07
640	0.0599046	0.0599014	1.27098e-07
641	0.0599025	0.0599014	1.26911e-07
642	0.0598981	0.0599014	1.26818e-07
643	0.0598988	0.0599014	1.26684e-07
644	0.0598996	0.0599014	1.26517e-07
645	0.0599018	0.0599014	1.26323e-07
646	0.0599001	0.0599014	1.26142e-07
647	0.0599036	0.0599014	1.25995e-07
648	0.0598978	0.0599014	1.25923e-07
649	0.0598994	0.0599014	1.25766e-07
650	0.0599023	0.0599014	1.2558e-07
651	0.0598996	0.0599014	1.25418e-07
652	0.0599034	0.0599014	1.25266e-07
653	0.0599068	0.0599014	1.25348e-07
654	0.0598989	0.0599014	1.25212e-07
655	0.0598974	0.0599014	1.25164e-07
656	0.0598949	0.0599013	1.25355e-07
657	0.0598962	0.0599013	1.25412e-07
658	0.0598995	0.0599013	1.25252e-07
659	0.0598959	0.0599013	1.25336e-07
660	0.0599031	0.0599013	1.25175e-07
661	0.0599038	0.0599013	1.25043e-07
662	0.0599025	0.0599013	1.24867e-07
663	0.0598991	0.0599013	1.24725e-07
664	0.0599037	0.0599013	1.24588e-07
665	0.0598939	0.0599013	1.24902e-07
666	0.0599004	0.0599013	1.24722e-07
667	0.0599068	0.0599013	1.24802e-07
668	0.0599021	0.0599013	1.2462e-07
669	0.0598981	0.0599013	1.2453e-07
670	0.0599027	0.0599013	1.24361e-07
671	0.0599005	0.0599013	1.24182e-07
672	0.059905	0.0599013	1.24118e-07
673	0.0598997	0.0599013	1.23957e-07
674	0.0599005	0.0599013	1.23779e-07
675	0.0599072	0.0599013	1.23905e-07
676	0.0599018	0.0599013	1.23724e-07
677	0.0599065	0.0599014	1.23775e-07
678	0.0599048	0.0599014	1.237e-07
679	0.0599001	0.0599014	1.23531e-07
680	0.059903	0.0599014	1.23374e-07
681	0.0599063	0.0599014	1.23403e-07
682	0.0598968	0.0599014	1.23406e-07
683	0.0599025	0.0599014	1.23235e-07
684	0.0599003	0.0599014	1.23065e-07
685	0.0599012	0.0599014	1.22886e-07
686	0.0599032	0.0599014	1.22736e-07
687	0.0599029	0.0599014	1.22579e-07
688	0.0599053	0.0599014	1.22536e-07
689	0.0599005	0.0599014	1.22365e-07
690	0.0599033	0.0599014	1.22221e-07
691	0.0598989	0.0599014	1.22095e-07
692	0.0599021	0.0599014	1.21923e-07
693	0.0599023	0.0599014	1.21755e-07
694	0.0599017	0.0599014	1.2158e-07
695	0.0599005	0.0599014	1.21411e-07
696	0.0599002	0.0599014	1.21249e-07
697	0.0599051	0.0599014	1.21196e-07
698	0.0599024	0.0599014	1.21031e-07
699	0.0598981	0.0599014	1.20951e-07
700	0.0598993	0.0599014	1.20815e-07
701	0.0599038	0.0599014	1.20694e-07
702	0.0598963	0.0599014	1.20734e-07
703	0.0598971	0.0599014	1.20717e-07
704	0.0599021	0.0599014	1.20551e-07
705	0.0599018	0.0599014	1.20382e-07
706	0.0599043	0.0599014	1.20281e-07
707	0.0598943	0.0599014	1.2052e-07
708	0.059898	0.0599013	1.20442e-07
709	0.0599049	0.0599014	1.20378e-07
710	0.0599026	0.0599014	1.20222e-07
711	0.0599034	0.0599014	1.20086e-07
712	0.0599033	0.0599014	1.19948e-07
713	0.0598969	0.0599014	1.19946e-07
714	0.059902	0.0599014	1.19782e-07
715	0.0598988	0.0599013	1.19669e-07
716	0.0598967	0.0599013	1.19676e-07
717	0.0599052	0.0599013	1.19628e-07
718	0.0598967	0.0599013	1.19639e-07
719	0.0599017	0.0599013	1.19473e-07
720	0.059908	0.0599014	1.19668e-07
721	0.0599021	0.0599014	1.19506e-07
722	0.0599009	0.0599014	1.19342e-07
723	0.0598996	0.0599013	1.19201e-07
724	0.0598985	0.0599013	1.19103e-07
725	0.0599039	0.0599013	1.18993e-07
726	0.0599029	0.0599014	1.18849e-07
727	0.0598972	0.0599013	1.18821e-07
728	0.0599073	0.0599014	1.18943e-07
729	0.0599005	0.0599014	1.18785e-07
730	0.0598969	0.0599013	1.18777e-07
731	0.0599047	0.0599014	1.18704e-07
732	0.0598996	0.0599013	1.18566e-07
733	0.0598965	0.0599013	1.18591e-07
734	0.0599019	0.0599013	1.18432e-07
735	0.0599003	0.0599013	1.18279e-07
736	0.0599098	0.0599014	1.18678e-07
737	0.0599019	0.0599014	1.18519e-07
738	0.059904	0.0599014	1.18411e-07
739	0.0598967	0.0599014	1.18421e-07
740	0.0599043	0.0599014	1.18328e-07
741	0.0598997	0.0599014	1.18189e-07
742	0.0599008	0.0599014	1.18032e-07
743	0.0599077	0.0599014	1.18178e-07
744	0.059906	0.0599014	1.18186e-07
745	0.0599035	0.0599014	1.18063e-07
746	0.0598998	0.0599014	1.17923e-07
747	0.0599047	0.0599014	1.1785e-07
748	0.0599036	0.0599014	1.1773e-07
749	0.0599038	0.0599014	1.17616e-07
750	0.0599018	0.0599014	1.17461e-07
751	0.0598946	0.0599014	1.17647e-07
752	0.0599033	0.0599014	1.17518e-07
753	0.0599058	0.0599014	1.17509e-07
754	0.0598973	0.0599014	1.1748e-07
755	0.0599066	0.0599014	1.17532e-07
756	0.0599065	0.0599014	1.17575e-07
757	0.0598994	0.0599014	1.17449e-07
758	0.0599	0.0599014	1.17309e-07
759	0.0599028	0.0599014	1.17169e-07
760	0.0598973	0.0599014	1.1714e-07
761	0.0599015	0.0599014	1.16986e-07
762	0.0599	0.0599014	1.16847e-07
763	0.0599009	0.0599014	1.16696e-07
764	0.0598995	0.0599014	1.16569e-07
765	0.0598958	0.0599014	1.16643e-07
766	0.0599	0.0599014	1.16504e-07
767	0.0599057	0.0599014	1.16488e-07
768	0.0599003	0.0599014	1.16344e-07
769	0.0598998	0.0599014	1.1621e-07
770	0.0598953	0.0599014	1.16325e-07
771	0.0599001	0.0599014	1.16186e-07
772	0.0598974	0.0599014	1.16146e-07
773	0.0599004	0.0599014	1.16003e-07
774	0.0599029	0.0599014	1.1587e-07
775	0.0598998	0.0599014	1.15738e-07
776	0.0599021	0.0599014	1.15593e-07
777	0.0599021	0.0599014	1.15448e-07
778	0.0599001	0.0599014	1.15311e-07
779	0.0599029	0.0599014	1.15181e-07
780	0.0599005	0.0599014	1.15039e-07
781	0.0598951	0.0599013	1.15166e-07
782	0.0599002	0.0599013	1.15028e-07
783	0.0598996	0.0599013	1.14903e-07
784	0.059904	0.0599013	1.14805e-07
785	0.0598977	0.0599013	1.14754e-07
786	0.0598969	0.0599013	1.14747e-07
787	0.0599032	0.0599013	1.14626e-07
788	0.0598976	0.0599013	1.14581e-07
789	0.0599029	0.0599013	1.14453e-07
790	0.0598976	0.0599013	1.14404e-07
791	0.0599054	0.0599013	1.14374e-07
792	0.0599013	0.0599013	1.14229e-07
793	0.0598965	0.0599013	1.14245e-07
794	0.0598967	0.0599013	1.14251e-07
795	0.0599034	0.0599013	1.14137e-07
796	0.0599089	0.0599013	1.14389e-07
797	0.0598976	0.0599013	1.14344e-07
798	0.059901	0.0599013	1.14201e-07
799	0.0599003	0.0599013	1.14065e-07
800	0.0598998	0.0599013	1.13938e-07
801	0.0598928	0.0599013	1.14294e-07
802	0.059905	0.0599013	1.14246e-07
803	0.0599048	0.0599013	1.14188e-07
804	0.0599068	0.0599013	1.1425e-07
805	0.0598998	0.0599013	1.14123e-07
806	0.0598995	0.0599013	1.14003e-07
807	0.0598998	0.0599013	1.13877e-07
808	0.059901	0.0599013	1.13737e-07
809	0.0599066	0.0599013	1.13785e-07
810	0.0598964	0.0599013	1.13809e-07
811	0.0599043	0.0599013	1.13728e-07
812	0.0599001	0.0599013	1.13597e-07
813	0.0598978	0.0599013	1.13542e-07
814	0.0598999	0.0599013	1.13415e-07
815	0.0599028	0.0599013	1.13291e-07
816	0.0599031	0.0599013	1.13172e-07
817	0.0599042	0.0599013	1.13089e-07
818	0.0598983	0.0599013	1.13011e-07
819	0.0599027	0.0599013	1.12886e-07
820	0.0599034	0.0599013	1.12777e-07
821	0.0599061	0.0599013	1.1279e-07
822	0.0599007	0.0599013	1.12655e-07
823	0.0598989	0.0599013	1.12556e-07
824	0.0599037	0.0599013	1.12458e-07
825	0.0599024	0.0599013	1.12329e-07
826	0.0599012	0.0599013	1.12193e-07
827	0.0598968	0.0599013	1.12189e-07
828	0.0599013	0.0599013	1.12054e-07
829	0.0599009	0.0599013	1.1192e-07
830	0.0599053	0.0599013	1.1189e-07
831	0.0598974	0.0599013	1.11854e-07
832	0.0599044	0.0599013	1.11782e-07
833	0.0599024	0.0599013	1.11655e-07
834	0.0599018	0.0599013	1.11523e-07
835	0.0599045	0.0599013	1.11452e-07
836	0.0599021	0.0599013	1.11322e-07
837	0.0599003	0.0599013	1.11196e-07
838	0.0599039	0.0599013	1.11104e-07
839	0.0599043	0.0599013	1.11028e-07
840	0.0599015	0.0599013	1.10896e-07
841	0.0598987	0.0599013	1.10809e-07
842	0.0599013	0.0599013	1.10678e-07
843	0.0599017	0.0599013	1.10548e-07
844	0.0599035	0.0599013	1.10446e-07
845	0.0598947	0.0599013	1.10596e-07
846	0.0599034	0.0599013	1.10492e-07
847	0.0599033	0.0599013	1.10386e-07
848	0.0598977	0.0599013	1.1034e-07
849	0.0599024	0.0599013	1.10218e-07
850	0.059902	0.0599013	1.10091e-07
851	0.0599028	0.0599013	1.09975e-07
852	0.0599051	0.0599013	1.09935e-07
853	0.059898	0.0599013	1.09878e-07
854	0.0599016	0.0599013	1.0975e-07
855	0.0599038	0.0599013	1.09658e-07
856	0.0598953	0.0599013	1.0976e-07
857	0.0599019	0.0599013	1.09635e-07
858	0.0599027	0.0599013	1.09518e-07
859	0.0599009	0.0599013	1.09392e-07
860	0.0598969	0.0599013	1.09389e-07
861	0.0599	0.0599013	1.09273e-07
862	0.0598982	0.0599013	1.09205e-07
863	0.0599036	0.0599013	1.09111e-07
864	0.0599001	0.0599013	1.08995e-07
865	0.0599075	0.0599013	1.091e-07
866	0.0599018	0.0599013	1.08975e-07
867	0.0599044	0.0599013	1.08908e-07
868	0.059902	0.0599013	1.08785e-07
869	0.0599	0.0599013	1.0867e-07
870	0.0599034	0.0599013	1.08572e-07
871	0.0599041	0.0599013	1.08494e-07
872	0.0599031	0.0599013	1.08388e-07
873	0.0598968	0.0599013	1.08389e-07
874	0.0598966	0.0599013	1.08401e-07
875	0.0599022	0.0599013	1.08282e-07
876	0.0598981	0.0599013	1.08221e-07
877	0.059906	0.0599013	1.08229e-07
878	0.0599036	0.0599013	1.08136e-07
879	0.0599003	0.0599013	1.0802e-07
880	0.0599029	0.0599013	1.07911e-07
881	0.0599039	0.0599013	1.07826e-07
882	0.0598991	0.0599013	1.07735e-07
883	0.0598925	0.0599013	1.08075e-07
884	0.0598991	0.0599013	1.07983e-07
885	0.0599005	0.0599013	1.07865e-07
886	0.0599004	0.0599013	1.07748e-07
887	0.059893	0.0599013	1.0804e-07
888	0.0598966	0.0599013	1.08049e-07
889	0.0599011	0.0599013	1.07928e-07
890	0.0598948	0.0599013	1.08054e-07
891	0.0599013	0.0599013	1.07933e-07
892	0.0599101	0.0599013	1.08261e-07
893	0.0599	0.0599013	1.0815e-07
894	0.0598987	0.0599013	1.08069e-07
895	0.0598977	0.0599013	1.08025e-07
896	0.0599007	0.0599013	1.07907e-07
897	0.0598997	0.0599013	1.07801e-07
898	0.0598962	0.0599013	1.07834e-07
899	0.0599037	0.0599013	1.07747e-07
900	0.0598953	0.0599013	1.0783e-07
901	0.0599077	0.0599013	1.07948e-07
902	0.0599046	0.0599013	1.0789e-07
903	0.0598978	0.0599013	1.07841e-07
904	0.0598926	0.0599013	1.0815e-07
905	0.059902	0.0599013	1.08033e-07
906	0.0598982	0.0599013	1.07969e-07
907	0.059904	0.0599013	1.07891e-07
908	0.0598975	0.0599013	1.07851e-07
909	0.0598955	0.0599013	1.07918e-07
910	0.0599015	0.0599013	1.07799e-07
911	0.0598968	0.0599013	1.07791e-07
912	0.0598998	0.0599013	1.07685e-07
913	0.0599014	0.0599013	1.07567e-07
914	0.0599001	0.0599013	1.07458e-07
915	0.0598988	0.0599013	1.07375e-07
916	0.0599007	0.0599013	1.0726e-07
917	0.0599021	0.0599013	1.07147e-07
918	0.0599025	0.0599013	1.07039e-07
919	0.0599016	0.0599013	1.06923e-07
920	0.0599057	0.0599013	1.06914e-07
921	0.0599049	0.0599013	1.06871e-07
922	0.0598961	0.0599013	1.06905e-07
923	0.0599	0.0599013	1.06798e-07
924	0.0598996	0.0599013	1.06699e-07
925	0.0598969	0.0599013	1.0669e-07
926	0.0599024	0.0599013	1.06582e-07
927	0.0599005	0.0599013	1.0647e-07
928	0.0598993	0.0599013	1.06376e-07
929	0.0599096	0.0599013	1.06638e-07
930	0.0598988	0.0599013	1.06557e-07
931	0.0599006	0.0599013	1.06445e-07
932	0.0599026	0.0599013	1.06341e-07
933	0.0598986	0.0599013	1.06267e-07
934	0.0599003	0.0599013	1.06158e-07
935	0.0599067	0.0599013	1.06202e-07
936	0.0599035	0.0599013	1.06116e-07
937	0.0598997	0.0599013	1.06016e-07
938	0.0599022	0.0599013	1.05907e-07
939	0.0599038	0.0599013	1.05827e-07
940	0.0598992	0.0599013	1.05738e-07
941	0.0599041	0.0599013	1.05666e-07
942	0.0599014	0.0599013	1.05554e-07
943	0.0598999	0.0599013	1.05453e-07
944	0.0599027	0.0599013	1.05351e-07
945	0.0599048	0.0599013	1.05306e-07
946	0.0599028	0.0599013	1.05207e-07
947	0.0599011	0.0599013	1.05096e-07
948	0.0599061	0.0599013	1.05108e-07
949	0.059906	0.0599013	1.05115e-07
950	0.0598965	0.0599013	1.05127e-07
951	0.0599048	0.0599013	1.05082e-07
952	0.0599086	0.0599013	1.05255e-07
953	0.059898	0.0599013	1.05202e-07
954	0.0598972	0.0599013	1.05181e-07
955	0.0598977	0.0599013	1.05139e-07
956	0.0599075	0.0599013	1.0523e-07
957	0.0599034	0.0599013	1.05142e-07
958	0.0598997	0.0599013	1.05046e-07
959	0.0599067	0.0599013	1.05087e-07
960	0.0599004	0.0599013	1.04981e-07
961	0.059902	0.0599013	1.04875e-07
962	0.0599001	0.0599013	1.04773e-07
963	0.0598985	0.0599013	1.04703e-07
964	0.0599004	0.0599013	1.04599e-07
965	0.0599009	0.0599013	1.04492e-07
966	0.0599041	0.0599013	1.04423e-07
967	0.0599018	0.0599013	1.04317e-07
968	0.0598982	0.0599013	1.0426e-07
969	0.059908	0.0599013	1.04378e-07
970	0.0599022	0.0599013	1.04274e-07
971	0.0599025	0.0599013	1.04174e-07
972	0.0598959	0.0599013	1.04217e-07
973	0.0599049	0.0599013	1.04177e-07
974	0.0599034	0.0599013	1.04093e-07
975	0.0599001	0.0599013	1.03994e-07
976	0.0598988	0.0599013	1.03919e-07
977	0.0599026	0.0599013	1.03821e-07
978	0.0599049	0.0599013	1.03781e-07
979	0.0598989	0.0599013	1.03705e-07
980	0.0598954	0.0599013	1.03777e-07
981	0.0599001	0.0599013	1.03678e-07
982	0.0599077	0.0599013	1.03778e-07
983	0.0599033	0.0599013	1.03693e-07
984	0.0599024	0.0599013	1.03593e-07
985	0.0598961	0.0599013	1.03621e-07
986	0.0599056	0.0599013	1.03606e-07
987	0.0599	0.0599013	1.0351e-07
988	0.0599018	0.0599013	1.03406e-07
989	0.0598994	0.0599013	1.03319e-07
990	0.0598986	0.0599013	1.03252e-07
991	0.0599057	0.0599013	1.03245e-07
992	0.0599079	0.0599013	1.03355e-07
993	0.0599039	0.0599013	1.03285e-07
994	0.0599034	0.0599013	1.03203e-07
995	0.0598983	0.0599013	1.03144e-07
996	0.0599026	0.0599013	1.03049e-07
997	0.0599031	0.0599013	1.02962e-07
998	0.0599026	0.0599013	1.02867e-07
999	0.0599062	0.0599013	1.02881e-07
1000	0.0598946	0.0599013	1.02995e-07
