BLOCK:	ACTUAL_PE:	PE_AVE:	ERROR:
1	-0.367237	-0.367237	0
2	-0.387488	-0.377362	0.00715984
3	-0.39032	-0.381682	0.00593481
4	-0.383146	-0.382048	0.00446239
5	-0.348043	-0.375247	0.00705312
6	-0.338125	-0.36906	0.00815134
7	-0.341186	-0.365078	0.00789984
8	-0.331348	-0.360862	0.00795834
9	-0.347472	-0.359374	0.0072118
10	-0.348653	-0.358302	0.00656983
11	-0.360378	-0.358491	0.00597528
12	-0.377131	-0.360044	0.00567565
13	-0.334794	-0.358102	0.00556149
14	-0.357485	-0.358058	0.00516441
15	-0.374432	-0.359149	0.00493415
16	-0.354584	-0.358864	0.00463401
17	-0.35397	-0.358576	0.00437035
18	-0.396941	-0.360707	0.00461813
19	-0.468709	-0.366392	0.00705348
20	-0.416098	-0.368877	0.00712522
21	-0.461544	-0.37329	0.00803701
22	-0.488044	-0.378506	0.0092101
23	-0.418804	-0.380258	0.00897477
24	-0.381148	-0.380295	0.0086009
25	-0.359962	-0.379482	0.00829523
26	-0.340133	-0.377968	0.00811306
27	-0.408571	-0.379102	0.00789135
28	-0.434278	-0.381072	0.00785171
29	-0.430251	-0.382768	0.00776193
30	-0.413704	-0.383799	0.00757139
31	-0.356495	-0.382918	0.0073782
32	-0.376893	-0.38273	0.00715004
33	-0.367129	-0.382257	0.00694898
34	-0.407183	-0.382991	0.00678316
35	-0.457372	-0.385116	0.00691426
36	-0.438712	-0.386604	0.00688062
37	-0.480863	-0.389152	0.00715072
38	-0.474772	-0.391405	0.00730891
39	-0.511668	-0.394489	0.00774474
40	-0.520711	-0.397644	0.00816872
41	-0.52631	-0.400783	0.00855106
42	-0.454162	-0.402053	0.00844138
43	-0.406698	-0.402161	0.00824576
44	-0.439888	-0.403019	0.00810281
45	-0.456605	-0.40421	0.00800978
46	-0.429459	-0.404759	0.00785443
47	-0.390391	-0.404453	0.00769327
48	-0.391733	-0.404188	0.00753755
49	-0.40187	-0.404141	0.00738387
50	-0.388356	-0.403825	0.00724294
51	-0.394072	-0.403634	0.00710345
52	-0.412092	-0.403796	0.0069687
53	-0.37566	-0.403265	0.00685741
54	-0.416309	-0.403507	0.00673467
55	-0.383117	-0.403136	0.00662242
56	-0.343577	-0.402073	0.00658901
57	-0.350806	-0.401173	0.00653451
58	-0.412784	-0.401374	0.00642492
59	-0.414255	-0.401592	0.00631973
60	-0.352317	-0.400771	0.00626753
61	-0.41146	-0.400946	0.00616723
62	-0.421886	-0.401284	0.006077
63	-0.361222	-0.400648	0.00601372
64	-0.372218	-0.400203	0.00593614
65	-0.413843	-0.400413	0.00584852
66	-0.404956	-0.400482	0.00576031
67	-0.344796	-0.399651	0.00573399
68	-0.393412	-0.399559	0.0056504
69	-0.415226	-0.399786	0.00557307
70	-0.377378	-0.399466	0.00550264
71	-0.369053	-0.399038	0.00544178
72	-0.347291	-0.398319	0.00541345
73	-0.378562	-0.398049	0.00534606
74	-0.427238	-0.398443	0.00528835
75	-0.445672	-0.399073	0.00525519
76	-0.403786	-0.399135	0.00518641
77	-0.408511	-0.399256	0.00512048
78	-0.432657	-0.399685	0.00507271
79	-0.440268	-0.400198	0.00503444
80	-0.450572	-0.400828	0.00501074
81	-0.429703	-0.401185	0.00496154
82	-0.410134	-0.401294	0.00490223
83	-0.371968	-0.40094	0.00485589
84	-0.363449	-0.400494	0.00481855
85	-0.389768	-0.400368	0.00476351
86	-0.393061	-0.400283	0.00470888
87	-0.415734	-0.40046	0.0046581
88	-0.395099	-0.4004	0.00460557
89	-0.383532	-0.40021	0.00455772
90	-0.360846	-0.399773	0.00452801
91	-0.389459	-0.399659	0.00447967
92	-0.419844	-0.399879	0.00443635
93	-0.393596	-0.399811	0.00438916
94	-0.397306	-0.399785	0.00434255
95	-0.362547	-0.399393	0.00431449
96	-0.33144	-0.398685	0.00432722
97	-0.369487	-0.398384	0.00429307
98	-0.413645	-0.398539	0.00425209
99	-0.354739	-0.398097	0.00423209
100	-0.335735	-0.397473	0.00423547
101	-0.357927	-0.397082	0.00421159
102	-0.422612	-0.397332	0.00417773
103	-0.403745	-0.397394	0.00413764
104	-0.38992	-0.397323	0.00409848
105	-0.388594	-0.397239	0.00406029
106	-0.408728	-0.397348	0.00402343
107	-0.425607	-0.397612	0.00399448
108	-0.41131	-0.397739	0.00395951
109	-0.394383	-0.397708	0.0039233
110	-0.385667	-0.397598	0.00388917
111	-0.43169	-0.397906	0.00386624
112	-0.438095	-0.398264	0.00384833
113	-0.475817	-0.398951	0.00387499
114	-0.426816	-0.399195	0.0038487
115	-0.418343	-0.399362	0.00381883
116	-0.431092	-0.399635	0.0037957
117	-0.456749	-0.400123	0.00379452
118	-0.427789	-0.400358	0.00376959
119	-0.396923	-0.400329	0.00373803
120	-0.425668	-0.40054	0.00371284
121	-0.411825	-0.400633	0.00368332
122	-0.443882	-0.400988	0.00367015
123	-0.478758	-0.40162	0.00369438
124	-0.3987	-0.401597	0.00366466
125	-0.340679	-0.401109	0.0036676
126	-0.34838	-0.400691	0.00366229
127	-0.391699	-0.40062	0.00363414
128	-0.397127	-0.400593	0.00360585
129	-0.354706	-0.400237	0.0035954
130	-0.39604	-0.400205	0.00356789
131	-0.411089	-0.400288	0.00354162
132	-0.399638	-0.400283	0.00351479
133	-0.425787	-0.400475	0.00349359
134	-0.410355	-0.400548	0.0034683
135	-0.398186	-0.400531	0.00344265
136	-0.386526	-0.400428	0.00341888
137	-0.418214	-0.400558	0.00339639
138	-0.410954	-0.400633	0.00337261
139	-0.373503	-0.400438	0.00335399
140	-0.355407	-0.400116	0.00334542
141	-0.345927	-0.399732	0.0033437
142	-0.405806	-0.399775	0.00332042
143	-0.408759	-0.399837	0.0032978
144	-0.3622	-0.399576	0.00328524
145	-0.354321	-0.399264	0.00327737
146	-0.385864	-0.399172	0.00325621
147	-0.391968	-0.399123	0.00323443
148	-0.351844	-0.398804	0.00322831
149	-0.415273	-0.398914	0.00320853
150	-0.378692	-0.398779	0.00318998
151	-0.369616	-0.398586	0.00317469
152	-0.382681	-0.398482	0.00315553
153	-0.358344	-0.398219	0.00314579
154	-0.381636	-0.398112	0.00312721
155	-0.365468	-0.397901	0.00311411
156	-0.377882	-0.397773	0.00309679
157	-0.36485	-0.397563	0.00308416
158	-0.409051	-0.397636	0.0030655
159	-0.415392	-0.397747	0.00304825
160	-0.370036	-0.397574	0.00303412
161	-0.402895	-0.397607	0.00301545
162	-0.430289	-0.397809	0.00300358
163	-0.422115	-0.397958	0.00298885
164	-0.394301	-0.397936	0.00297071
165	-0.399607	-0.397946	0.00295272
166	-0.381195	-0.397845	0.00293666
167	-0.363718	-0.397641	0.00292618
168	-0.416407	-0.397752	0.00291089
169	-0.366737	-0.397569	0.00289944
170	-0.356717	-0.397329	0.00289233
171	-0.339871	-0.396993	0.00289487
172	-0.331713	-0.396613	0.00290281
173	-0.341959	-0.396297	0.00290317
174	-0.390104	-0.396262	0.0028867
175	-0.358304	-0.396045	0.00287834
176	-0.351228	-0.39579	0.00287323
177	-0.339101	-0.39547	0.00287479
178	-0.353985	-0.395237	0.00286808
179	-0.393243	-0.395226	0.00285207
180	-0.405324	-0.395282	0.00283678
181	-0.396732	-0.39529	0.00282112
182	-0.415888	-0.395403	0.00280789
183	-0.419738	-0.395536	0.00279569
184	-0.469312	-0.395937	0.0028091
185	-0.473429	-0.396356	0.00282498
186	-0.464239	-0.396721	0.00283327
187	-0.459778	-0.397058	0.00283811
188	-0.438649	-0.397279	0.00283162
189	-0.470605	-0.397667	0.00284309
190	-0.478443	-0.398092	0.00285974
191	-0.447156	-0.398349	0.00285628
192	-0.400555	-0.39836	0.00284143
193	-0.400408	-0.398371	0.00282673
194	-0.40483	-0.398404	0.00281235
195	-0.415638	-0.398493	0.00279932
196	-0.432645	-0.398667	0.00279045
197	-0.445959	-0.398907	0.00278659
198	-0.482801	-0.399331	0.00280455
199	-0.474561	-0.399709	0.00281582
200	-0.495261	-0.400187	0.00284198
201	-0.475408	-0.400561	0.00285238
202	-0.399083	-0.400554	0.00283827
203	-0.41982	-0.400648	0.00282587
204	-0.414183	-0.400715	0.0028128
205	-0.445975	-0.400936	0.00280773
206	-0.458469	-0.401215	0.00280795
207	-0.448116	-0.401441	0.00280352
208	-0.461067	-0.401728	0.00280465
209	-0.466147	-0.402036	0.00280812
210	-0.440124	-0.402218	0.0028006
211	-0.475186	-0.402563	0.0028086
212	-0.443535	-0.402757	0.00280199
213	-0.448337	-0.402971	0.00279699
214	-0.465428	-0.403263	0.00279911
215	-0.388638	-0.403195	0.00278692
216	-0.400537	-0.403182	0.00277404
217	-0.45007	-0.403398	0.00276966
218	-0.372261	-0.403256	0.00276064
219	-0.380101	-0.40315	0.00275005
220	-0.45906	-0.403404	0.00274927
221	-0.41638	-0.403463	0.00273746
222	-0.444773	-0.403649	0.00273145
223	-0.417013	-0.403709	0.00271985
224	-0.393916	-0.403665	0.00270806
225	-0.410178	-0.403694	0.00269618
226	-0.464349	-0.403962	0.00269758
227	-0.488387	-0.404334	0.00271121
228	-0.445491	-0.404515	0.00270532
229	-0.429385	-0.404623	0.00269569
230	-0.38221	-0.404526	0.00268573
231	-0.392428	-0.404473	0.00267461
232	-0.408468	-0.404491	0.00266314
233	-0.447767	-0.404676	0.00265818
234	-0.398074	-0.404648	0.00264697
235	-0.441318	-0.404804	0.0026403
236	-0.422167	-0.404878	0.00263014
237	-0.389592	-0.404813	0.00261983
238	-0.410269	-0.404836	0.00260892
239	-0.426436	-0.404927	0.00259957
240	-0.447587	-0.405104	0.00259481
241	-0.444271	-0.405267	0.00258913
242	-0.419665	-0.405326	0.00257911
243	-0.391234	-0.405268	0.00256915
244	-0.357888	-0.405074	0.00256595
245	-0.368998	-0.404927	0.0025597
246	-0.372547	-0.404795	0.00255267
247	-0.395905	-0.404759	0.00254259
248	-0.396157	-0.404725	0.00253258
249	-0.415138	-0.404766	0.00252275
250	-0.397907	-0.404739	0.00251281
251	-0.400146	-0.404721	0.00250286
252	-0.487784	-0.40505	0.00251454
253	-0.43847	-0.405182	0.00250807
254	-0.399203	-0.405159	0.00249831
255	-0.384438	-0.405078	0.00248983
256	-0.403083	-0.40507	0.00248012
257	-0.386724	-0.404998	0.00247149
258	-0.389321	-0.404938	0.00246266
259	-0.389989	-0.40488	0.00245383
260	-0.405098	-0.404881	0.00244439
261	-0.445706	-0.405037	0.00244003
262	-0.434768	-0.405151	0.00243335
263	-0.498658	-0.405506	0.00244993
264	-0.545226	-0.406036	0.00249716
265	-0.504901	-0.406409	0.00251546
266	-0.479632	-0.406684	0.00252102
267	-0.532959	-0.407157	0.00255555
268	-0.460407	-0.407356	0.00255373
269	-0.392426	-0.4073	0.00254484
270	-0.403726	-0.407287	0.00253545
271	-0.472932	-0.407529	0.00253764
272	-0.420145	-0.407575	0.00252873
273	-0.426779	-0.407646	0.00252045
274	-0.494174	-0.407962	0.00253095
275	-0.494111	-0.408275	0.00254106
276	-0.475482	-0.408518	0.0025435
277	-0.471184	-0.408745	0.00254436
278	-0.473914	-0.408979	0.00254598
279	-0.511869	-0.409348	0.00256342
280	-0.45942	-0.409527	0.0025605
281	-0.531751	-0.409962	0.00258807
282	-0.520909	-0.410355	0.00260862
283	-0.451355	-0.4105	0.00260343
284	-0.426207	-0.410555	0.00259485
285	-0.37884	-0.410444	0.00258813
286	-0.389837	-0.410372	0.00258008
287	-0.403127	-0.410347	0.00257121
288	-0.411608	-0.410351	0.00256229
289	-0.40895	-0.410346	0.00255343
290	-0.412067	-0.410352	0.00254463
291	-0.429364	-0.410417	0.00253672
292	-0.385978	-0.410334	0.00252942
293	-0.358332	-0.410156	0.002527
294	-0.460132	-0.410326	0.00252412
295	-0.362672	-0.410165	0.00252073
296	-0.38704	-0.410087	0.00251342
297	-0.391439	-0.410024	0.00250574
298	-0.451369	-0.410162	0.00250117
299	-0.439844	-0.410262	0.00249478
300	-0.406376	-0.410249	0.00248649
301	-0.41008	-0.410248	0.00247823
302	-0.423994	-0.410294	0.00247044
303	-0.47891	-0.41052	0.00247265
304	-0.448965	-0.410647	0.00246775
305	-0.412292	-0.410652	0.00245966
306	-0.425539	-0.410701	0.0024521
307	-0.378722	-0.410597	0.00244633
308	-0.422571	-0.410635	0.00243869
309	-0.397226	-0.410592	0.00243119
310	-0.429104	-0.410652	0.00242408
311	-0.35947	-0.410487	0.00242186
312	-0.369842	-0.410357	0.0024176
313	-0.359254	-0.410194	0.00241539
314	-0.372046	-0.410072	0.00241075
315	-0.348409	-0.409876	0.00241103
316	-0.333091	-0.409633	0.00241561
317	-0.326598	-0.409371	0.00242215
318	-0.338322	-0.409148	0.00242482
319	-0.40006	-0.40912	0.00241738
320	-0.427233	-0.409176	0.00241049
321	-0.383673	-0.409097	0.00240429
322	-0.354547	-0.408927	0.00240279
323	-0.368115	-0.408801	0.00239867
324	-0.36607	-0.408669	0.00239489
325	-0.380575	-0.408583	0.00238908
326	-0.364948	-0.408449	0.0023855
327	-0.346952	-0.408261	0.0023856
328	-0.407661	-0.408259	0.00237833
329	-0.438035	-0.408349	0.00237282
330	-0.438153	-0.40844	0.00236735
331	-0.451275	-0.408569	0.00236373
332	-0.437773	-0.408657	0.00235825
333	-0.426007	-0.408709	0.00235174
334	-0.415284	-0.408729	0.00234478
335	-0.441441	-0.408826	0.00233982
336	-0.43669	-0.408909	0.00233432
337	-0.427886	-0.408966	0.00232808
338	-0.423613	-0.409009	0.00232159
339	-0.434985	-0.409086	0.00231601
340	-0.432282	-0.409154	0.0023102
341	-0.414349	-0.409169	0.00230348
342	-0.405958	-0.40916	0.00229676
343	-0.400499	-0.409135	0.0022902
344	-0.394061	-0.409091	0.00228396
345	-0.413783	-0.409104	0.00227738
346	-0.387677	-0.409042	0.00227164
347	-0.41112	-0.409048	0.0022651
348	-0.424561	-0.409093	0.00225903
349	-0.390081	-0.409038	0.00225322
350	-0.35982	-0.408898	0.00225116
351	-0.386848	-0.408835	0.00224563
352	-0.370453	-0.408726	0.00224189
353	-0.383314	-0.408654	0.0022367
354	-0.357809	-0.40851	0.00223499
355	-0.383162	-0.408439	0.00222983
356	-0.44612	-0.408545	0.00222608
357	-0.478197	-0.40874	0.00222838
358	-0.396319	-0.408705	0.00222242
359	-0.413631	-0.408719	0.00221627
360	-0.426075	-0.408767	0.00221064
361	-0.410905	-0.408773	0.00220453
362	-0.447223	-0.408879	0.00220099
363	-0.457082	-0.409012	0.00219893
364	-0.432198	-0.409076	0.00219381
365	-0.401631	-0.409055	0.0021879
366	-0.373658	-0.408959	0.00218406
367	-0.388867	-0.408904	0.00217879
368	-0.388285	-0.408848	0.00217359
369	-0.391751	-0.408802	0.00216819
370	-0.43151	-0.408863	0.0021632
371	-0.426157	-0.40891	0.00215787
372	-0.47038	-0.409075	0.00215839
373	-0.380655	-0.408999	0.00215395
374	-0.367998	-0.408889	0.00215098
375	-0.406651	-0.408883	0.00214525
376	-0.481673	-0.409077	0.00214826
377	-0.487724	-0.409285	0.00215267
378	-0.463907	-0.40943	0.00215182
379	-0.38438	-0.409364	0.00214716
380	-0.36072	-0.409236	0.00214532
381	-0.351231	-0.409083	0.00214508
382	-0.322195	-0.408856	0.00215149
383	-0.340121	-0.408676	0.00215335
384	-0.336865	-0.408489	0.00215584
385	-0.343481	-0.408321	0.00215685
386	-0.405312	-0.408313	0.00215127
387	-0.382036	-0.408245	0.00214679
388	-0.352713	-0.408102	0.00214602
389	-0.351255	-0.407956	0.00214547
390	-0.314809	-0.407717	0.00215322
391	-0.392657	-0.407678	0.00214806
392	-0.409933	-0.407684	0.00214259
393	-0.350198	-0.407538	0.00214212
394	-0.354881	-0.407404	0.00214085
395	-0.375045	-0.407322	0.002137
396	-0.366506	-0.407219	0.00213409
397	-0.343549	-0.407059	0.00213473
398	-0.366007	-0.406956	0.00213186
399	-0.37378	-0.406872	0.00212813
400	-0.375761	-0.406795	0.00212423
401	-0.409641	-0.406802	0.00211895
402	-0.336183	-0.406626	0.00212095
403	-0.342934	-0.406468	0.00212156
404	-0.381566	-0.406406	0.00211721
405	-0.373814	-0.406326	0.00211351
406	-0.366001	-0.406227	0.00211064
407	-0.354391	-0.406099	0.00210929
408	-0.363399	-0.405995	0.00210671
409	-0.380428	-0.405932	0.00210249
410	-0.445377	-0.406028	0.00209956
411	-0.420206	-0.406063	0.00209474
412	-0.357014	-0.405944	0.00209303
413	-0.361436	-0.405836	0.00209074
414	-0.38859	-0.405794	0.0020861
415	-0.371946	-0.405713	0.00208267
416	-0.376225	-0.405642	0.00207887
417	-0.371654	-0.40556	0.00207548
418	-0.364906	-0.405463	0.00207279
419	-0.359417	-0.405353	0.00207076
420	-0.345037	-0.40521	0.0020708
421	-0.362383	-0.405108	0.00206838
422	-0.370356	-0.405026	0.00206512
423	-0.371073	-0.404945	0.00206179
424	-0.354022	-0.404825	0.00206043
425	-0.361413	-0.404723	0.00205811
426	-0.411648	-0.404739	0.00205334
427	-0.391691	-0.404709	0.00204876
428	-0.394159	-0.404684	0.00204412
429	-0.389273	-0.404648	0.00203967
430	-0.356982	-0.404537	0.00203794
431	-0.34331	-0.404395	0.00203816
432	-0.368738	-0.404313	0.00203511
433	-0.404922	-0.404314	0.00203041
434	-0.389015	-0.404279	0.00202604
435	-0.359225	-0.404175	0.00202402
436	-0.369008	-0.404095	0.00202099
437	-0.406784	-0.404101	0.00201637
438	-0.437041	-0.404176	0.00201317
439	-0.42968	-0.404234	0.00200942
440	-0.366069	-0.404147	0.00200673
441	-0.342142	-0.404007	0.0020071
442	-0.333515	-0.403847	0.00200888
443	-0.354622	-0.403736	0.00200742
444	-0.344165	-0.403602	0.00200738
445	-0.381562	-0.403552	0.00200348
446	-0.329781	-0.403387	0.0020058
447	-0.336624	-0.403238	0.00200687
448	-0.397232	-0.403224	0.00200243
449	-0.395783	-0.403208	0.00199804
450	-0.383866	-0.403165	0.00199406
451	-0.439636	-0.403246	0.00199128
452	-0.410043	-0.403261	0.00198693
453	-0.396274	-0.403245	0.00198261
454	-0.438105	-0.403322	0.00197973
455	-0.440552	-0.403404	0.00197706
456	-0.384036	-0.403361	0.00197318
457	-0.387257	-0.403326	0.00196918
458	-0.420084	-0.403363	0.00196522
459	-0.409363	-0.403376	0.00196098
460	-0.37706	-0.403319	0.00195756
461	-0.352656	-0.403209	0.00195639
462	-0.391377	-0.403183	0.00195232
463	-0.365908	-0.403103	0.00194977
464	-0.389286	-0.403073	0.00194579
465	-0.361041	-0.402982	0.00194371
466	-0.362063	-0.402895	0.00194152
467	-0.374122	-0.402833	0.00193834
468	-0.367168	-0.402757	0.00193569
469	-0.435837	-0.402827	0.00193285
470	-0.467573	-0.402965	0.00193364
471	-0.373772	-0.402903	0.00193053
472	-0.379104	-0.402853	0.0019271
473	-0.344349	-0.402729	0.00192699
474	-0.395238	-0.402713	0.00192299
475	-0.413383	-0.402736	0.00191907
476	-0.447936	-0.402831	0.00191739
477	-0.368978	-0.40276	0.00191468
478	-0.422801	-0.402801	0.00191113
479	-0.409871	-0.402816	0.0019072
480	-0.409749	-0.402831	0.00190328
481	-0.442677	-0.402914	0.00190113
482	-0.492869	-0.4031	0.00190632
483	-0.488617	-0.403277	0.00191058
484	-0.495467	-0.403468	0.0019161
485	-0.441748	-0.403547	0.00191378
486	-0.441798	-0.403625	0.00191146
487	-0.4394	-0.403699	0.00190894
488	-0.440237	-0.403774	0.0019065
489	-0.417817	-0.403802	0.00190282
490	-0.388286	-0.403771	0.0018992
491	-0.41872	-0.403801	0.00189557
492	-0.403184	-0.4038	0.00189172
493	-0.389501	-0.403771	0.0018881
494	-0.380362	-0.403724	0.00188488
495	-0.446027	-0.403809	0.00188301
496	-0.466532	-0.403935	0.00188345
497	-0.428683	-0.403985	0.00188032
498	-0.459503	-0.404097	0.00187985
499	-0.43836	-0.404165	0.00187733
500	-0.412026	-0.404181	0.00187364
501	-0.375212	-0.404123	0.0018708
502	-0.347481	-0.40401	0.00187047
503	-0.3227	-0.403849	0.00187372
504	-0.336735	-0.403716	0.00187473
505	-0.35971	-0.403628	0.00187304
506	-0.400807	-0.403623	0.00186935
507	-0.360376	-0.403538	0.00186761
508	-0.391405	-0.403514	0.00186408
509	-0.382246	-0.403472	0.00186089
510	-0.409164	-0.403483	0.00185727
511	-0.437326	-0.403549	0.00185482
512	-0.448595	-0.403637	0.00185328
513	-0.44251	-0.403713	0.00185122
514	-0.430478	-0.403765	0.00184835
515	-0.445799	-0.403847	0.00184656
516	-0.422445	-0.403883	0.00184333
517	-0.422551	-0.403919	0.00184012
518	-0.413149	-0.403937	0.00183666
519	-0.382314	-0.403895	0.00183359
520	-0.393556	-0.403875	0.00183017
521	-0.395651	-0.403859	0.00182673
522	-0.442314	-0.403933	0.00182471
523	-0.430294	-0.403983	0.00182192
524	-0.368709	-0.403916	0.00181968
525	-0.4162	-0.40394	0.00181637
526	-0.392514	-0.403918	0.00181305
527	-0.409115	-0.403928	0.00180963
528	-0.420062	-0.403958	0.00180646
529	-0.400476	-0.403952	0.00180306
530	-0.373162	-0.403894	0.00180059
531	-0.399991	-0.403886	0.00179722
532	-0.381713	-0.403845	0.00179432
533	-0.398824	-0.403835	0.00179098
534	-0.415833	-0.403858	0.00178777
535	-0.473086	-0.403987	0.0017891
536	-0.397888	-0.403976	0.0017858
537	-0.370753	-0.403914	0.00178355
538	-0.33991	-0.403795	0.0017842
539	-0.341949	-0.40368	0.00178457
540	-0.307814	-0.403503	0.00179007
541	-0.34133	-0.403388	0.00179045
542	-0.396953	-0.403376	0.00178719
543	-0.365975	-0.403307	0.00178522
544	-0.373045	-0.403251	0.00178281
545	-0.376969	-0.403203	0.00178019
546	-0.387965	-0.403175	0.00177715
547	-0.3999	-0.403169	0.00177391
548	-0.376865	-0.403121	0.00177132
549	-0.355661	-0.403035	0.0017702
550	-0.380809	-0.402994	0.00176744
551	-0.420669	-0.403026	0.00176453
552	-0.478497	-0.403163	0.00176662
553	-0.474417	-0.403292	0.00176812
554	-0.459193	-0.403393	0.0017678
555	-0.47552	-0.403523	0.00176939
556	-0.509749	-0.403714	0.00177649
557	-0.452059	-0.403801	0.00177542
558	-0.440461	-0.403866	0.00177345
559	-0.402172	-0.403863	0.00177028
560	-0.41501	-0.403883	0.00176724
561	-0.405328	-0.403886	0.00176409
562	-0.401963	-0.403882	0.00176095
563	-0.506052	-0.404064	0.00176715
564	-0.495933	-0.404227	0.00177151
565	-0.422076	-0.404258	0.00176865
566	-0.359502	-0.404179	0.0017673
567	-0.373406	-0.404125	0.00176501
568	-0.380255	-0.404083	0.0017624
569	-0.358656	-0.404003	0.00176111
570	-0.34999	-0.403908	0.00176057
571	-0.362467	-0.403836	0.00175898
572	-0.412006	-0.40385	0.00175597
573	-0.391131	-0.403828	0.00175304
574	-0.400872	-0.403823	0.00175
575	-0.389195	-0.403797	0.00174714
576	-0.405811	-0.403801	0.00174411
577	-0.387591	-0.403773	0.00174131
578	-0.348061	-0.403676	0.00174097
579	-0.30846	-0.403512	0.00174571
580	-0.349688	-0.403419	0.00174516
581	-0.411641	-0.403433	0.00174222
582	-0.420089	-0.403462	0.00173946
583	-0.445269	-0.403533	0.00173795
584	-0.392817	-0.403515	0.00173507
585	-0.433579	-0.403567	0.00173287
586	-0.427985	-0.403608	0.00173041
587	-0.418495	-0.403634	0.00172765
588	-0.428314	-0.403676	0.00172522
589	-0.399347	-0.403668	0.00172231
590	-0.388348	-0.403642	0.00171958
591	-0.374611	-0.403593	0.00171738
592	-0.390364	-0.403571	0.00171462
593	-0.424736	-0.403606	0.0017121
594	-0.380737	-0.403568	0.00170965
595	-0.392713	-0.40355	0.00170688
596	-0.423236	-0.403583	0.00170433
597	-0.451606	-0.403663	0.00170337
598	-0.407606	-0.40367	0.00170054
599	-0.406377	-0.403674	0.0016977
600	-0.370887	-0.40362	0.00169575
601	-0.374113	-0.403571	0.00169364
602	-0.40071	-0.403566	0.00169084
603	-0.362205	-0.403497	0.00168942
604	-0.314379	-0.40335	0.00169306
605	-0.399122	-0.403343	0.00169027
606	-0.407889	-0.40335	0.0016875
607	-0.391301	-0.40333	0.00168484
608	-0.403645	-0.403331	0.00168207
609	-0.371481	-0.403279	0.00168012
610	-0.373462	-0.40323	0.00167807
611	-0.381506	-0.403194	0.0016757
612	-0.393818	-0.403179	0.00167304
613	-0.350769	-0.403093	0.00167249
614	-0.367421	-0.403035	0.00167077
615	-0.358586	-0.402963	0.00166962
616	-0.419958	-0.40299	0.00166714
617	-0.3928	-0.402974	0.00166452
618	-0.396832	-0.402964	0.00166185
619	-0.419396	-0.402991	0.00165938
620	-0.404753	-0.402993	0.00165671
621	-0.431552	-0.403039	0.00165468
622	-0.434222	-0.40309	0.00165278
623	-0.418554	-0.403114	0.00165031
624	-0.429614	-0.403157	0.00164821
625	-0.360532	-0.403089	0.00164698
626	-0.351333	-0.403006	0.00164643
627	-0.351248	-0.402923	0.00164587
628	-0.375185	-0.402879	0.00164384
629	-0.374204	-0.402834	0.00164186
630	-0.394553	-0.402821	0.00163931
631	-0.339466	-0.40272	0.00163978
632	-0.381785	-0.402687	0.00163752
633	-0.422711	-0.402719	0.00163524
634	-0.378077	-0.40268	0.00163312
635	-0.393265	-0.402665	0.00163062
636	-0.368389	-0.402611	0.00162894
637	-0.3849	-0.402583	0.00162662
638	-0.465174	-0.402681	0.00162703
639	-0.458849	-0.402769	0.00162686
640	-0.437492	-0.402823	0.00162522
641	-0.440491	-0.402882	0.00162375
642	-0.407969	-0.40289	0.00162124
643	-0.474137	-0.403001	0.0016225
644	-0.508437	-0.403165	0.00162822
645	-0.503902	-0.403321	0.00163317
646	-0.437602	-0.403374	0.0016315
647	-0.432313	-0.403419	0.00162959
648	-0.447058	-0.403486	0.00162847
649	-0.486061	-0.403613	0.00163092
650	-0.553037	-0.403843	0.00164453
651	-0.502293	-0.403994	0.00164895
652	-0.467128	-0.404091	0.00164926
653	-0.464716	-0.404184	0.00164934
654	-0.434955	-0.404231	0.00164749
655	-0.418834	-0.404253	0.00164513
656	-0.429609	-0.404292	0.00164307
657	-0.446194	-0.404356	0.00164181
658	-0.452337	-0.404429	0.00164093
659	-0.444585	-0.40449	0.00163957
660	-0.435226	-0.404536	0.00163775
661	-0.424816	-0.404567	0.00163556
662	-0.433574	-0.404611	0.00163368
663	-0.394303	-0.404595	0.00163129
664	-0.403104	-0.404593	0.00162883
665	-0.436893	-0.404642	0.00162711
666	-0.427358	-0.404676	0.00162502
667	-0.409526	-0.404683	0.0016226
668	-0.38263	-0.40465	0.00162051
669	-0.416401	-0.404667	0.00161818
670	-0.402772	-0.404665	0.00161577
671	-0.387414	-0.404639	0.00161356
672	-0.364228	-0.404579	0.00161228
673	-0.367326	-0.404523	0.00161084
674	-0.421431	-0.404548	0.00160864
675	-0.368248	-0.404495	0.00160716
676	-0.408773	-0.404501	0.00160479
677	-0.371937	-0.404453	0.00160314
678	-0.4112	-0.404463	0.00160081
679	-0.367204	-0.404408	0.00159939
680	-0.435328	-0.404454	0.00159769
681	-0.456881	-0.40453	0.00159719
682	-0.451486	-0.404599	0.00159634
683	-0.449513	-0.404665	0.00159535
684	-0.414846	-0.40468	0.00159309
685	-0.435508	-0.404725	0.0015914
686	-0.442917	-0.404781	0.00159005
687	-0.384244	-0.404751	0.00158802
688	-0.365982	-0.404694	0.00158671
689	-0.407039	-0.404698	0.00158441
690	-0.404732	-0.404698	0.00158211
691	-0.431687	-0.404737	0.00158031
692	-0.38397	-0.404707	0.00157831
693	-0.392606	-0.404689	0.00157613
694	-0.402969	-0.404687	0.00157386
695	-0.384758	-0.404658	0.00157186
696	-0.406553	-0.404661	0.0015696
697	-0.424126	-0.404689	0.0015676
698	-0.396207	-0.404677	0.0015654
699	-0.377389	-0.404638	0.00156364
700	-0.405229	-0.404639	0.00156141
701	-0.400628	-0.404633	0.00155919
702	-0.405835	-0.404635	0.00155697
703	-0.407898	-0.404639	0.00155477
704	-0.427878	-0.404672	0.00155291
705	-0.407688	-0.404677	0.00155071
706	-0.345209	-0.404592	0.0015508
707	-0.395896	-0.40458	0.00154866
708	-0.425016	-0.404609	0.00154674
709	-0.368745	-0.404558	0.00154538
710	-0.395373	-0.404545	0.00154326
711	-0.43692	-0.404591	0.00154176
712	-0.421911	-0.404615	0.00153979
713	-0.445932	-0.404673	0.00153872
714	-0.454484	-0.404743	0.00153814
715	-0.416823	-0.40476	0.00153609
716	-0.410528	-0.404768	0.00153396
717	-0.381253	-0.404735	0.00153217
718	-0.417277	-0.404753	0.00153014
719	-0.424205	-0.40478	0.00152825
720	-0.360233	-0.404718	0.00152738
721	-0.36174	-0.404658	0.00152642
722	-0.372471	-0.404614	0.00152496
723	-0.350708	-0.404539	0.00152467
724	-0.378104	-0.404502	0.001523
725	-0.435274	-0.404545	0.00152149
726	-0.379306	-0.40451	0.00151979
727	-0.395216	-0.404497	0.00151776
728	-0.399643	-0.404491	0.00151569
729	-0.390325	-0.404471	0.00151373
730	-0.403948	-0.404471	0.00151166
731	-0.407724	-0.404475	0.0015096
732	-0.413745	-0.404488	0.00150759
733	-0.414967	-0.404502	0.0015056
734	-0.465531	-0.404585	0.00150584
735	-0.375944	-0.404546	0.0015043
736	-0.360526	-0.404486	0.00150344
737	-0.396502	-0.404475	0.00150144
738	-0.374685	-0.404435	0.00149995
739	-0.413681	-0.404448	0.00149797
740	-0.420471	-0.404469	0.0014961
741	-0.392548	-0.404453	0.00149417
742	-0.396309	-0.404442	0.0014922
743	-0.387486	-0.404419	0.00149037
744	-0.415227	-0.404434	0.00148843
745	-0.405372	-0.404435	0.00148644
746	-0.391961	-0.404418	0.00148454
747	-0.353198	-0.40435	0.00148413
748	-0.328573	-0.404249	0.0014856
749	-0.38131	-0.404218	0.00148393
750	-0.404586	-0.404218	0.00148196
751	-0.411169	-0.404228	0.00148001
752	-0.410825	-0.404236	0.00147807
753	-0.422922	-0.404261	0.00147631
754	-0.398685	-0.404254	0.00147437
755	-0.380557	-0.404223	0.00147276
756	-0.421609	-0.404245	0.00147099
757	-0.372192	-0.404203	0.00146965
758	-0.349041	-0.40413	0.00146952
759	-0.352414	-0.404062	0.00146916
760	-0.41853	-0.404081	0.00146735
761	-0.429833	-0.404115	0.00146581
762	-0.425601	-0.404143	0.00146416
763	-0.411518	-0.404153	0.00146227
764	-0.372882	-0.404112	0.00146093
765	-0.356545	-0.40405	0.00146034
766	-0.393569	-0.404036	0.0014585
767	-0.388487	-0.404016	0.00145674
768	-0.383215	-0.403989	0.00145509
769	-0.352114	-0.403921	0.00145476
770	-0.32634	-0.403821	0.00145636
771	-0.349379	-0.40375	0.00145618
772	-0.356122	-0.403688	0.0014556
773	-0.34261	-0.403609	0.00145586
774	-0.343793	-0.403532	0.00145603
775	-0.372377	-0.403492	0.00145471
776	-0.375135	-0.403455	0.00145329
777	-0.394462	-0.403444	0.00145147
778	-0.367728	-0.403398	0.00145033
779	-0.397271	-0.40339	0.00144849
780	-0.374168	-0.403352	0.00144711
781	-0.351104	-0.403286	0.00144681
782	-0.346215	-0.403213	0.0014468
783	-0.316571	-0.403102	0.00144917
784	-0.310081	-0.402983	0.00145217
785	-0.31615	-0.402873	0.00145453
786	-0.3827	-0.402847	0.00145291
787	-0.414616	-0.402862	0.00145114
788	-0.445973	-0.402917	0.00145033
789	-0.471975	-0.403004	0.00145113
790	-0.420869	-0.403027	0.00144947
791	-0.421219	-0.40305	0.00144782
792	-0.383913	-0.403026	0.00144619
793	-0.406583	-0.40303	0.00144437
794	-0.39128	-0.403015	0.00144263
795	-0.40717	-0.403021	0.00144083
796	-0.353455	-0.402958	0.00144036
797	-0.352503	-0.402895	0.00143994
798	-0.338516	-0.402814	0.0014404
799	-0.367054	-0.40277	0.00143929
800	-0.409939	-0.402779	0.00143752
801	-0.373226	-0.402742	0.0014362
802	-0.400687	-0.402739	0.00143441
803	-0.404104	-0.402741	0.00143262
804	-0.388476	-0.402723	0.00143095
805	-0.443862	-0.402774	0.00143009
806	-0.453072	-0.402837	0.00142967
807	-0.452613	-0.402898	0.00142923
808	-0.470372	-0.402982	0.0014299
809	-0.448121	-0.403038	0.00142922
810	-0.451434	-0.403097	0.0014287
811	-0.415783	-0.403113	0.00142703
812	-0.399439	-0.403108	0.00142528
813	-0.380818	-0.403081	0.00142379
814	-0.383703	-0.403057	0.00142224
815	-0.410581	-0.403066	0.00142052
816	-0.389673	-0.40305	0.00141888
817	-0.395313	-0.40304	0.00141717
818	-0.394678	-0.40303	0.00141548
819	-0.417641	-0.403048	0.00141386
820	-0.411413	-0.403058	0.00141217
821	-0.408679	-0.403065	0.00141047
822	-0.375336	-0.403031	0.00140916
823	-0.34625	-0.402962	0.00140913
824	-0.386372	-0.402942	0.00140757
825	-0.439667	-0.402987	0.00140656
826	-0.413222	-0.402999	0.00140492
827	-0.456942	-0.403064	0.00140473
828	-0.427654	-0.403094	0.00140335
829	-0.381405	-0.403068	0.0014019
830	-0.419665	-0.403088	0.00140035
831	-0.42389	-0.403113	0.00139889
832	-0.441545	-0.403159	0.00139797
833	-0.456286	-0.403223	0.00139775
834	-0.398488	-0.403217	0.00139608
835	-0.379508	-0.403189	0.0013947
836	-0.367564	-0.403146	0.00139368
837	-0.406666	-0.40315	0.00139202
838	-0.418564	-0.403169	0.00139048
839	-0.419504	-0.403188	0.00138896
840	-0.408843	-0.403195	0.00138733
841	-0.403234	-0.403195	0.00138568
842	-0.462018	-0.403265	0.00138579
843	-0.465567	-0.403339	0.00138612
844	-0.5292	-0.403488	0.00139247
845	-0.426416	-0.403515	0.00139109
846	-0.465406	-0.403588	0.00139137
847	-0.461729	-0.403657	0.00139142
848	-0.483365	-0.403751	0.00139295
849	-0.477052	-0.403837	0.00139398
850	-0.449788	-0.403891	0.00139339
851	-0.449273	-0.403945	0.00139277
852	-0.40703	-0.403948	0.00139114
853	-0.436538	-0.403987	0.00139003
854	-0.485546	-0.404082	0.00139168
855	-0.467028	-0.404156	0.001392
856	-0.4208	-0.404175	0.00139051
857	-0.388914	-0.404157	0.001389
858	-0.403568	-0.404157	0.00138738
859	-0.382002	-0.404131	0.00138601
860	-0.415212	-0.404144	0.00138446
861	-0.472722	-0.404223	0.00138514
862	-0.413741	-0.404234	0.00138358
863	-0.440293	-0.404276	0.0013826
864	-0.42096	-0.404295	0.00138114
865	-0.41178	-0.404304	0.00137957
866	-0.511071	-0.404427	0.00138347
867	-0.496591	-0.404534	0.00138595
868	-0.497703	-0.404641	0.00138851
869	-0.44557	-0.404688	0.00138771
870	-0.495953	-0.404793	0.00139007
871	-0.553671	-0.404964	0.00139895
872	-0.517839	-0.405093	0.00140332
873	-0.437832	-0.405131	0.00140221
874	-0.421847	-0.40515	0.00140074
875	-0.470921	-0.405225	0.00140115
876	-0.481398	-0.405312	0.00140225
877	-0.440373	-0.405352	0.00140122
878	-0.417093	-0.405366	0.00139969
879	-0.401306	-0.405361	0.0013981
880	-0.41628	-0.405373	0.00139657
881	-0.39448	-0.405361	0.00139504
882	-0.450803	-0.405412	0.00139441
883	-0.426925	-0.405437	0.00139304
884	-0.398973	-0.40543	0.00139149
885	-0.378739	-0.405399	0.00139024
886	-0.387403	-0.405379	0.00138882
887	-0.424891	-0.405401	0.00138743
888	-0.433455	-0.405433	0.00138622
889	-0.403344	-0.40543	0.00138467
890	-0.400088	-0.405424	0.00138312
891	-0.410882	-0.40543	0.00138159
892	-0.448486	-0.405479	0.00138088
893	-0.410389	-0.405484	0.00137934
894	-0.412942	-0.405493	0.00137783
895	-0.448169	-0.40554	0.00137711
896	-0.464915	-0.405606	0.00137717
897	-0.383588	-0.405582	0.00137585
898	-0.363022	-0.405535	0.00137514
899	-0.445801	-0.405579	0.00137434
900	-0.420025	-0.405595	0.0013729
901	-0.42122	-0.405613	0.00137149
902	-0.433439	-0.405644	0.00137031
903	-0.46138	-0.405705	0.00137019
904	-0.451887	-0.405756	0.00136962
905	-0.472171	-0.40583	0.00137007
906	-0.393786	-0.405816	0.00136863
907	-0.442645	-0.405857	0.00136772
908	-0.449836	-0.405905	0.00136707
909	-0.413014	-0.405913	0.00136559
910	-0.396594	-0.405903	0.00136413
911	-0.373901	-0.405868	0.00136308
912	-0.333256	-0.405788	0.00136391
913	-0.35585	-0.405734	0.00136351
914	-0.385788	-0.405712	0.0013622
915	-0.354087	-0.405655	0.00136187
916	-0.410195	-0.40566	0.0013604
917	-0.464377	-0.405724	0.00136042
918	-0.371717	-0.405687	0.00135944
919	-0.377358	-0.405656	0.00135831
920	-0.363117	-0.40561	0.00135762
921	-0.364337	-0.405565	0.00135689
922	-0.373014	-0.40553	0.00135588
923	-0.342728	-0.405462	0.00135611
924	-0.378183	-0.405433	0.00135497
925	-0.429962	-0.405459	0.00135376
926	-0.424371	-0.40548	0.00135245
927	-0.40126	-0.405475	0.001351
928	-0.37626	-0.405443	0.00134991
929	-0.327229	-0.405359	0.00135108
930	-0.323353	-0.405271	0.0013525
931	-0.363895	-0.405227	0.00135178
932	-0.377443	-0.405197	0.00135066
933	-0.397727	-0.405189	0.00134924
934	-0.431703	-0.405217	0.00134809
935	-0.429901	-0.405244	0.00134691
936	-0.413176	-0.405252	0.00134549
937	-0.36515	-0.405209	0.00134474
938	-0.335169	-0.405135	0.00134538
939	-0.361041	-0.405088	0.00134476
940	-0.395243	-0.405077	0.00134337
941	-0.420463	-0.405094	0.00134204
942	-0.452725	-0.405144	0.00134157
943	-0.368292	-0.405105	0.00134072
944	-0.331831	-0.405027	0.00134154
945	-0.320578	-0.404938	0.0013431
946	-0.352094	-0.404882	0.00134284
947	-0.338479	-0.404812	0.00134325
948	-0.37122	-0.404777	0.0013423
949	-0.324541	-0.404692	0.00134355
950	-0.318265	-0.404601	0.00134521
951	-0.384701	-0.40458	0.00134396
952	-0.37012	-0.404544	0.00134303
953	-0.377879	-0.404516	0.00134191
954	-0.414766	-0.404527	0.00134055
955	-0.416885	-0.40454	0.00133921
956	-0.395034	-0.40453	0.00133785
957	-0.353523	-0.404476	0.00133751
958	-0.354743	-0.404425	0.00133712
959	-0.393363	-0.404413	0.00133578
960	-0.416219	-0.404425	0.00133444
961	-0.366117	-0.404385	0.00133365
962	-0.334696	-0.404313	0.00133423
963	-0.345557	-0.404252	0.00133424
964	-0.391401	-0.404239	0.00133292
965	-0.385119	-0.404219	0.00133168
966	-0.39354	-0.404208	0.00133035
967	-0.390586	-0.404194	0.00132905
968	-0.387732	-0.404177	0.00132779
969	-0.449562	-0.404224	0.00132724
970	-0.49664	-0.404319	0.00132929
971	-0.468608	-0.404385	0.00132957
972	-0.420329	-0.404401	0.0013283
973	-0.402805	-0.4044	0.00132694
974	-0.370092	-0.404365	0.00132604
975	-0.361325	-0.40432	0.00132542
976	-0.403781	-0.40432	0.00132406
977	-0.384079	-0.404299	0.00132287
978	-0.336454	-0.40423	0.00132333
979	-0.393695	-0.404219	0.00132202
980	-0.412754	-0.404228	0.0013207
981	-0.457628	-0.404282	0.00132048
982	-0.443356	-0.404322	0.00131973
983	-0.366231	-0.404283	0.00131896
984	-0.369409	-0.404248	0.00131809
985	-0.414165	-0.404258	0.00131679
986	-0.409153	-0.404263	0.00131547
987	-0.38952	-0.404248	0.00131422
988	-0.412033	-0.404256	0.00131291
989	-0.410933	-0.404262	0.0013116
990	-0.412516	-0.404271	0.0013103
991	-0.41632	-0.404283	0.00130904
992	-0.409664	-0.404288	0.00130773
993	-0.39461	-0.404279	0.00130645
994	-0.381464	-0.404256	0.00130534
995	-0.377315	-0.404229	0.00130431
996	-0.355644	-0.40418	0.00130391
997	-0.355026	-0.404131	0.00130353
998	-0.361577	-0.404088	0.00130292
999	-0.413421	-0.404097	0.00130165
1000	-0.400079	-0.404093	0.00130036
