BLOCK:	ACTUAL_KE:	KE_AVE:	ERROR:
1	1.83107	1.83107	0
2	1.85122	1.84115	0.00712462
3	1.85413	1.84547	0.00591975
4	1.84689	1.84583	0.00445033
5	1.81193	1.83905	0.0070311
6	1.80199	1.83287	0.00813151
7	1.80501	1.82889	0.00788404
8	1.79517	1.82468	0.00794553
9	1.81121	1.82318	0.00720219
10	1.81245	1.82211	0.00656147
11	1.82401	1.82228	0.00596725
12	1.84092	1.82383	0.00566861
13	1.79853	1.82189	0.0055567
14	1.82125	1.82184	0.00515997
15	1.83813	1.82293	0.00492894
16	1.81835	1.82264	0.00462918
17	1.81777	1.82235	0.00436573
18	1.86074	1.82449	0.00461472
19	1.93259	1.83018	0.0070554
20	1.87995	1.83266	0.00712798
21	1.92537	1.83708	0.0080402
22	1.95207	1.84231	0.00921837
23	1.88275	1.84406	0.00898372
24	1.84511	1.84411	0.0086095
25	1.82383	1.8433	0.00830323
26	1.80397	1.84178	0.00812045
27	1.87234	1.84292	0.00789818
28	1.89825	1.84489	0.00785941
29	1.89408	1.84659	0.00776924
30	1.87761	1.84762	0.00757879
31	1.82038	1.84674	0.0073851
32	1.84066	1.84655	0.00715676
33	1.83095	1.84608	0.00695549
34	1.87089	1.84681	0.00678908
35	1.92116	1.84893	0.00691946
36	1.90243	1.85042	0.00688494
37	1.94454	1.85296	0.00715339
38	1.93845	1.85521	0.00731033
39	1.9753	1.85829	0.00774428
40	1.9844	1.86145	0.00816719
41	1.99009	1.86458	0.00854952
42	1.91799	1.86586	0.00843998
43	1.87035	1.86596	0.00824435
44	1.90352	1.86681	0.00810105
45	1.92038	1.868	0.00800802
46	1.89335	1.86855	0.00785287
47	1.85428	1.86825	0.00769166
48	1.85559	1.86799	0.00753593
49	1.86578	1.86794	0.00738228
50	1.85224	1.86763	0.00724131
51	1.85778	1.86743	0.00710189
52	1.87596	1.8676	0.00696721
53	1.83937	1.86707	0.00685608
54	1.88018	1.86731	0.00673341
55	1.84701	1.86694	0.0066211
56	1.80756	1.86588	0.00658721
57	1.8147	1.86498	0.00653255
58	1.87668	1.86518	0.00642303
59	1.87821	1.8654	0.00631796
60	1.81617	1.86458	0.00626571
61	1.8753	1.86476	0.00616546
62	1.8858	1.8651	0.00607534
63	1.82514	1.86446	0.00601192
64	1.83604	1.86402	0.00593437
65	1.87764	1.86423	0.00584677
66	1.86884	1.8643	0.0057586
67	1.80858	1.86347	0.00573238
68	1.85726	1.86338	0.00564881
69	1.87901	1.8636	0.00557148
70	1.84122	1.86328	0.00550106
71	1.8329	1.86286	0.00544019
72	1.81115	1.86214	0.00541183
73	1.84229	1.86187	0.00534452
74	1.89101	1.86226	0.00528678
75	1.90943	1.86289	0.00525357
76	1.86767	1.86295	0.00518482
77	1.87213	1.86307	0.00511885
78	1.89641	1.8635	0.00507104
79	1.90394	1.86401	0.00503262
80	1.91434	1.86464	0.00500888
81	1.89347	1.865	0.00495967
82	1.87396	1.8651	0.00490039
83	1.83583	1.86475	0.00485403
84	1.82711	1.8643	0.00481689
85	1.85354	1.86418	0.00476188
86	1.85678	1.86409	0.00470729
87	1.87953	1.86427	0.00465653
88	1.85899	1.86421	0.004604
89	1.84744	1.86402	0.00455612
90	1.8248	1.86358	0.00452629
91	1.8533	1.86347	0.00447796
92	1.88372	1.86369	0.00443469
93	1.85758	1.86363	0.00438749
94	1.86123	1.8636	0.00434089
95	1.82659	1.86321	0.00431264
96	1.79536	1.8625	0.00432525
97	1.83334	1.8622	0.0042911
98	1.87754	1.86236	0.00425017
99	1.81859	1.86192	0.00423017
100	1.79948	1.86129	0.0042337
101	1.82165	1.8609	0.00420993
102	1.88628	1.86115	0.004176
103	1.86751	1.86121	0.00413591
104	1.85369	1.86114	0.00409678
105	1.85233	1.86105	0.00405862
106	1.87244	1.86116	0.00402175
107	1.88929	1.86142	0.00399275
108	1.87504	1.86155	0.00395777
109	1.85813	1.86152	0.00392158
110	1.84925	1.86141	0.00388752
111	1.89539	1.86171	0.00386453
112	1.90171	1.86207	0.00384649
113	1.93954	1.86276	0.00387307
114	1.8906	1.863	0.00384679
115	1.8821	1.86317	0.00381692
116	1.89497	1.86344	0.00379385
117	1.92064	1.86393	0.00379279
118	1.89168	1.86417	0.00376793
119	1.86084	1.86414	0.00373637
120	1.88949	1.86435	0.0037112
121	1.87565	1.86444	0.0036817
122	1.90765	1.8648	0.00366852
123	1.94273	1.86543	0.003693
124	1.8626	1.86541	0.00366329
125	1.80455	1.86492	0.00366619
126	1.81217	1.8645	0.00366092
127	1.85546	1.86443	0.00363279
128	1.86083	1.8644	0.00360451
129	1.81841	1.86405	0.00359416
130	1.85955	1.86401	0.00356668
131	1.87471	1.86409	0.00354039
132	1.86324	1.86409	0.00351357
133	1.8894	1.86428	0.00349231
134	1.87408	1.86435	0.00346701
135	1.86184	1.86433	0.00344138
136	1.85019	1.86423	0.00341765
137	1.88187	1.86436	0.00339513
138	1.8747	1.86443	0.00337135
139	1.83724	1.86424	0.00335277
140	1.81911	1.86391	0.00334428
141	1.80965	1.86353	0.00334263
142	1.86938	1.86357	0.00331934
143	1.87255	1.86363	0.00329673
144	1.82588	1.86337	0.00328424
145	1.818	1.86306	0.00327646
146	1.84964	1.86297	0.00325531
147	1.85593	1.86292	0.00323352
148	1.81561	1.8626	0.00322743
149	1.87914	1.86271	0.00320767
150	1.84257	1.86257	0.0031891
151	1.8334	1.86238	0.00317383
152	1.84642	1.86228	0.00315468
153	1.8221	1.86201	0.00314497
154	1.84539	1.86191	0.00312641
155	1.82919	1.86169	0.00311335
156	1.84154	1.86157	0.00309608
157	1.82849	1.86135	0.00308351
158	1.8726	1.86143	0.00306482
159	1.87911	1.86154	0.00304756
160	1.83367	1.86136	0.00303348
161	1.86649	1.86139	0.00301481
162	1.89386	1.8616	0.00300285
163	1.88579	1.86174	0.0029881
164	1.85789	1.86172	0.00296997
165	1.86322	1.86173	0.00295198
166	1.84497	1.86163	0.00293593
167	1.82741	1.86142	0.00292549
168	1.88029	1.86154	0.00291023
169	1.83072	1.86135	0.00289871
170	1.82067	1.86111	0.00289153
171	1.80377	1.86078	0.002894
172	1.79558	1.8604	0.00290189
173	1.80579	1.86008	0.00290224
174	1.85398	1.86005	0.00288577
175	1.82223	1.85983	0.00287736
176	1.81507	1.85958	0.00287223
177	1.80299	1.85926	0.00287374
178	1.81781	1.85903	0.00286701
179	1.85716	1.85902	0.00285101
180	1.86921	1.85907	0.00283574
181	1.8607	1.85908	0.00282008
182	1.87976	1.85919	0.00280688
183	1.8835	1.85933	0.00279468
184	1.93304	1.85973	0.00280806
185	1.93714	1.86015	0.00282388
186	1.92788	1.86051	0.00283209
187	1.9235	1.86085	0.0028369
188	1.90225	1.86107	0.00283035
189	1.93426	1.86146	0.00284174
190	1.94218	1.86188	0.00285837
191	1.91095	1.86214	0.00285492
192	1.86431	1.86215	0.00284008
193	1.8642	1.86216	0.00282538
194	1.86861	1.86219	0.00281101
195	1.8795	1.86228	0.002798
196	1.89644	1.86246	0.00278915
197	1.9097	1.86269	0.00278528
198	1.94644	1.86312	0.00280314
199	1.93826	1.8635	0.00281437
200	1.95889	1.86397	0.00284042
201	1.93926	1.86435	0.00285088
202	1.8629	1.86434	0.00283678
203	1.88362	1.86443	0.0028244
204	1.87804	1.8645	0.00281134
205	1.90978	1.86472	0.00280629
206	1.92228	1.865	0.00280654
207	1.91182	1.86523	0.00280208
208	1.92481	1.86551	0.00280321
209	1.92989	1.86582	0.00280666
210	1.90391	1.866	0.00279915
211	1.93905	1.86635	0.00280721
212	1.9074	1.86654	0.00280064
213	1.91208	1.86676	0.00279564
214	1.92911	1.86705	0.00279772
215	1.85236	1.86698	0.00278554
216	1.86406	1.86697	0.00277268
217	1.91367	1.86718	0.00276824
218	1.83586	1.86704	0.00275927
219	1.84356	1.86693	0.00274875
220	1.92256	1.86718	0.00274786
221	1.88008	1.86724	0.00273605
222	1.90841	1.86743	0.00273
223	1.88082	1.86749	0.00271842
224	1.85771	1.86744	0.00270663
225	1.87385	1.86747	0.00269475
226	1.92817	1.86774	0.00269618
227	1.95233	1.86811	0.00270993
228	1.90936	1.86829	0.00270408
229	1.89322	1.8684	0.00269446
230	1.84604	1.86831	0.0026845
231	1.85614	1.86825	0.00267339
232	1.87216	1.86827	0.00266192
233	1.91145	1.86846	0.00265694
234	1.86171	1.86843	0.00264574
235	1.90488	1.86858	0.00263903
236	1.88583	1.86866	0.00262886
237	1.85331	1.86859	0.00261856
238	1.87403	1.86861	0.00260766
239	1.89021	1.8687	0.00259831
240	1.91148	1.86888	0.00259359
241	1.90818	1.86904	0.00258795
242	1.8836	1.86911	0.00257796
243	1.85521	1.86905	0.00256798
244	1.8218	1.86885	0.00256475
245	1.83288	1.86871	0.00255848
246	1.83648	1.86858	0.00255143
247	1.85985	1.86854	0.00254134
248	1.86003	1.86851	0.00253133
249	1.87905	1.86855	0.00252152
250	1.86182	1.86852	0.00251157
251	1.86402	1.8685	0.00250163
252	1.95165	1.86883	0.00251337
253	1.90243	1.86897	0.00250694
254	1.86309	1.86894	0.00249718
255	1.84823	1.86886	0.00248871
256	1.86686	1.86885	0.002479
257	1.85051	1.86878	0.00247038
258	1.85316	1.86872	0.00246155
259	1.85378	1.86867	0.00245272
260	1.86886	1.86867	0.00244328
261	1.90938	1.86882	0.0024389
262	1.89847	1.86894	0.00243221
263	1.96209	1.86929	0.00244862
264	2.00871	1.86982	0.00249565
265	1.96851	1.87019	0.00251387
266	1.94321	1.87046	0.00251936
267	1.99659	1.87094	0.00255382
268	1.92411	1.87114	0.00255199
269	1.8561	1.87108	0.00254311
270	1.86739	1.87107	0.00253373
271	1.93674	1.87131	0.00253594
272	1.88411	1.87135	0.00252706
273	1.89054	1.87143	0.00251878
274	1.95809	1.87174	0.00252937
275	1.95803	1.87206	0.00253956
276	1.93938	1.8723	0.00254204
277	1.93507	1.87253	0.00254295
278	1.93757	1.87276	0.00254454
279	1.97551	1.87313	0.00256193
280	1.92311	1.87331	0.002559
281	1.99543	1.87374	0.00258653
282	1.98471	1.87413	0.00260712
283	1.91514	1.87428	0.00260193
284	1.88998	1.87433	0.00259336
285	1.84263	1.87422	0.00258664
286	1.85349	1.87415	0.00257862
287	1.86696	1.87413	0.00256975
288	1.87525	1.87413	0.00256083
289	1.87272	1.87413	0.00255198
290	1.8758	1.87413	0.00254318
291	1.89322	1.8742	0.00253529
292	1.84989	1.87411	0.00252797
293	1.82213	1.87394	0.00252556
294	1.92404	1.87411	0.00252272
295	1.82672	1.87395	0.00251927
296	1.85087	1.87387	0.00251197
297	1.85529	1.87381	0.00250429
298	1.91501	1.87394	0.0024997
299	1.90364	1.87404	0.00249331
300	1.87007	1.87403	0.00248504
301	1.87377	1.87403	0.00247678
302	1.88764	1.87407	0.00246899
303	1.94264	1.8743	0.00247119
304	1.91296	1.87443	0.00246633
305	1.87612	1.87443	0.00245825
306	1.88943	1.87448	0.0024507
307	1.84252	1.87438	0.00244493
308	1.88628	1.87442	0.0024373
309	1.86096	1.87437	0.0024298
310	1.89279	1.87443	0.00242269
311	1.82327	1.87427	0.00242048
312	1.83356	1.87414	0.00241623
313	1.82303	1.87397	0.00241402
314	1.83591	1.87385	0.00240938
315	1.81222	1.87366	0.00240966
316	1.79702	1.87341	0.00241421
317	1.79042	1.87315	0.00242075
318	1.80199	1.87293	0.00242346
319	1.8637	1.8729	0.00241604
320	1.891	1.87296	0.00240915
321	1.84733	1.87288	0.00240296
322	1.81832	1.87271	0.00240147
323	1.8318	1.87258	0.00239737
324	1.8299	1.87245	0.00239359
325	1.84447	1.87236	0.00238777
326	1.82877	1.87223	0.00238419
327	1.81081	1.87204	0.00238428
328	1.87146	1.87204	0.00237701
329	1.90194	1.87213	0.00237153
330	1.902	1.87222	0.00236607
331	1.91509	1.87235	0.00236246
332	1.90154	1.87244	0.00235698
333	1.88982	1.87249	0.00235048
334	1.87906	1.87251	0.00234352
335	1.90526	1.87261	0.00233857
336	1.90053	1.87269	0.00233308
337	1.89175	1.87275	0.00232684
338	1.88748	1.87279	0.00232037
339	1.89884	1.87287	0.0023148
340	1.89614	1.87294	0.002309
341	1.87815	1.87295	0.00230228
342	1.86979	1.87294	0.00229557
343	1.86416	1.87292	0.00228902
344	1.85773	1.87287	0.00228279
345	1.87731	1.87289	0.00227621
346	1.85121	1.87282	0.00227049
347	1.87457	1.87283	0.00226395
348	1.88809	1.87287	0.00225787
349	1.85372	1.87282	0.00225207
350	1.82364	1.87268	0.00225002
351	1.85061	1.87261	0.00224448
352	1.83433	1.8725	0.00224074
353	1.84714	1.87243	0.00223554
354	1.8216	1.87229	0.00223384
355	1.84679	1.87222	0.0022287
356	1.90981	1.87232	0.00222494
357	1.94211	1.87252	0.00222728
358	1.86011	1.87248	0.00222133
359	1.87743	1.8725	0.00221518
360	1.88999	1.87255	0.00220956
361	1.87483	1.87255	0.00220345
362	1.91102	1.87266	0.00219992
363	1.92092	1.87279	0.00219788
364	1.89613	1.87286	0.00219277
365	1.86546	1.87284	0.00218686
366	1.83753	1.87274	0.00218301
367	1.85262	1.87268	0.00217775
368	1.85217	1.87263	0.00217255
369	1.85556	1.87258	0.00216715
370	1.89537	1.87264	0.00216217
371	1.89004	1.87269	0.00215685
372	1.9343	1.87286	0.0021574
373	1.84452	1.87278	0.00215295
374	1.83182	1.87267	0.00214998
375	1.87044	1.87267	0.00214425
376	1.94554	1.87286	0.00214729
377	1.95157	1.87307	0.00215172
378	1.92772	1.87321	0.00215088
379	1.8482	1.87315	0.00214622
380	1.82452	1.87302	0.00214438
381	1.81514	1.87287	0.00214413
382	1.78609	1.87264	0.00215052
383	1.80402	1.87246	0.00215235
384	1.80079	1.87227	0.00215482
385	1.80727	1.8721	0.00215583
386	1.86911	1.8721	0.00215026
387	1.84596	1.87203	0.00214576
388	1.81641	1.87189	0.00214501
389	1.81508	1.87174	0.00214447
390	1.77852	1.8715	0.00215225
391	1.85628	1.87146	0.00214709
392	1.87369	1.87147	0.00214162
393	1.81404	1.87132	0.00214115
394	1.81861	1.87119	0.00213989
395	1.83878	1.87111	0.00213605
396	1.83034	1.871	0.00213313
397	1.80741	1.87084	0.00213377
398	1.82987	1.87074	0.00213089
399	1.83763	1.87066	0.00212716
400	1.83967	1.87058	0.00212325
401	1.87352	1.87059	0.00211797
402	1.80016	1.87041	0.00211994
403	1.80673	1.87025	0.00212056
404	1.84527	1.87019	0.00211621
405	1.83761	1.87011	0.00211251
406	1.82973	1.87001	0.00210965
407	1.81816	1.86988	0.00210831
408	1.82714	1.86978	0.00210574
409	1.84415	1.86972	0.00210153
410	1.90915	1.86981	0.0020986
411	1.88413	1.86985	0.00209378
412	1.82084	1.86973	0.00209208
413	1.82529	1.86962	0.00208978
414	1.85257	1.86958	0.00208514
415	1.83585	1.8695	0.00208169
416	1.84015	1.86943	0.00207789
417	1.83563	1.86935	0.00207448
418	1.82883	1.86925	0.00207178
419	1.82338	1.86914	0.00206973
420	1.80884	1.869	0.00206978
421	1.82625	1.8689	0.00206735
422	1.83422	1.86881	0.00206408
423	1.83504	1.86873	0.00206075
424	1.81802	1.86861	0.00205935
425	1.82539	1.86851	0.00205702
426	1.87563	1.86853	0.00205226
427	1.85567	1.8685	0.00204767
428	1.85799	1.86847	0.00204304
429	1.85322	1.86844	0.00203858
430	1.82099	1.86833	0.00203683
431	1.80722	1.86819	0.00203703
432	1.83268	1.8681	0.00203397
433	1.86879	1.86811	0.00202927
434	1.85282	1.86807	0.0020249
435	1.82301	1.86797	0.0020229
436	1.83264	1.86789	0.00201988
437	1.87048	1.86789	0.00201527
438	1.90082	1.86797	0.00201207
439	1.89351	1.86803	0.00200832
440	1.82996	1.86794	0.00200562
441	1.80597	1.8678	0.00200599
442	1.79736	1.86764	0.00200777
443	1.81841	1.86753	0.00200631
444	1.80794	1.86739	0.00200628
445	1.84538	1.86734	0.00200238
446	1.79359	1.86718	0.00200471
447	1.80047	1.86703	0.00200577
448	1.86115	1.86702	0.00200134
449	1.85968	1.867	0.00199694
450	1.84764	1.86696	0.00199297
451	1.90334	1.86704	0.00199018
452	1.87388	1.86705	0.00198584
453	1.85995	1.86704	0.00198152
454	1.90178	1.86711	0.00197863
455	1.90423	1.8672	0.00197596
456	1.8477	1.86715	0.00197209
457	1.85087	1.86712	0.0019681
458	1.88383	1.86715	0.00196414
459	1.87315	1.86717	0.0019599
460	1.84098	1.86711	0.00195647
461	1.81655	1.867	0.0019553
462	1.8553	1.86697	0.00195123
463	1.8299	1.86689	0.00194866
464	1.85314	1.86686	0.00194468
465	1.82493	1.86677	0.00194259
466	1.82581	1.86669	0.00194041
467	1.83779	1.86662	0.00193724
468	1.83076	1.86655	0.00193461
469	1.89943	1.86662	0.00193176
470	1.93129	1.86676	0.00193254
471	1.83762	1.86669	0.00192943
472	1.84284	1.86664	0.00192601
473	1.80823	1.86652	0.00192589
474	1.85905	1.8665	0.00192189
475	1.87726	1.86653	0.00191798
476	1.91186	1.86662	0.00191631
477	1.83287	1.86655	0.0019136
478	1.88673	1.86659	0.00191006
479	1.87377	1.86661	0.00190613
480	1.87365	1.86662	0.00190222
481	1.90664	1.86671	0.00190008
482	1.95676	1.86689	0.0019053
483	1.95249	1.86707	0.00190958
484	1.9594	1.86726	0.00191514
485	1.90562	1.86734	0.00191282
486	1.90563	1.86742	0.00191051
487	1.90317	1.86749	0.001908
488	1.90405	1.86757	0.00190556
489	1.8817	1.8676	0.00190188
490	1.85209	1.86756	0.00189826
491	1.88257	1.8676	0.00189464
492	1.86703	1.86759	0.00189079
493	1.85331	1.86757	0.00188718
494	1.84408	1.86752	0.00188396
495	1.90964	1.8676	0.00188207
496	1.93029	1.86773	0.00188251
497	1.89235	1.86778	0.00187938
498	1.92326	1.86789	0.0018789
499	1.90221	1.86796	0.0018764
500	1.87578	1.86797	0.00187271
501	1.83904	1.86792	0.00186986
502	1.81129	1.8678	0.00186954
503	1.78651	1.86764	0.00187279
504	1.80066	1.86751	0.00187379
505	1.82363	1.86742	0.00187209
506	1.86471	1.86742	0.0018684
507	1.82423	1.86733	0.00186665
508	1.85521	1.86731	0.00186313
509	1.84604	1.86727	0.00185994
510	1.8729	1.86728	0.00185632
511	1.90106	1.86734	0.00185387
512	1.91229	1.86743	0.00185233
513	1.90628	1.86751	0.00185026
514	1.89422	1.86756	0.00184739
515	1.90954	1.86764	0.0018456
516	1.88621	1.86768	0.00184238
517	1.88644	1.86771	0.00183917
518	1.87698	1.86773	0.00183571
519	1.84618	1.86769	0.00183264
520	1.85729	1.86767	0.00182922
521	1.85941	1.86765	0.00182578
522	1.90603	1.86773	0.00182376
523	1.89412	1.86778	0.00182098
524	1.83244	1.86771	0.00181875
525	1.87998	1.86773	0.00181543
526	1.85645	1.86771	0.00181211
527	1.87282	1.86772	0.0018087
528	1.88387	1.86775	0.00180553
529	1.86432	1.86775	0.00180213
530	1.83706	1.86769	0.00179966
531	1.86391	1.86768	0.00179628
532	1.84557	1.86764	0.00179339
533	1.86271	1.86763	0.00179005
534	1.87965	1.86765	0.00178684
535	1.93704	1.86778	0.0017882
536	1.86186	1.86777	0.00178489
537	1.83474	1.86771	0.00178263
538	1.80379	1.86759	0.00178327
539	1.80577	1.86748	0.00178365
540	1.77171	1.8673	0.00178914
541	1.80506	1.86718	0.00178953
542	1.86084	1.86717	0.00178626
543	1.82992	1.8671	0.00178429
544	1.83694	1.86705	0.00178187
545	1.84081	1.867	0.00177925
546	1.85189	1.86697	0.00177621
547	1.86367	1.86697	0.00177297
548	1.84076	1.86692	0.00177038
549	1.81943	1.86683	0.00176927
550	1.84462	1.86679	0.00176651
551	1.88448	1.86682	0.0017636
552	1.94242	1.86696	0.00176571
553	1.93815	1.86709	0.00176721
554	1.92292	1.86719	0.00176689
555	1.93913	1.86732	0.00176845
556	1.97342	1.86751	0.00177554
557	1.9157	1.8676	0.00177446
558	1.90402	1.86766	0.00177248
559	1.86573	1.86766	0.00176931
560	1.87856	1.86768	0.00176626
561	1.86898	1.86768	0.00176311
562	1.86561	1.86768	0.00175998
563	1.96957	1.86786	0.00176613
564	1.95978	1.86802	0.0017705
565	1.88584	1.86805	0.00176765
566	1.8233	1.86797	0.0017663
567	1.83714	1.86792	0.00176402
568	1.84407	1.86788	0.00176141
569	1.82241	1.8678	0.00176013
570	1.8138	1.8677	0.00175959
571	1.8262	1.86763	0.00175801
572	1.87582	1.86764	0.00175499
573	1.85516	1.86762	0.00175206
574	1.86482	1.86762	0.00174902
575	1.85315	1.86759	0.00174616
576	1.86964	1.8676	0.00174313
577	1.85155	1.86757	0.00174033
578	1.81196	1.86747	0.00173998
579	1.77231	1.86731	0.00174472
580	1.8134	1.86721	0.00174418
581	1.87528	1.86723	0.00174123
582	1.88377	1.86726	0.00173847
583	1.90908	1.86733	0.00173697
584	1.85664	1.86731	0.00173409
585	1.89737	1.86736	0.00173189
586	1.89187	1.8674	0.00172944
587	1.88228	1.86743	0.00172668
588	1.89219	1.86747	0.00172426
589	1.86315	1.86746	0.00172135
590	1.85206	1.86744	0.00171863
591	1.83829	1.86739	0.00171643
592	1.85401	1.86737	0.00171367
593	1.88852	1.8674	0.00171116
594	1.8446	1.86736	0.00170871
595	1.85639	1.86734	0.00170593
596	1.88702	1.86738	0.00170339
597	1.91528	1.86746	0.00170243
598	1.87143	1.86746	0.00169959
599	1.87017	1.86747	0.00169676
600	1.83469	1.86741	0.00169481
601	1.83792	1.86736	0.0016927
602	1.86455	1.86736	0.0016899
603	1.82616	1.86729	0.00168848
604	1.77831	1.86714	0.00169209
605	1.86287	1.86714	0.00168931
606	1.87185	1.86715	0.00168654
607	1.85512	1.86713	0.00168388
608	1.86758	1.86713	0.00168111
609	1.83532	1.86707	0.00167916
610	1.83723	1.86702	0.00167712
611	1.84528	1.86699	0.00167475
612	1.85769	1.86697	0.00167209
613	1.81457	1.86689	0.00167154
614	1.83128	1.86683	0.00166983
615	1.82253	1.86676	0.00166866
616	1.88376	1.86679	0.00166618
617	1.85665	1.86677	0.00166356
618	1.86045	1.86676	0.0016609
619	1.88309	1.86679	0.00165843
620	1.86844	1.86679	0.00165576
621	1.89536	1.86683	0.00165373
622	1.89803	1.86688	0.00165183
623	1.88242	1.86691	0.00164937
624	1.89356	1.86695	0.00164728
625	1.82457	1.86688	0.00164604
626	1.8152	1.8668	0.00164548
627	1.81521	1.86672	0.00164491
628	1.83909	1.86668	0.00164288
629	1.83805	1.86663	0.0016409
630	1.85846	1.86662	0.00163834
631	1.80338	1.86652	0.00163881
632	1.84551	1.86648	0.00163655
633	1.88653	1.86652	0.00163427
634	1.84196	1.86648	0.00163216
635	1.85715	1.86646	0.00162965
636	1.8322	1.86641	0.00162798
637	1.84862	1.86638	0.00162566
638	1.92881	1.86648	0.00162606
639	1.9227	1.86657	0.00162589
640	1.90117	1.86662	0.00162425
641	1.90426	1.86668	0.00162278
642	1.87173	1.86669	0.00162027
643	1.93769	1.8668	0.00162151
644	1.97214	1.86696	0.00162722
645	1.96767	1.86712	0.00163217
646	1.90143	1.86717	0.00163051
647	1.89604	1.86721	0.0016286
648	1.91076	1.86728	0.00162747
649	1.94975	1.86741	0.00162992
650	2.01666	1.86764	0.0016435
651	1.96609	1.86779	0.00164792
652	1.9309	1.86789	0.00164823
653	1.92857	1.86798	0.00164833
654	1.89881	1.86803	0.00164648
655	1.88273	1.86805	0.00164412
656	1.89352	1.86809	0.00164207
657	1.9102	1.86815	0.00164082
658	1.91617	1.86822	0.00163995
659	1.90844	1.86829	0.0016386
660	1.89906	1.86833	0.00163678
661	1.88863	1.86836	0.00163459
662	1.89743	1.86841	0.00163271
663	1.8581	1.86839	0.00163032
664	1.86679	1.86839	0.00162787
665	1.90067	1.86844	0.00162614
666	1.89107	1.86847	0.00162406
667	1.8733	1.86848	0.00162164
668	1.84637	1.86845	0.00161955
669	1.88031	1.86846	0.00161723
670	1.86667	1.86846	0.00161481
671	1.85132	1.86844	0.00161261
672	1.82805	1.86838	0.00161133
673	1.83109	1.86832	0.00160989
674	1.88511	1.86834	0.00160769
675	1.83202	1.86829	0.00160621
676	1.87257	1.8683	0.00160385
677	1.83572	1.86825	0.0016022
678	1.87506	1.86826	0.00159987
679	1.83105	1.8682	0.00159845
680	1.89906	1.86825	0.00159674
681	1.92072	1.86833	0.00159626
682	1.91535	1.8684	0.0015954
683	1.91337	1.86846	0.00159443
684	1.87855	1.86848	0.00159216
685	1.8993	1.86852	0.00159048
686	1.90672	1.86858	0.00158913
687	1.84809	1.86855	0.0015871
688	1.82971	1.86849	0.00158579
689	1.87089	1.86849	0.0015835
690	1.8686	1.86849	0.0015812
691	1.89554	1.86853	0.0015794
692	1.84794	1.8685	0.0015774
693	1.85642	1.86849	0.00157522
694	1.86688	1.86848	0.00157295
695	1.84852	1.86846	0.00157095
696	1.87025	1.86846	0.00156869
697	1.88788	1.86849	0.00156669
698	1.85999	1.86847	0.00156449
699	1.84116	1.86843	0.00156274
700	1.86901	1.86844	0.00156051
701	1.8644	1.86843	0.00155829
702	1.86965	1.86843	0.00155607
703	1.8717	1.86844	0.00155387
704	1.89181	1.86847	0.00155202
705	1.87165	1.86847	0.00154982
706	1.80913	1.86839	0.0015499
707	1.85973	1.86838	0.00154776
708	1.88893	1.86841	0.00154585
709	1.83272	1.86836	0.00154448
710	1.85908	1.86834	0.00154236
711	1.9006	1.86839	0.00154086
712	1.88562	1.86841	0.00153889
713	1.90957	1.86847	0.00153781
714	1.91815	1.86854	0.00153723
715	1.88051	1.86856	0.00153517
716	1.87432	1.86856	0.00153305
717	1.84485	1.86853	0.00153127
718	1.88083	1.86855	0.00152923
719	1.88792	1.86858	0.00152734
720	1.82388	1.86851	0.00152648
721	1.82547	1.86845	0.00152553
722	1.83614	1.86841	0.00152407
723	1.81442	1.86833	0.00152379
724	1.8417	1.8683	0.00152213
725	1.89903	1.86834	0.00152062
726	1.84303	1.86831	0.00151893
727	1.85891	1.86829	0.0015169
728	1.86329	1.86829	0.00151483
729	1.85403	1.86827	0.00151288
730	1.86766	1.86827	0.0015108
731	1.87137	1.86827	0.00150874
732	1.87757	1.86828	0.00150674
733	1.87868	1.8683	0.00150475
734	1.92943	1.86838	0.001505
735	1.83986	1.86834	0.00150345
736	1.82436	1.86828	0.0015026
737	1.8603	1.86827	0.0015006
738	1.83853	1.86823	0.0014991
739	1.87747	1.86824	0.00149713
740	1.88438	1.86826	0.00149526
741	1.85642	1.86825	0.00149333
742	1.86022	1.86824	0.00149136
743	1.85141	1.86821	0.00148952
744	1.87917	1.86823	0.00148759
745	1.86924	1.86823	0.0014856
746	1.85585	1.86821	0.0014837
747	1.81714	1.86815	0.00148329
748	1.79239	1.86804	0.00148476
749	1.84505	1.86801	0.00148309
750	1.86835	1.86801	0.00148111
751	1.87488	1.86802	0.00147917
752	1.87464	1.86803	0.00147723
753	1.88668	1.86806	0.00147548
754	1.86255	1.86805	0.00147354
755	1.84441	1.86802	0.00147192
756	1.88551	1.86804	0.00147015
757	1.83607	1.868	0.00146882
758	1.81292	1.86793	0.00146868
759	1.81612	1.86786	0.00146833
760	1.88223	1.86788	0.00146652
761	1.89374	1.86791	0.00146498
762	1.88934	1.86794	0.00146333
763	1.87539	1.86795	0.00146144
764	1.83672	1.86791	0.0014601
765	1.82027	1.86785	0.00145952
766	1.85738	1.86783	0.00145768
767	1.85232	1.86781	0.00145592
768	1.84702	1.86779	0.00145428
769	1.81602	1.86772	0.00145394
770	1.79013	1.86762	0.00145554
771	1.81326	1.86755	0.00145536
772	1.82003	1.86748	0.00145478
773	1.80649	1.86741	0.00145503
774	1.80763	1.86733	0.0014552
775	1.83618	1.86729	0.00145388
776	1.83884	1.86725	0.00145247
777	1.85817	1.86724	0.00145064
778	1.83153	1.86719	0.00144951
779	1.86095	1.86719	0.00144767
780	1.83805	1.86715	0.00144629
781	1.81497	1.86708	0.00144598
782	1.81018	1.86701	0.00144596
783	1.78053	1.8669	0.00144833
784	1.77398	1.86678	0.00145132
785	1.78002	1.86667	0.00145368
786	1.84655	1.86664	0.00145205
787	1.87842	1.86666	0.00145028
788	1.90968	1.86671	0.00144947
789	1.93583	1.8668	0.00145028
790	1.8846	1.86682	0.00144862
791	1.88501	1.86685	0.00144697
792	1.84777	1.86682	0.00144534
793	1.87041	1.86683	0.00144353
794	1.85529	1.86681	0.00144178
795	1.87109	1.86682	0.00143998
796	1.8174	1.86676	0.00143951
797	1.81626	1.86669	0.00143909
798	1.80229	1.86661	0.00143955
799	1.8307	1.86657	0.00143845
800	1.87356	1.86658	0.00143668
801	1.83691	1.86654	0.00143536
802	1.86432	1.86654	0.00143358
803	1.86788	1.86654	0.00143179
804	1.85228	1.86652	0.00143012
805	1.90773	1.86657	0.00142926
806	1.91697	1.86663	0.00142886
807	1.9164	1.8667	0.00142841
808	1.93429	1.86678	0.00142909
809	1.91195	1.86683	0.00142842
810	1.91533	1.86689	0.00142791
811	1.87957	1.86691	0.00142623
812	1.86331	1.86691	0.00142448
813	1.84462	1.86688	0.001423
814	1.84741	1.86685	0.00142145
815	1.87454	1.86686	0.00141974
816	1.85345	1.86685	0.00141809
817	1.85905	1.86684	0.00141639
818	1.85837	1.86683	0.00141469
819	1.8814	1.86685	0.00141308
820	1.87523	1.86686	0.00141139
821	1.87262	1.86686	0.00140969
822	1.83929	1.86683	0.00140837
823	1.81011	1.86676	0.00140835
824	1.85016	1.86674	0.00140678
825	1.9035	1.86678	0.00140578
826	1.8769	1.8668	0.00140413
827	1.92072	1.86686	0.00140395
828	1.89142	1.86689	0.00140257
829	1.84506	1.86687	0.00140112
830	1.88332	1.86689	0.00139958
831	1.88758	1.86691	0.00139811
832	1.90522	1.86696	0.00139719
833	1.92013	1.86702	0.00139697
834	1.86233	1.86701	0.00139531
835	1.84343	1.86699	0.00139392
836	1.83146	1.86694	0.0013929
837	1.87061	1.86695	0.00139124
838	1.88251	1.86697	0.00138971
839	1.88346	1.86699	0.00138819
840	1.87285	1.86699	0.00138656
841	1.86699	1.86699	0.00138491
842	1.92586	1.86706	0.00138503
843	1.92933	1.86714	0.00138535
844	1.99303	1.86729	0.00139172
845	1.89028	1.86731	0.00139034
846	1.92918	1.86739	0.00139061
847	1.92549	1.86746	0.00139066
848	1.9471	1.86755	0.00139219
849	1.94073	1.86764	0.00139322
850	1.91339	1.86769	0.00139262
851	1.91292	1.86774	0.00139199
852	1.87068	1.86775	0.00139037
853	1.90028	1.86778	0.00138926
854	1.9494	1.86788	0.00139091
855	1.931	1.86795	0.00139125
856	1.88469	1.86797	0.00138976
857	1.85281	1.86796	0.00138825
858	1.86735	1.86795	0.00138663
859	1.84586	1.86793	0.00138525
860	1.87888	1.86794	0.0013837
861	1.93645	1.86802	0.00138438
862	1.87748	1.86803	0.00138282
863	1.90405	1.86807	0.00138185
864	1.88472	1.86809	0.00138038
865	1.8755	1.8681	0.00137881
866	1.97479	1.86822	0.00138271
867	1.9604	1.86833	0.0013852
868	1.96138	1.86844	0.00138774
869	1.90927	1.86849	0.00138694
870	1.95946	1.86859	0.00138929
871	2.01723	1.86876	0.00139813
872	1.98157	1.86889	0.0014025
873	1.90148	1.86893	0.00140139
874	1.88551	1.86895	0.00139992
875	1.93456	1.86902	0.00140032
876	1.94528	1.86911	0.00140143
877	1.90416	1.86915	0.0014004
878	1.88097	1.86916	0.00139887
879	1.86512	1.86916	0.00139728
880	1.88015	1.86917	0.00139575
881	1.85825	1.86916	0.00139422
882	1.91453	1.86921	0.00139359
883	1.89069	1.86923	0.00139223
884	1.86271	1.86923	0.00139067
885	1.8425	1.8692	0.00138943
886	1.85114	1.86917	0.00138801
887	1.88862	1.8692	0.00138662
888	1.89728	1.86923	0.00138542
889	1.86718	1.86923	0.00138386
890	1.86393	1.86922	0.00138232
891	1.87463	1.86923	0.00138078
892	1.91231	1.86927	0.00138008
893	1.87423	1.86928	0.00137854
894	1.87667	1.86929	0.00137702
895	1.91192	1.86934	0.00137631
896	1.92863	1.8694	0.00137636
897	1.84738	1.86938	0.00137505
898	1.82668	1.86933	0.00137434
899	1.90946	1.86937	0.00137353
900	1.88378	1.86939	0.0013721
901	1.88486	1.86941	0.00137069
902	1.89711	1.86944	0.00136951
903	1.92505	1.8695	0.00136938
904	1.91549	1.86955	0.00136881
905	1.93579	1.86962	0.00136925
906	1.85746	1.86961	0.00136781
907	1.90621	1.86965	0.00136689
908	1.91359	1.8697	0.00136624
909	1.87675	1.86971	0.00136476
910	1.86039	1.8697	0.0013633
911	1.8378	1.86966	0.00136225
912	1.79722	1.86958	0.00136307
913	1.81971	1.86953	0.00136268
914	1.84979	1.86951	0.00136136
915	1.81797	1.86945	0.00136103
916	1.87389	1.86945	0.00135955
917	1.92825	1.86952	0.00135958
918	1.83565	1.86948	0.0013586
919	1.84112	1.86945	0.00135747
920	1.82701	1.86941	0.00135678
921	1.82822	1.86936	0.00135605
922	1.83695	1.86933	0.00135503
923	1.80662	1.86926	0.00135527
924	1.84201	1.86923	0.00135412
925	1.89388	1.86925	0.00135292
926	1.8883	1.86928	0.00135161
927	1.86517	1.86927	0.00135016
928	1.8403	1.86924	0.00134907
929	1.79124	1.86916	0.00135023
930	1.78728	1.86907	0.00135164
931	1.82776	1.86902	0.00135092
932	1.84124	1.86899	0.0013498
933	1.86149	1.86899	0.00134837
934	1.89547	1.86901	0.00134723
935	1.89364	1.86904	0.00134605
936	1.87704	1.86905	0.00134463
937	1.82897	1.86901	0.00134388
938	1.79889	1.86893	0.00134452
939	1.82485	1.86888	0.00134391
940	1.85895	1.86887	0.00134252
941	1.88426	1.86889	0.0013412
942	1.91657	1.86894	0.00134073
943	1.83228	1.8689	0.00133987
944	1.79572	1.86882	0.00134069
945	1.78449	1.86873	0.00134224
946	1.81584	1.86868	0.00134198
947	1.80223	1.86861	0.0013424
948	1.83494	1.86857	0.00134145
949	1.78835	1.86849	0.0013427
950	1.78199	1.8684	0.00134437
951	1.84846	1.86838	0.00134312
952	1.83396	1.86834	0.0013422
953	1.84174	1.86831	0.00134108
954	1.87859	1.86832	0.00133972
955	1.88077	1.86834	0.00133838
956	1.85886	1.86833	0.00133701
957	1.81731	1.86827	0.00133668
958	1.81851	1.86822	0.00133629
959	1.85716	1.86821	0.00133495
960	1.88004	1.86822	0.00133362
961	1.82992	1.86818	0.00133282
962	1.79838	1.86811	0.00133341
963	1.80937	1.86805	0.00133342
964	1.85513	1.86804	0.00133211
965	1.84894	1.86802	0.00133087
966	1.85735	1.868	0.00132954
967	1.8543	1.86799	0.00132824
968	1.85141	1.86797	0.00132698
969	1.91306	1.86802	0.00132642
970	1.96028	1.86811	0.00132846
971	1.93243	1.86818	0.00132874
972	1.88404	1.8682	0.00132748
973	1.8665	1.8682	0.00132611
974	1.83384	1.86816	0.00132522
975	1.82508	1.86812	0.0013246
976	1.86759	1.86812	0.00132324
977	1.84806	1.86809	0.00132205
978	1.80036	1.86803	0.00132251
979	1.85762	1.86802	0.0013212
980	1.87671	1.86802	0.00131988
981	1.92153	1.86808	0.00131966
982	1.90722	1.86812	0.00131892
983	1.82998	1.86808	0.00131815
984	1.83302	1.86804	0.00131729
985	1.87777	1.86805	0.00131599
986	1.87279	1.86806	0.00131467
987	1.8532	1.86804	0.00131342
988	1.87582	1.86805	0.00131211
989	1.87484	1.86806	0.00131081
990	1.87642	1.86807	0.00130951
991	1.8803	1.86808	0.00130825
992	1.87354	1.86808	0.00130694
993	1.85856	1.86807	0.00130566
994	1.8453	1.86805	0.00130454
995	1.84119	1.86803	0.00130351
996	1.81943	1.86798	0.00130312
997	1.81879	1.86793	0.00130274
998	1.82545	1.86788	0.00130213
999	1.87714	1.86789	0.00130086
1000	1.86394	1.86789	0.00129957
