         0.60664        0.717276         1.09588
        0.104076       -0.861704         1.68078
         1.05213        -1.00674        -1.32779
       -0.106974       -0.119679        -1.79427
       -0.656747       -0.619436       -0.629479
        0.778846       -0.840048        -1.34937
        -0.86149       -0.560832        0.258982
         0.41748         2.43395       -0.272964
         2.20133       -0.451617        0.592783
        0.392699         1.14376         1.19614
       -0.225442       -0.787521      -0.0838364
        -1.41995        -1.46795        -1.17739
        -1.38917      -0.0601799         1.11059
         1.35122       -0.556543       -0.633471
        0.360561         1.89703      0.00259323
      -0.0244361         -1.3767        0.290231
         0.15601         1.67013         1.16346
         1.61695         -1.4746         1.42967
         1.16043        0.165108        0.654217
        0.395837        0.903981         1.02919
        0.265153       -0.537812        -1.52344
         1.83621        0.211533       -0.767701
        -1.45834       -0.310284       -0.885185
         2.13617        -0.78074         1.07744
        -1.33316       -0.250322        0.449339
       -0.771253       -0.166894        -0.32709
         1.11488        -1.68678        0.889238
        -1.30558        0.585642        0.880097
        0.774393        0.297146        -1.64722
        -1.70665       -0.101775        0.957803
        -1.02863         1.27489       -0.733764
        0.721943       -0.471186        0.349056
         1.72631       -0.104606        0.134486
        -1.78816        -1.06371        0.834693
        -1.11803        0.585944        -1.19888
        0.894215       -0.421046        0.625951
        0.642371        -1.14566        0.627253
       -0.193391        -2.07238        0.525459
         1.51955        0.540591         1.78754
       -0.296726         1.41416        0.133949
       -0.707782        0.376526       0.0539676
        0.155313        0.794691       -0.469068
        -1.15099          2.1671       -0.252939
         2.38257       -0.293005        0.965427
       -0.734179          2.2731         0.40883
         2.06698         1.15076        0.369674
        0.150656        0.819208         1.33977
       -0.751298        0.464947        0.591329
        -2.19729         1.94609       -0.433614
       -0.461608      -0.0609737       -0.862695
       -0.542532         1.01568         -2.2345
        0.558907         1.03495        -1.84628
        0.689984        -3.53211        -2.95473
        0.197551         1.22225        -1.30674
        0.786595       -0.203114         0.66051
       -0.107089       -0.211918         1.35986
        -1.21784       0.0523057        -1.95917
        0.150153      0.00153235        0.805356
       0.0697557        -1.18069         0.30159
       -0.446657        0.280199       -0.221491
       -0.918833       -0.929273       -0.754002
         2.24658         -1.3083       -0.376772
       -0.252015         1.62702         2.12852
        0.881278        -1.32699       -0.677234
       -0.385955       -0.844502          1.4995
       -0.943985        -1.14951        0.333687
       -0.472135       -0.784699        -2.09229
        -1.59924       -0.524824        -2.05249
        -1.79718      -0.0226517       -0.155633
       -0.437547        0.396633      -0.0772998
        0.314846        0.217088         1.36707
        0.227568         2.00314       -0.307501
       -0.296101        0.191626        0.196086
       -0.404016        0.511346         1.32451
      -0.0741302         2.10607        -1.05163
       -0.704875        0.224417        -1.48024
         1.55837       -0.844541         0.41598
        -1.31407        0.910293         1.19475
         1.21901         1.77071        -1.88775
        0.718906        0.529185       -0.922785
        -1.70308       -0.516351       -0.784575
        0.299459       -0.465453       -0.466864
         1.99561       0.0217206     -0.00825853
       -0.155115        -1.43757       -0.101542
      -0.0322784       -0.338844        0.712438
       -0.307143        0.698461        0.741636
        0.846475        0.271403      -0.0313182
       -0.668569        0.233839        -1.26035
        -1.97131         1.41144        0.367042
        0.160388        -1.88266        0.766104
         -2.7762        -0.39252         2.73438
        -1.83144       -0.502115        -1.61378
        0.743944       -0.246419       -0.514947
       -0.231903          1.8249       -0.819868
         1.94911       -0.564209      -0.0366528
         1.37197        0.158462          1.2461
       -0.611469       0.0826159       -0.246081
        0.209959        0.200004       -0.277375
          -1.578        0.574613         1.53337
        0.995945       -0.628204        -1.58437
       0.0652984        -1.17212         1.12509
        0.503551       -0.838461       -0.824135
        0.284864         1.25639         2.90181
        0.357718        -1.87545        0.662839
          1.7273       -0.876898       0.0620958
        0.194328        0.156398         1.30324
        -1.22443        -1.35017       -0.894404
         -1.6139        0.783047        -1.05615
