         1.32722         1.66432        -1.07957
       -0.724553         2.29658       -0.401153
     8.28178e-05        -3.27781         2.36628
        0.782763         1.77954       -0.371938
        0.122229         1.57472        0.492701
         0.12799       -0.581085         1.06802
        0.389542         1.39334        0.432767
        -1.18617        0.393639        0.082106
        0.728443        -1.12413        -1.63667
       -0.292609        0.529706         1.59738
       -0.705674         1.96811         2.58609
         1.35125        0.615826       -0.222793
         1.55432         1.00424       -0.947938
        -1.11937      -0.0391306        0.533602
         1.72562         -2.0702         1.48258
         -1.9044         1.46534        -1.41545
        0.637976        0.487428        -1.01913
        -2.13843        -1.25067        -1.15421
         3.03653       -0.216689        0.232926
        0.335833        0.457315        0.708606
        0.825958         0.75956       -0.371661
       -0.619656        -1.69593         1.08795
        0.899304        0.341584       -0.607197
       -0.283419       0.0628155        0.613776
       -0.817729       -0.263964        0.531306
        -2.01992         1.23878       -0.443523
         1.55146        0.863271        -1.45285
          1.5196       -0.632546         1.52576
       -0.965233        0.260529        0.691554
         0.48826        -2.91938       -0.767324
        -1.96118       -0.953242        -1.21489
        0.273117         1.45323       -0.296537
        0.482606       -0.573415         1.03292
       -0.507112       0.0189462        0.608332
        -1.06156       -0.182673       -0.137295
        -1.76085          1.7462       -0.975604
        -1.91724        0.457114       -0.134712
        -0.19462        0.190017         1.20736
         1.78277        -1.65265         1.38178
         0.13609          1.2859       -0.342773
        -1.28819        0.819023        0.110129
        -1.81331         1.74532        -1.86566
        0.269749       0.0833641        -1.64082
         1.57783        -1.17911        -1.57764
        0.542954        0.659368        -3.12617
         2.81643        -1.25064       -0.842601
        0.158022         2.05869         1.90059
     0.000486052        -2.54592       -0.236378
        0.584657        0.813257        0.598214
        0.377011       -0.963693       -0.296323
         0.59612        0.682902        0.399828
        -2.33634        -1.91037        -0.60211
       -0.775898       -0.501907        0.620006
        -2.44484         1.36101        0.706679
       -0.945139       -0.353231        0.553965
        0.475398         1.05134         1.26281
         2.20517         1.66583        0.635415
         -0.6126         1.13316       0.0249697
        -1.78089       -0.732253       -0.879961
        0.431631        -1.42075         1.35976
         1.23762         1.07977        0.581048
        0.460518        0.765688      -0.0786319
          0.8516       -0.471982        0.455213
        0.942356        0.896089       -0.252523
        0.974022          1.6413         1.94803
        0.423269        0.632959         -1.6179
       -0.660945        0.921093        0.577679
         1.14273       0.0050803        -1.57732
       -0.886829       -0.415556       -0.157844
       -0.837153        -2.05773       -0.421449
        -1.39755         0.58954       -0.279403
        -1.59755         -1.6951         2.87196
     -0.00772233         1.61763       -0.116741
       -0.144093        0.361485        0.188944
        -3.35642        -1.89114         1.14312
       -0.685772        -1.18099          -1.942
         1.92395       -0.129208      -0.0139161
       -0.701065          -1.088       -0.349111
         1.44999        0.999228        -2.17424
        0.339012       -0.199279         1.25201
       -0.161412       -0.804822         -1.6578
       -0.537762       -0.322908       -0.880375
        0.134988       -0.644175        0.118766
         1.43472        0.501332        0.777481
         0.27488        0.351208        -1.44945
       -0.959364         2.34409       -0.301208
        -1.72504       -0.736416       -0.467031
         1.84852        -1.78193         1.15738
        0.728981        -1.29493         -1.3428
         1.13997          1.9948       -0.430677
       -0.737564      -0.0869173        0.584164
       -0.294329        -1.26757       -0.481821
        -1.71933        -2.21974        -0.95848
         2.50811       -0.394105        -2.01392
        -1.16111       -0.611933          1.9466
       -0.453288         0.95561         1.07561
       -0.204756        0.566944        0.514931
       -0.100818         -2.1108        0.340166
         1.28312        -1.74411      -0.0453848
       -0.919807       0.0265407        0.213089
        0.681572       -0.732585       -0.118881
        0.987875        0.452898         1.00196
        0.581673        -1.15123       -0.322378
         0.25317        0.223044       -0.586327
          1.7674          1.1051         1.12895
       -0.524094        -1.31019        0.110307
         1.42943        0.905802        0.450481
        -2.96321       -0.683786       -0.775559
