BLOCK:	ACTUAL_T:	T_AVE:	ERROR:
1	1.12845	1.12845	0
2	1.11061	1.11953	0.00630897
3	1.12745	1.12217	0.00472653
4	1.09569	1.11555	0.00674122
5	1.10144	1.11273	0.00595455
6	1.0944	1.10967	0.00569161
7	1.12222	1.11147	0.00515318
8	1.06138	1.10521	0.00739091
9	1.12972	1.10793	0.00705363
10	1.10325	1.10746	0.00636374
11	1.12035	1.10863	0.00589215
12	1.14105	1.11133	0.00598833
13	1.11279	1.11145	0.00552874
14	1.09597	1.11034	0.00524324
15	1.10444	1.10995	0.00490844
16	1.0986	1.10924	0.00465265
17	1.09511	1.10841	0.0044526
18	1.12086	1.1091	0.00425868
19	1.10355	1.10881	0.00404454
20	1.11916	1.10932	0.00387528
21	1.10723	1.10922	0.00369203
22	1.11721	1.10959	0.003542
23	1.12707	1.11035	0.00346859
24	1.11846	1.11069	0.00334049
25	1.11957	1.11104	0.0032257
26	1.12181	1.11145	0.00312812
27	1.10441	1.11119	0.00302314
28	1.08682	1.11032	0.00303789
29	1.11341	1.11043	0.002935
30	1.08738	1.10966	0.00293604
31	1.08044	1.10872	0.00298883
32	1.08416	1.10795	0.00299237
33	1.13041	1.10863	0.0029781
34	1.11535	1.10883	0.00289706
35	1.1175	1.10908	0.00282487
36	1.1333	1.10975	0.0028254
37	1.11596	1.10992	0.00275401
38	1.10818	1.10987	0.00268192
39	1.09883	1.10959	0.00262806
40	1.11228	1.10966	0.00256322
41	1.1113	1.1097	0.00250102
42	1.11745	1.10988	0.00244826
43	1.13125	1.11038	0.00244127
44	1.09398	1.11001	0.00241407
45	1.11876	1.1102	0.00236825
46	1.10076	1.10999	0.00232563
47	1.08674	1.1095	0.00232819
48	1.11532	1.10962	0.00228283
49	1.11792	1.10979	0.00224252
50	1.12675	1.11013	0.00222317
51	1.11182	1.11016	0.00217983
52	1.10118	1.10999	0.00214475
53	1.11161	1.11002	0.0021045
54	1.10951	1.11001	0.00206555
55	1.12573	1.1103	0.00204768
56	1.10191	1.11015	0.00201658
57	1.11479	1.11023	0.00198285
58	1.08783	1.10984	0.00198592
59	1.14379	1.11042	0.00203391
60	1.11971	1.11057	0.0020059
61	1.11602	1.11066	0.00197501
62	1.10166	1.11052	0.00194848
63	1.115	1.11059	0.00191885
64	1.12908	1.11088	0.0019105
65	1.1053	1.11079	0.00188304
66	1.12851	1.11106	0.00187354
67	1.12222	1.11123	0.00185297
68	1.09023	1.11092	0.00185126
69	1.07364	1.11038	0.00190164
70	1.08618	1.11003	0.00190563
71	1.11743	1.11014	0.00188164
72	1.13205	1.11044	0.00187997
73	1.07869	1.11001	0.00190388
74	1.10468	1.10993	0.00187951
75	1.09493	1.10973	0.00186507
76	1.11383	1.10979	0.0018413
77	1.13646	1.11013	0.00184969
78	1.12147	1.11028	0.00183168
79	1.1042	1.1102	0.00181011
80	1.10834	1.11018	0.00178763
81	1.10222	1.11008	0.00176826
82	1.10409	1.11001	0.0017482
83	1.0842	1.1097	0.00175457
84	1.09275	1.10949	0.00174524
85	1.09211	1.10929	0.00173666
86	1.10584	1.10925	0.00171693
87	1.09727	1.10911	0.00170271
88	1.10922	1.10911	0.00168336
89	1.08599	1.10885	0.00168438
90	1.12212	1.109	0.0016721
91	1.07779	1.10866	0.00168853
92	1.11048	1.10868	0.00167029
93	1.09769	1.10856	0.0016565
94	1.11588	1.10864	0.00164071
95	1.12222	1.10878	0.00162966
96	1.117	1.10887	0.00161493
97	1.11317	1.10891	0.00159889
98	1.12257	1.10905	0.00158864
99	1.11976	1.10916	0.00157627
100	1.1103	1.10917	0.00156055
101	1.12401	1.10932	0.00155201
102	1.12033	1.10942	0.00154054
103	1.08854	1.10922	0.00153887
104	1.11453	1.10927	0.00152491
105	1.07034	1.1089	0.00155481
106	1.07821	1.10861	0.00156688
107	1.07176	1.10827	0.00158963
108	1.12183	1.10839	0.00157986
109	1.10689	1.10838	0.00156542
110	1.09121	1.10822	0.00155896
111	1.09631	1.10812	0.0015486
112	1.15304	1.10852	0.00158588
113	1.06565	1.10814	0.00161657
114	1.12617	1.1083	0.00161011
115	1.09337	1.10817	0.00160134
116	1.0949	1.10805	0.00159161
117	1.09658	1.10795	0.00158102
118	1.09302	1.10783	0.00157269
119	1.11137	1.10786	0.00155975
120	1.08999	1.10771	0.00155384
121	1.10642	1.1077	0.00154104
122	1.11546	1.10776	0.00152972
123	1.1109	1.10779	0.00151749
124	1.11931	1.10788	0.0015081
125	1.11103	1.1079	0.00149624
126	1.09328	1.10779	0.00148886
127	1.0988	1.10772	0.00147882
128	1.1115	1.10775	0.00146756
129	1.12721	1.1079	0.00146392
130	1.09738	1.10782	0.0014549
131	1.11158	1.10785	0.00144408
132	1.12478	1.10797	0.00143882
133	1.07454	1.10772	0.00144979
134	1.12504	1.10785	0.00144472
135	1.1263	1.10799	0.00144047
136	1.09303	1.10788	0.00143407
137	1.11735	1.10795	0.00142526
138	1.13359	1.10813	0.001427
139	1.10432	1.10811	0.00141699
140	1.10157	1.10806	0.00140764
141	1.1142	1.1081	0.00139833
142	1.06325	1.10779	0.00142372
143	1.13187	1.10796	0.00142369
144	1.10446	1.10793	0.00141401
145	1.08495	1.10777	0.00141311
146	1.10561	1.10776	0.00140351
147	1.11005	1.10777	0.00139405
148	1.12021	1.10786	0.00138716
149	1.08176	1.10768	0.00138886
150	1.0939	1.10759	0.00138264
151	1.06664	1.10732	0.00139983
152	1.08892	1.1072	0.00139584
153	1.12177	1.10729	0.00138997
154	1.10589	1.10728	0.00138097
155	1.10615	1.10728	0.00137208
156	1.05241	1.10693	0.00140763
157	1.10182	1.10689	0.00139904
158	1.12689	1.10702	0.0013959
159	1.11578	1.10707	0.00138821
160	1.07819	1.10689	0.00139122
161	1.11449	1.10694	0.00138338
162	1.04051	1.10653	0.00143433
163	1.08747	1.10641	0.0014303
164	1.11722	1.10648	0.00142309
165	1.08763	1.10637	0.00141904
166	1.11104	1.10639	0.00141077
167	1.08992	1.1063	0.00140577
168	1.10812	1.10631	0.00139745
169	1.13524	1.10648	0.00139963
170	1.12018	1.10656	0.00139371
171	1.11242	1.10659	0.00138598
172	1.10563	1.10659	0.00137794
173	1.09197	1.1065	0.00137256
174	1.06911	1.10629	0.00138139
175	1.08002	1.10614	0.00138163
176	1.07424	1.10596	0.00138561
177	1.10674	1.10596	0.00137779
178	1.13242	1.10611	0.00137804
179	1.11835	1.10618	0.00137204
180	1.13274	1.10633	0.00137233
181	1.11534	1.10638	0.00136565
182	1.09705	1.10632	0.00135911
183	1.08837	1.10623	0.00135522
184	1.11255	1.10626	0.00134829
185	1.16969	1.1066	0.00138391
186	1.13036	1.10673	0.00138235
187	1.13824	1.1069	0.00138519
188	1.09623	1.10684	0.00137898
189	1.10169	1.10682	0.00137196
190	1.10819	1.10682	0.00136476
191	1.11981	1.10689	0.0013593
192	1.10026	1.10686	0.00135266
193	1.10538	1.10685	0.00134568
194	1.11843	1.10691	0.00134006
195	1.16184	1.10719	0.00136248
196	1.0844	1.10707	0.00136048
197	1.10222	1.10705	0.0013538
198	1.10181	1.10702	0.00134722
199	1.09113	1.10694	0.00134282
200	1.09921	1.1069	0.00133666
201	1.10188	1.10688	0.00133024
202	1.10785	1.10688	0.00132367
203	1.11064	1.1069	0.00131727
204	1.11716	1.10695	0.00131178
205	1.09011	1.10687	0.00130795
206	1.10708	1.10687	0.0013016
207	1.1078	1.10688	0.00129532
208	1.10467	1.10687	0.00128914
209	1.11714	1.10691	0.0012839
210	1.09917	1.10688	0.00127832
211	1.14178	1.10704	0.00128292
212	1.12284	1.10712	0.00127903
213	1.09441	1.10706	0.00127441
214	1.13724	1.1072	0.00127624
215	1.13235	1.10732	0.00127566
216	1.1053	1.10731	0.00126978
217	1.08746	1.10721	0.00126722
218	1.11172	1.10724	0.00126158
219	1.13267	1.10735	0.00126115
220	1.09694	1.1073	0.0012563
221	1.12604	1.10739	0.00125348
222	1.12588	1.10747	0.0012506
223	1.10192	1.10745	0.00124523
224	1.07874	1.10732	0.00124625
225	1.13288	1.10743	0.00124588
226	1.1118	1.10745	0.00124052
227	1.08626	1.10736	0.00123856
228	1.07404	1.10721	0.00124172
229	1.09386	1.10715	0.00123767
230	1.16393	1.1074	0.00125666
231	1.10109	1.10737	0.00125151
232	1.08724	1.10729	0.00124913
233	1.12405	1.10736	0.00124583
234	1.10248	1.10734	0.00124069
235	1.11637	1.10738	0.001236
236	1.13787	1.10751	0.0012375
237	1.10596	1.1075	0.00123229
238	1.09012	1.10743	0.00122928
239	1.13307	1.10753	0.00122881
240	1.13905	1.10767	0.00123069
241	1.09796	1.10762	0.00122624
242	1.1107	1.10764	0.00122124
243	1.11561	1.10767	0.00121665
244	1.11449	1.1077	0.00121199
245	1.1203	1.10775	0.00120813
246	1.09111	1.10768	0.00120511
247	1.13138	1.10778	0.00120405
248	1.12139	1.10783	0.00120044
249	1.08905	1.10776	0.00119799
250	1.12118	1.10781	0.0011944
251	1.10698	1.10781	0.00118965
252	1.13406	1.10791	0.00118948
253	1.10102	1.10788	0.00118509
254	1.08785	1.10781	0.00118305
255	1.14733	1.10796	0.00118852
256	1.10468	1.10795	0.00118394
257	1.13123	1.10804	0.00118279
258	1.09444	1.10799	0.00117938
259	1.12315	1.10804	0.00117628
260	1.12363	1.1081	0.00117329
261	1.14563	1.10825	0.00117757
262	1.10108	1.10822	0.00117339
263	1.10473	1.10821	0.001169
264	1.13794	1.10832	0.00116999
265	1.08325	1.10823	0.00116939
266	1.1149	1.10825	0.00116526
267	1.1055	1.10824	0.00116095
268	1.08636	1.10816	0.00115948
269	1.1369	1.10827	0.00116009
270	1.11836	1.1083	0.00115639
271	1.1401	1.10842	0.00115806
272	1.12214	1.10847	0.0011549
273	1.10484	1.10846	0.00115075
274	1.11754	1.10849	0.00114703
275	1.11803	1.10853	0.00114338
276	1.09798	1.10849	0.00113987
277	1.08742	1.10841	0.00113829
278	1.12078	1.10846	0.00113507
279	1.12013	1.1085	0.00113177
280	1.12817	1.10857	0.00112991
281	1.14339	1.10869	0.00113266
282	1.11268	1.10871	0.00112873
283	1.10347	1.10869	0.0011249
284	1.08782	1.10861	0.00112334
285	1.11605	1.10864	0.0011197
286	1.14305	1.10876	0.00112223
287	1.14462	1.10889	0.00112525
288	1.12329	1.10894	0.00112245
289	1.1197	1.10897	0.00111919
290	1.12749	1.10904	0.00111715
291	1.10632	1.10903	0.00111335
292	1.12876	1.10909	0.00111158
293	1.11441	1.10911	0.00110794
294	1.0756	1.109	0.00111002
295	1.11903	1.10903	0.00110677
296	1.12278	1.10908	0.00110401
297	1.11027	1.10908	0.0011003
298	1.14026	1.10919	0.00110157
299	1.09815	1.10915	0.00109851
300	1.09394	1.1091	0.00109601
301	1.12762	1.10916	0.0010941
302	1.13605	1.10925	0.00109409
303	1.09425	1.1092	0.0010916
304	1.12863	1.10927	0.00108988
305	1.11438	1.10928	0.00108644
306	1.12556	1.10934	0.00108419
307	1.127	1.10939	0.00108218
308	1.12976	1.10946	0.00108069
309	1.12006	1.10949	0.00107773
310	1.10161	1.10947	0.00107456
311	1.08782	1.1094	0.00107335
312	1.08148	1.10931	0.00107364
313	1.10851	1.10931	0.00107021
314	1.11796	1.10933	0.00106716
315	1.11504	1.10935	0.00106392
316	1.11066	1.10936	0.00106056
317	1.1023	1.10933	0.00105745
318	1.14188	1.10944	0.00105907
319	1.14569	1.10955	0.00106183
320	1.10911	1.10955	0.00105851
321	1.10149	1.10952	0.00105551
322	1.09962	1.10949	0.00105268
323	1.09796	1.10946	0.00105003
324	1.12297	1.1095	0.00104761
325	1.11858	1.10953	0.00104476
326	1.11583	1.10955	0.00104174
327	1.11216	1.10955	0.00103858
328	1.11478	1.10957	0.00103554
329	1.11954	1.1096	0.00103283
330	1.09543	1.10956	0.0010306
331	1.11952	1.10959	0.00102792
332	1.13284	1.10966	0.00102721
333	1.12293	1.1097	0.0010249
334	1.11354	1.10971	0.00102189
335	1.11395	1.10972	0.00101892
336	1.12649	1.10977	0.00101711
337	1.09394	1.10972	0.00101518
338	1.12367	1.10977	0.00101301
339	1.11614	1.10978	0.0010102
340	1.09784	1.10975	0.00100784
341	1.13223	1.10981	0.00100704
342	1.10673	1.10981	0.00100413
343	1.09613	1.10977	0.001002
344	1.10937	1.10976	0.000999083
345	1.1147	1.10978	0.000996289
346	1.109	1.10978	0.000993413
347	1.11129	1.10978	0.000990559
348	1.12563	1.10983	0.000988759
349	1.11012	1.10983	0.000985927
350	1.1017	1.1098	0.000983383
351	1.10604	1.10979	0.00098064
352	1.10635	1.10978	0.000977903
353	1.09799	1.10975	0.000975703
354	1.09092	1.1097	0.000974396
355	1.13745	1.10978	0.000974782
356	1.11084	1.10978	0.000972048
357	1.1028	1.10976	0.000969522
358	1.09451	1.10972	0.000967749
359	1.13485	1.10979	0.000967584
360	1.10646	1.10978	0.00096494
361	1.10724	1.10977	0.000962293
362	1.11626	1.10979	0.000959802
363	1.12894	1.10984	0.000958607
364	1.09737	1.10981	0.000956586
365	1.12219	1.10984	0.000954567
366	1.11618	1.10986	0.000952116
367	1.12415	1.1099	0.000950317
368	1.13799	1.10997	0.000950797
369	1.09096	1.10992	0.000949615
370	1.09729	1.10989	0.000947662
371	1.10906	1.10989	0.000945111
372	1.09584	1.10985	0.000943324
373	1.1192	1.10987	0.000941128
374	1.12392	1.10991	0.00093936
375	1.10894	1.10991	0.000936859
376	1.11177	1.10991	0.00093438
377	1.11233	1.10992	0.000931924
378	1.15212	1.11003	0.000936123
379	1.135	1.1101	0.000935969
380	1.09297	1.11005	0.00093459
381	1.07263	1.10995	0.000937283
382	1.12386	1.10999	0.000935536
383	1.09583	1.10995	0.000933823
384	1.11056	1.10995	0.000931392
385	1.13836	1.11003	0.00093189
386	1.1265	1.11007	0.000930452
387	1.11613	1.11009	0.00092818
388	1.12526	1.11013	0.000926611
389	1.07314	1.11003	0.000929093
390	1.11058	1.11003	0.000926712
391	1.09103	1.10998	0.000925616
392	1.12676	1.11003	0.000924243
393	1.11015	1.11003	0.000921891
394	1.09207	1.10998	0.000920677
395	1.12397	1.11002	0.000919027
396	1.09002	1.10997	0.000918093
397	1.08928	1.10991	0.000917257
398	1.08465	1.10985	0.000917147
399	1.10796	1.10985	0.00091486
400	1.10904	1.10984	0.000912575
401	1.09052	1.10979	0.000911571
402	1.12294	1.10983	0.00090989
403	1.12659	1.10987	0.000908582
404	1.11311	1.10988	0.000906369
405	1.11873	1.1099	0.000904394
406	1.09347	1.10986	0.000903072
407	1.12706	1.1099	0.000901841
408	1.10909	1.1099	0.000899633
409	1.10878	1.1099	0.000897437
410	1.13808	1.10996	0.000897878
411	1.10659	1.10996	0.000895731
412	1.08498	1.1099	0.000895607
413	1.11836	1.10992	0.000893672
414	1.11696	1.10993	0.000891676
415	1.13791	1.11	0.000892072
416	1.10944	1.11	0.000889929
417	1.10152	1.10998	0.000888027
418	1.10163	1.10996	0.000886127
419	1.11516	1.10997	0.0008841
420	1.12108	1.11	0.00088239
421	1.08936	1.10995	0.000881656
422	1.10267	1.10993	0.000879735
423	1.08614	1.10988	0.000879451
424	1.10175	1.10986	0.000877586
425	1.12757	1.1099	0.000876511
426	1.1435	1.10998	0.000877995
427	1.11117	1.10998	0.000875943
428	1.12029	1.11	0.000874228
429	1.10216	1.10999	0.000872381
430	1.07534	1.10991	0.000874065
431	1.11538	1.10992	0.00087213
432	1.14765	1.11001	0.000874474
433	1.09957	1.10998	0.000872786
434	1.11404	1.10999	0.000870825
435	1.08715	1.10994	0.000870404
436	1.11897	1.10996	0.000868655
437	1.12287	1.10999	0.000867169
438	1.12771	1.11003	0.000866133
439	1.12084	1.11005	0.00086451
440	1.09541	1.11002	0.000863185
441	1.07608	1.10994	0.000864651
442	1.12654	1.10998	0.00086351
443	1.13701	1.11004	0.000863714
444	1.10548	1.11003	0.00086183
445	1.12892	1.11007	0.000860937
446	1.08891	1.11003	0.000860314
447	1.10891	1.11002	0.000858393
448	1.12728	1.11006	0.000857341
449	1.12514	1.1101	0.000856089
450	1.11944	1.11012	0.000854438
451	1.09953	1.11009	0.000852866
452	1.0989	1.11007	0.000851339
453	1.0947	1.11003	0.000850135
454	1.11311	1.11004	0.00084829
455	1.12499	1.11007	0.000847062
456	1.12219	1.1101	0.00084562
457	1.08977	1.11006	0.00084494
458	1.08369	1.11	0.000845054
459	1.09217	1.10996	0.000844104
460	1.12756	1.11	0.000843136
461	1.11926	1.11002	0.000841546
462	1.10448	1.11001	0.00083981
463	1.07956	1.10994	0.000840568
464	1.10166	1.10992	0.000838945
465	1.11151	1.10993	0.000837148
466	1.10234	1.10991	0.00083551
467	1.12056	1.10993	0.000834032
468	1.09928	1.10991	0.000832561
469	1.11794	1.10993	0.000830962
470	1.15193	1.11002	0.000833984
471	1.11581	1.11003	0.000832305
472	1.08986	1.10999	0.000831637
473	1.12436	1.11002	0.000830434
474	1.10639	1.11001	0.000828718
475	1.12015	1.11003	0.000827248
476	1.14889	1.11011	0.000829528
477	1.1077	1.11011	0.000827804
478	1.09538	1.11008	0.000826645
479	1.10474	1.11006	0.000824994
480	1.09137	1.11003	0.000824194
481	1.08305	1.10997	0.000824387
482	1.12038	1.10999	0.00082296
483	1.09962	1.10997	0.000821536
484	1.1394	1.11003	0.000822085
485	1.1185	1.11005	0.000820576
486	1.1282	1.11009	0.000819736
487	1.12711	1.11012	0.000818798
488	1.15209	1.11021	0.000821625
489	1.11158	1.11021	0.00081995
490	1.10526	1.1102	0.000818339
491	1.11195	1.1102	0.00081668
492	1.07055	1.11012	0.000818987
493	1.10617	1.11011	0.000817365
494	1.09098	1.11008	0.000816627
495	1.12521	1.11011	0.00081555
496	1.11691	1.11012	0.000814021
497	1.12129	1.11014	0.000812693
498	1.12662	1.11017	0.000811734
499	1.07667	1.11011	0.00081288
500	1.10378	1.1101	0.000811352
501	1.11656	1.11011	0.000809835
502	1.11645	1.11012	0.000808321
503	1.11635	1.11013	0.000806809
504	1.12214	1.11016	0.000805559
505	1.11566	1.11017	0.000804038
506	1.08396	1.11012	0.000804116
507	1.08569	1.11007	0.000803971
508	1.1326	1.11011	0.000803612
509	1.14605	1.11018	0.000805129
510	1.0683	1.1101	0.000807727
511	1.07584	1.11003	0.000808925
512	1.10986	1.11003	0.000807345
513	1.10004	1.11001	0.000806006
514	1.08182	1.10996	0.000806302
515	1.12224	1.10998	0.000805089
516	1.09851	1.10996	0.000803836
517	1.09912	1.10994	0.000802554
518	1.13245	1.10998	0.000802181
519	1.11918	1.11	0.000800831
520	1.09433	1.10997	0.000799857
521	1.08479	1.10992	0.00079978
522	1.11042	1.10992	0.000798249
523	1.09887	1.1099	0.000797002
524	1.08612	1.10986	0.000796773
525	1.09145	1.10982	0.000796026
526	1.14107	1.10988	0.000796726
527	1.11435	1.10989	0.00079526
528	1.09265	1.10986	0.000794424
529	1.09129	1.10982	0.000793697
530	1.07791	1.10976	0.000794481
531	1.13531	1.10981	0.00079444
532	1.13125	1.10985	0.000793968
533	1.11066	1.10985	0.00079248
534	1.12885	1.10989	0.000791795
535	1.12994	1.10992	0.000791202
536	1.13136	1.10996	0.000790735
537	1.11507	1.10997	0.00078932
538	1.09387	1.10994	0.00078842
539	1.09253	1.10991	0.000787619
540	1.12691	1.10994	0.000786789
541	1.10262	1.10993	0.000785451
542	1.09038	1.10989	0.00078483
543	1.11142	1.1099	0.000783389
544	1.07871	1.10984	0.000784045
545	1.14185	1.1099	0.000784803
546	1.11596	1.10991	0.000783444
547	1.14125	1.10997	0.000784104
548	1.11727	1.10998	0.000782787
549	1.0932	1.10995	0.000781957
550	1.14784	1.11002	0.000783565
551	1.12244	1.11004	0.000782467
552	1.10412	1.11003	0.000781123
553	1.09948	1.11001	0.000779944
554	1.08201	1.10996	0.000780172
555	1.10429	1.10995	0.000778833
556	1.08434	1.1099	0.000778793
557	1.09235	1.10987	0.000778033
558	1.14812	1.10994	0.000779652
559	1.07339	1.10988	0.000780994
560	1.10888	1.10987	0.000779602
561	1.09626	1.10985	0.00077859
562	1.12235	1.10987	0.000777522
563	1.12354	1.1099	0.00077652
564	1.127	1.10993	0.000775735
565	1.10554	1.10992	0.000774401
566	1.08704	1.10988	0.000774087
567	1.11741	1.10989	0.000772835
568	1.11012	1.10989	0.000771475
569	1.11457	1.1099	0.000770163
570	1.10771	1.1099	0.000768821
571	1.10542	1.10989	0.000767515
572	1.1145	1.1099	0.000766216
573	1.10979	1.1099	0.000764878
574	1.121	1.10992	0.00076379
575	1.13209	1.10995	0.000763435
576	1.11573	1.10996	0.000762176
577	1.10047	1.10995	0.000761032
578	1.11288	1.10995	0.000759732
579	1.09215	1.10992	0.000759042
580	1.12974	1.10996	0.000758502
581	1.11566	1.10997	0.00075726
582	1.0769	1.10991	0.000758087
583	1.09541	1.10988	0.000757195
584	1.0857	1.10984	0.00075703
585	1.10708	1.10984	0.000755751
586	1.09741	1.10982	0.000754758
587	1.11664	1.10983	0.000753562
588	1.14265	1.10988	0.000754345
589	1.08754	1.10985	0.000754018
590	1.12632	1.10987	0.000753257
591	1.09888	1.10986	0.000752212
592	1.09886	1.10984	0.000751171
593	1.11535	1.10985	0.000749962
594	1.09771	1.10983	0.000748977
595	1.11502	1.10983	0.00074777
596	1.12654	1.10986	0.00074704
597	1.11696	1.10987	0.000745883
598	1.1196	1.10989	0.000744813
599	1.12757	1.10992	0.000744154
600	1.08148	1.10987	0.000744422
601	1.07103	1.10981	0.000745983
602	1.06873	1.10974	0.000747858
603	1.11999	1.10976	0.000746811
604	1.06031	1.10968	0.000750048
605	1.09589	1.10965	0.000749154
606	1.10915	1.10965	0.000747918
607	1.11513	1.10966	0.000746741
608	1.07288	1.1096	0.000747959
609	1.1268	1.10963	0.000747264
610	1.12423	1.10965	0.000746422
611	1.12326	1.10967	0.000745532
612	1.12227	1.1097	0.000744598
613	1.12807	1.10973	0.000743986
614	1.13016	1.10976	0.000743519
615	1.09641	1.10974	0.000742626
616	1.09436	1.10971	0.00074184
617	1.08845	1.10968	0.000741438
618	1.09938	1.10966	0.000740425
619	1.09581	1.10964	0.000739567
620	1.10767	1.10964	0.000738381
621	1.12034	1.10965	0.000737394
622	1.09787	1.10963	0.000736451
623	1.09562	1.10961	0.000735613
624	1.09122	1.10958	0.000735024
625	1.12851	1.10961	0.000734472
626	1.13874	1.10966	0.000734771
627	1.08891	1.10963	0.000734344
628	1.10281	1.10961	0.000733255
629	1.10417	1.10961	0.00073214
630	1.12664	1.10963	0.000731477
631	1.13086	1.10967	0.00073109
632	1.10632	1.10966	0.000729953
633	1.12086	1.10968	0.000729014
634	1.10549	1.10967	0.000727894
635	1.09974	1.10966	0.000726916
636	1.1215	1.10968	0.000726011
637	1.10792	1.10967	0.000724877
638	1.12656	1.1097	0.000724224
639	1.12852	1.10973	0.000723689
640	1.10999	1.10973	0.000722558
641	1.11068	1.10973	0.000721433
642	1.09796	1.10971	0.000720542
643	1.10087	1.1097	0.000719553
644	1.12341	1.10972	0.00071875
645	1.12887	1.10975	0.000718249
646	1.08969	1.10972	0.000717808
647	1.11322	1.10972	0.000716719
648	1.0821	1.10968	0.00071688
649	1.09545	1.10966	0.00071611
650	1.09747	1.10964	0.000715254
651	1.1058	1.10963	0.000714179
652	1.10672	1.10963	0.000713098
653	1.1119	1.10963	0.000712014
654	1.10547	1.10963	0.000710954
655	1.07923	1.10958	0.000711382
656	1.0999	1.10957	0.000710451
657	1.0881	1.10953	0.000710121
658	1.09042	1.1095	0.000709636
659	1.10943	1.1095	0.000708559
660	1.13183	1.10954	0.000708293
661	1.11539	1.10955	0.000707276
662	1.1036	1.10954	0.000706265
663	1.1197	1.10955	0.000705366
664	1.11753	1.10957	0.000704406
665	1.11315	1.10957	0.000703367
666	1.13765	1.10961	0.000703574
667	1.10175	1.1096	0.000702618
668	1.13466	1.10964	0.000702567
669	1.11512	1.10965	0.000701564
670	1.12007	1.10966	0.000700689
671	1.12865	1.10969	0.000700216
672	1.07775	1.10964	0.000700785
673	1.10776	1.10964	0.00069975
674	1.1278	1.10967	0.00069923
675	1.12077	1.10968	0.000698388
676	1.10688	1.10968	0.000697367
677	1.11114	1.10968	0.00069634
678	1.1045	1.10967	0.000695355
679	1.06591	1.10961	0.000697311
680	1.10701	1.10961	0.000696296
681	1.11105	1.10961	0.000695277
682	1.13417	1.10964	0.000695189
683	1.09859	1.10963	0.00069436
684	1.13815	1.10967	0.000694596
685	1.13471	1.10971	0.000694543
686	1.14165	1.10975	0.00069509
687	1.11712	1.10976	0.000694161
688	1.11216	1.10977	0.000693161
689	1.06	1.10969	0.000695908
690	1.09436	1.10967	0.000695254
691	1.10206	1.10966	0.000694335
692	1.12498	1.10968	0.000693684
693	1.10106	1.10967	0.000692795
694	1.11908	1.10968	0.000691929
695	1.12305	1.1097	0.000691201
696	1.10744	1.1097	0.000690215
697	1.09315	1.10968	0.000689634
698	1.13179	1.10971	0.000689373
699	1.11607	1.10972	0.000688447
700	1.1214	1.10973	0.000687666
701	1.09199	1.10971	0.000687151
702	1.10052	1.1097	0.000686297
703	1.09129	1.10967	0.00068582
704	1.12663	1.10969	0.000685268
705	1.07892	1.10965	0.000685685
706	1.11813	1.10966	0.000684819
707	1.1025	1.10965	0.000683925
708	1.11936	1.10967	0.000683096
709	1.1086	1.10966	0.000682135
710	1.11714	1.10967	0.000681255
711	1.11009	1.10968	0.000680297
712	1.07032	1.10962	0.000681583
713	1.10536	1.10961	0.000680654
714	1.1205	1.10963	0.000679871
715	1.10943	1.10963	0.00067892
716	1.1182	1.10964	0.000678078
717	1.10281	1.10963	0.000677199
718	1.0682	1.10957	0.00067871
719	1.10639	1.10957	0.00067778
720	1.10213	1.10956	0.000676917
721	1.08947	1.10953	0.000676552
722	1.10337	1.10952	0.000675668
723	1.08853	1.10949	0.000675357
724	1.10175	1.10948	0.000674509
725	1.08285	1.10945	0.000674579
726	1.12538	1.10947	0.000674007
727	1.07939	1.10943	0.000674348
728	1.13194	1.10946	0.000674131
729	1.07816	1.10941	0.000674572
730	1.11608	1.10942	0.00067371
731	1.1104	1.10943	0.000672789
732	1.12902	1.10945	0.000672403
733	1.11836	1.10946	0.000671595
734	1.09908	1.10945	0.000670829
735	1.11826	1.10946	0.000670024
736	1.12126	1.10948	0.000669305
737	1.11314	1.10948	0.000668415
738	1.09954	1.10947	0.000667646
739	1.11911	1.10948	0.00066687
740	1.097	1.10947	0.000666182
741	1.12468	1.10949	0.000665599
742	1.11791	1.1095	0.000664799
743	1.07378	1.10945	0.00066564
744	1.0912	1.10942	0.000665197
745	1.12012	1.10944	0.000664459
746	1.11654	1.10945	0.000663636
747	1.10923	1.10945	0.000662748
748	1.10212	1.10944	0.000661934
749	1.13233	1.10947	0.000661756
750	1.10544	1.10946	0.000660896
751	1.08171	1.10943	0.000661048
752	1.11331	1.10943	0.000660189
753	1.13319	1.10946	0.000660066
754	1.08358	1.10943	0.000660083
755	1.12134	1.10945	0.000659397
756	1.09829	1.10943	0.00065869
757	1.07788	1.10939	0.000659137
758	1.1304	1.10942	0.00065885
759	1.1179	1.10943	0.000658077
760	1.09087	1.1094	0.000657664
761	1.14537	1.10945	0.000658496
762	1.12647	1.10947	0.000658011
763	1.10358	1.10946	0.000657193
764	1.1127	1.10947	0.000656347
765	1.10961	1.10947	0.000655489
766	1.10714	1.10947	0.00065464
767	1.08856	1.10944	0.000654354
768	1.12287	1.10946	0.000653736
769	1.12557	1.10948	0.000653221
770	1.11044	1.10948	0.000652374
771	1.08989	1.10945	0.000652023
772	1.1052	1.10945	0.000651201
773	1.11266	1.10945	0.000650372
774	1.11217	1.10946	0.000649541
775	1.12344	1.10947	0.000648954
776	1.12592	1.10949	0.000648463
777	1.12857	1.10952	0.000648093
778	1.1291	1.10954	0.000647748
779	1.12418	1.10956	0.000647189
780	1.0818	1.10953	0.000647338
781	1.10083	1.10952	0.000646604
782	1.09671	1.1095	0.000645985
783	1.09661	1.10948	0.000645369
784	1.0691	1.10943	0.000646598
785	1.10285	1.10942	0.000645829
786	1.08895	1.1094	0.000645532
787	1.08283	1.10936	0.000645594
788	1.08226	1.10933	0.00064569
789	1.12824	1.10935	0.000645317
790	1.14027	1.10939	0.000645686
791	1.11256	1.1094	0.000644882
792	1.11683	1.10941	0.000644136
793	1.08304	1.10937	0.000644181
794	1.09245	1.10935	0.000643722
795	1.13825	1.10939	0.000643938
796	1.16809	1.10946	0.000647339
797	1.11183	1.10946	0.000646533
798	1.10185	1.10946	0.000645793
799	1.11287	1.10946	0.000644999
800	1.10057	1.10945	0.000644289
801	1.13583	1.10948	0.000644326
802	1.10482	1.10948	0.000643549
803	1.13247	1.1095	0.000643384
804	1.14289	1.10955	0.000643922
805	1.12809	1.10957	0.000643534
806	1.07211	1.10952	0.000644412
807	1.08929	1.1095	0.000644101
808	1.06927	1.10945	0.000645225
809	1.10428	1.10944	0.000644459
810	1.10505	1.10944	0.000643686
811	1.10724	1.10943	0.000642898
812	1.1328	1.10946	0.00064275
813	1.10718	1.10946	0.000641965
814	1.11122	1.10946	0.00064118
815	1.12678	1.10948	0.000640745
816	1.08235	1.10945	0.000640823
817	1.10758	1.10945	0.000640042
818	1.09238	1.10943	0.0006396
819	1.10461	1.10942	0.000638846
820	1.0893	1.1094	0.000638538
821	1.09569	1.10938	0.000637979
822	1.11664	1.10939	0.000637264
823	1.11441	1.10939	0.000636518
824	1.10741	1.10939	0.000635751
825	1.09248	1.10937	0.00063531
826	1.0887	1.10935	0.000635034
827	1.09398	1.10933	0.000634538
828	1.11496	1.10933	0.000633808
829	1.14963	1.10938	0.000634905
830	1.104	1.10938	0.000634173
831	1.11063	1.10938	0.000633412
832	1.12174	1.10939	0.000632825
833	1.10741	1.10939	0.00063207
834	1.07102	1.10934	0.000632984
835	1.10973	1.10934	0.000632226
836	1.09684	1.10933	0.000631647
837	1.11754	1.10934	0.000630968
838	1.12595	1.10936	0.000630527
839	1.11737	1.10937	0.000629848
840	1.10281	1.10936	0.000629146
841	1.11342	1.10937	0.000628417
842	1.07103	1.10932	0.000629317
843	1.09442	1.1093	0.000628819
844	1.14046	1.10934	0.000629157
845	1.09152	1.10932	0.000628765
846	1.1229	1.10933	0.000628227
847	1.10547	1.10933	0.000627502
848	1.08675	1.1093	0.000627327
849	1.09788	1.10929	0.000626732
850	1.1055	1.10929	0.00062601
851	1.10916	1.10929	0.000625275
852	1.11114	1.10929	0.000624545
853	1.11605	1.1093	0.000623863
854	1.0505	1.10923	0.000626919
855	1.1045	1.10922	0.00062621
856	1.10109	1.10921	0.000625551
857	1.10598	1.10921	0.000624832
858	1.13818	1.10924	0.000625016
859	1.12743	1.10926	0.000624647
860	1.08751	1.10924	0.000624432
861	1.10345	1.10923	0.000623743
862	1.08513	1.1092	0.000623646
863	1.12102	1.10922	0.000623073
864	1.09604	1.1092	0.000622539
865	1.10361	1.10919	0.000621853
866	1.08635	1.10917	0.000621694
867	1.08024	1.10913	0.000621872
868	1.0916	1.10911	0.000621483
869	1.11014	1.10912	0.000620769
870	1.10383	1.10911	0.000620086
871	1.09981	1.1091	0.000619466
872	1.10006	1.10909	0.000618842
873	1.10082	1.10908	0.000618205
874	1.08544	1.10905	0.000618089
875	1.10838	1.10905	0.000617384
876	1.08046	1.10902	0.000617541
877	1.10384	1.10901	0.000616865
878	1.10821	1.10901	0.000616163
879	1.12284	1.10903	0.000615663
880	1.08516	1.109	0.00061556
881	1.10667	1.109	0.000614867
882	1.11387	1.109	0.000614195
883	1.12121	1.10902	0.000613655
884	1.10358	1.10901	0.000612991
885	1.09255	1.10899	0.000612581
886	1.11338	1.109	0.00061191
887	1.08691	1.10897	0.000611726
888	1.08854	1.10895	0.00061147
889	1.14506	1.10899	0.00061213
890	1.0973	1.10898	0.000611583
891	1.11623	1.10899	0.00061095
892	1.12502	1.109	0.00061053
893	1.11742	1.10901	0.000609919
894	1.12097	1.10903	0.000609383
895	1.13568	1.10906	0.000609429
896	1.10353	1.10905	0.00060878
897	1.11094	1.10905	0.000608105
898	1.1123	1.10906	0.000607439
899	1.12676	1.10907	0.000607083
900	1.10042	1.10907	0.000606484
901	1.12881	1.10909	0.000606207
902	1.13616	1.10912	0.000606277
903	1.10265	1.10911	0.000605648
904	1.1104	1.10911	0.00060498
905	1.11193	1.10911	0.000604319
906	1.15278	1.10916	0.000605571
907	1.11171	1.10917	0.00060491
908	1.13759	1.1092	0.000605054
909	1.11816	1.10921	0.000604468
910	1.14455	1.10925	0.000605051
911	1.14588	1.10929	0.000605721
912	1.13098	1.10931	0.000605524
913	1.11732	1.10932	0.000604924
914	1.12024	1.10933	0.00060438
915	1.09008	1.10931	0.000604086
916	1.11461	1.10932	0.000603454
917	1.13343	1.10934	0.000603369
918	1.09341	1.10932	0.000602961
919	1.10393	1.10932	0.000602334
920	1.12155	1.10933	0.000601826
921	1.10298	1.10932	0.000601212
922	1.09398	1.10931	0.00060079
923	1.12185	1.10932	0.000600293
924	1.12916	1.10934	0.000600027
925	1.13181	1.10937	0.00059987
926	1.10688	1.10936	0.000599228
927	1.11789	1.10937	0.000598652
928	1.10842	1.10937	0.000598008
929	1.12742	1.10939	0.000597679
930	1.1191	1.1094	0.000597128
931	1.13378	1.10943	0.000597061
932	1.08915	1.10941	0.000596816
933	1.11539	1.10941	0.000596211
934	1.11319	1.10942	0.000595587
935	1.09204	1.1094	0.00059524
936	1.11377	1.1094	0.000594622
937	1.10316	1.1094	0.000594025
938	1.10636	1.10939	0.0005934
939	1.13311	1.10942	0.000593306
940	1.09879	1.10941	0.000592782
941	1.10905	1.10941	0.000592153
942	1.12648	1.10943	0.000591801
943	1.13777	1.10946	0.000591937
944	1.11969	1.10947	0.000591409
945	1.1163	1.10947	0.000590827
946	1.11277	1.10948	0.000590213
947	1.08507	1.10945	0.000590152
948	1.0987	1.10944	0.000589639
949	1.08294	1.10941	0.000589679
950	1.11124	1.10941	0.000589061
951	1.10784	1.10941	0.000588444
952	1.09966	1.1094	0.000587915
953	1.11196	1.1094	0.000587304
954	1.11558	1.10941	0.000586724
955	1.12327	1.10943	0.000586289
956	1.12573	1.10944	0.000585924
957	1.11559	1.10945	0.000585347
958	1.12223	1.10946	0.000584888
959	1.10976	1.10946	0.000584278
960	1.13793	1.10949	0.000584421
961	1.09462	1.10948	0.000584018
962	1.12272	1.10949	0.000583573
963	1.09898	1.10948	0.000583069
964	1.10028	1.10947	0.000582542
965	1.07918	1.10944	0.000582783
966	1.13009	1.10946	0.000582572
967	1.14111	1.10949	0.000582889
968	1.13812	1.10952	0.000583036
969	1.10762	1.10952	0.000582438
970	1.12416	1.10954	0.000582033
971	1.11593	1.10954	0.000581471
972	1.10393	1.10954	0.000580901
973	1.0956	1.10952	0.000580481
974	1.107	1.10952	0.00057989
975	1.12361	1.10953	0.000579476
976	1.11217	1.10954	0.000578888
977	1.0709	1.1095	0.000579645
978	1.11455	1.1095	0.000579076
979	1.12563	1.10952	0.000578718
980	1.10006	1.10951	0.000578208
981	1.12804	1.10953	0.000577927
982	1.10411	1.10952	0.000577365
983	1.13039	1.10954	0.000577168
984	1.12673	1.10956	0.000576845
985	1.13658	1.10959	0.000576912
986	1.12644	1.10961	0.000576579
987	1.11338	1.10961	0.000576008
988	1.1045	1.1096	0.000575448
989	1.13275	1.10963	0.000575342
990	1.11434	1.10963	0.000574781
991	1.10972	1.10963	0.000574201
992	1.09482	1.10962	0.000573816
993	1.0999	1.10961	0.000573321
994	1.12547	1.10962	0.000572967
995	1.09511	1.10961	0.000572577
996	1.12211	1.10962	0.000572139
997	1.0653	1.10958	0.00057329
998	1.1078	1.10958	0.000572718
999	1.10602	1.10957	0.000572156
1000	1.06122	1.10952	0.000573623
