0	1	65.946	68.381	5.28745e-08	
1	1	65.6826	68.1614	5.37277e-08	
2	1	65.7303	67.7831	5.3572e-08	
3	1	65.7596	67.6596	5.34765e-08	
4	1	65.6107	67.5609	5.39637e-08	
5	1	65.6107	67.5305	5.39637e-08	
6	1	65.4684	67.4487	5.44345e-08	
7	1	65.4684	67.3618	5.44345e-08	
8	1	65.9767	67.4009	5.27762e-08	
9	1	65.4684	67.4322	5.44343e-08	
10	1	65.5002	67.2121	5.43289e-08	
11	1	65.6997	67.2364	5.3672e-08	
12	1	65.6107	67.1831	5.39637e-08	
13	1	65.6107	67.2021	5.39637e-08	
14	1	65.6404	67.1534	5.3866e-08	
15	1	65.6193	67.2323	5.39352e-08	
16	1	65.4162	67.1741	5.46085e-08	
17	1	65.4162	67.1958	5.46085e-08	
18	1	65.3143	67.2473	5.49501e-08	
19	1	65.3143	67.2074	5.49501e-08	
20	1	65.4975	66.9219	5.43375e-08	
21	1	65.5463	67.0179	5.41761e-08	
22	1	65.3508	67.1858	5.48271e-08	
23	1	65.3462	67.2423	5.48426e-08	
24	1	64.9173	67.2246	5.63065e-08	
25	1	64.9173	67.2832	5.63065e-08	
26	1	64.9173	67.2647	5.63065e-08	
27	1	64.9173	67.2543	5.63065e-08	
28	1	64.9173	67.2381	5.63065e-08	
29	1	64.9133	67.2149	5.63203e-08	
30	1	64.9173	67.0347	5.63065e-08	
31	1	65.3942	67.0177	5.46818e-08	
32	1	65.0898	66.907	5.57118e-08	
33	1	65.2108	66.9479	5.52996e-08	
34	1	65.2308	66.9343	5.52318e-08	
35	1	65.2308	67.0348	5.52318e-08	
36	1	65.2308	67.1218	5.52318e-08	
37	1	65.148	67.0673	5.55132e-08	
38	1	64.9341	67.0908	5.62481e-08	
39	1	64.9341	67.1148	5.62481e-08	
40	1	64.9341	66.7793	5.62481e-08	
41	1	65.0467	67.0388	5.58599e-08	
42	1	65.0467	67.0636	5.58599e-08	
43	1	65.6029	67.0886	5.39893e-08	
44	1	65.46	67.0886	5.44623e-08	
45	1	65.5849	66.9912	5.40487e-08	
46	1	65.366	67.0377	5.47761e-08	
47	1	65.366	67.1293	5.47761e-08	
48	1	65.4977	67.1288	5.43369e-08	
49	1	65.2111	67.0818	5.52986e-08	
50	1	65.2111	66.7954	5.52986e-08	
51	1	65.2125	66.8227	5.52937e-08	
52	1	65.2125	67.0338	5.52937e-08	
53	1	65.4423	67.0842	5.45211e-08	
54	1	65.3254	67.0325	5.49125e-08	
55	1	65.1452	67.0476	5.55228e-08	
56	1	65.4423	67.1206	5.45211e-08	
57	1	65.4423	67.1748	5.45211e-08	
58	1	65.4354	67.2059	5.45443e-08	
59	1	65.1041	67.2322	5.56629e-08	
60	1	65.1041	66.9542	5.56629e-08	
61	1	65.446	67.0446	5.45088e-08	
62	1	65.446	67.0519	5.45088e-08	
63	1	65.446	67.002	5.45088e-08	
64	1	65.3855	67.0253	5.47109e-08	
65	1	65.446	67.1446	5.45088e-08	
66	1	65.6002	67.1534	5.39983e-08	
67	1	65.3671	67.0985	5.47726e-08	
68	1	65.4132	67.2031	5.46184e-08	
69	1	65.4245	67.2595	5.45807e-08	
70	1	65.3433	67.021	5.48524e-08	
71	1	65.2363	67.0521	5.52131e-08	
72	1	65.2363	67.1904	5.52131e-08	
73	1	65.3449	67.0515	5.48469e-08	
74	1	65.5381	67.0441	5.42033e-08	
75	1	65.3726	66.9372	5.47542e-08	
76	1	65.4709	66.8755	5.44261e-08	
77	1	65.5691	66.8799	5.41008e-08	
78	1	65.2314	67.0711	5.52297e-08	
79	1	65.1424	67.0506	5.55322e-08	
80	1	65.1424	66.827	5.55322e-08	
81	1	65.0342	66.8781	5.59027e-08	
82	1	65.1424	67.005	5.55322e-08	
83	1	65.1424	66.9487	5.55322e-08	
84	1	65.1424	66.9305	5.55322e-08	
85	1	65.1424	66.9969	5.55322e-08	
86	1	65.1424	67.0851	5.55322e-08	
87	1	65.1424	67.1108	5.55322e-08	
88	1	65.1154	67.0921	5.56245e-08	
89	1	64.7756	67.1638	5.68007e-08	
90	1	64.7756	66.9389	5.68007e-08	
91	1	65.4106	66.9921	5.46269e-08	
92	1	65.4106	67.0387	5.46269e-08	
93	1	65.4106	67.0581	5.46269e-08	
94	1	65.282	67.0304	5.50587e-08	
95	1	65.4837	66.9606	5.43834e-08	
96	1	65.669	66.9739	5.37721e-08	
97	1	65.1601	66.9862	5.54719e-08	
98	1	65.1601	67.1038	5.54719e-08	
99	1	65.2686	67.1101	5.51041e-08	
100	1	65.2686	66.8617	5.51041e-08	
101	1	65.0086	66.8895	5.59907e-08	
102	1	65.0086	66.9191	5.59907e-08	
103	1	65.2108	67.0478	5.52996e-08	
104	1	65.5226	67.0892	5.42546e-08	
105	1	65.5226	67.1025	5.42546e-08	
106	1	65.2552	67.1575	5.51493e-08	
107	1	65.3045	67.2385	5.49829e-08	
108	1	65.3045	67.276	5.49829e-08	
109	1	65.4781	67.2072	5.44022e-08	
110	1	65.369	66.8855	5.4766e-08	
111	1	65.3442	66.9396	5.48495e-08	
112	1	65.3095	66.9929	5.49661e-08	
113	1	65.4005	67.0812	5.46609e-08	
114	1	65.4005	67.0738	5.46609e-08	
115	1	65.4005	67.1393	5.46609e-08	
116	1	65.4005	67.1592	5.46609e-08	
117	1	65.5422	67.2786	5.41897e-08	
118	1	65.0021	67.1552	5.60133e-08	
119	1	65.0021	67.1932	5.60133e-08	
120	1	65.0021	66.7628	5.60133e-08	
121	1	65.1497	66.9151	5.55075e-08	
122	1	65.1497	67.0716	5.55075e-08	
123	1	65.5395	67.1172	5.41985e-08	
124	1	65.5395	67.1288	5.41985e-08	
125	1	65.691	67.1121	5.37003e-08	
126	1	65.7588	67.1621	5.34791e-08	
127	1	65.7588	67.248	5.34791e-08	
128	1	65.3191	67.171	5.49339e-08	
129	1	65.3191	67.1613	5.49339e-08	
130	1	65.3191	66.7931	5.49339e-08	
131	1	64.9941	66.8534	5.60409e-08	
132	1	64.9941	66.9917	5.60409e-08	
133	1	65.3191	67.0273	5.49339e-08	
134	1	65.3113	67.0636	5.49601e-08	
135	1	65.3113	67.136	5.49601e-08	
136	1	65.6574	67.1032	5.38103e-08	
137	1	65.4213	67.1315	5.45914e-08	
138	1	65.4724	67.1622	5.44209e-08	
139	1	65.176	67.1626	5.54177e-08	
140	1	65.1235	66.8878	5.55966e-08	
141	1	65.1235	67.0762	5.55966e-08	
142	1	65.1235	67.1168	5.55966e-08	
143	1	65.5438	67.1811	5.41843e-08	
144	1	65.5438	67.0877	5.41843e-08	
145	1	65.1554	67.0291	5.54881e-08	
146	1	65.1554	67.0951	5.54881e-08	
147	1	65.1554	67.1051	5.54881e-08	
148	1	65.1554	67.0306	5.54881e-08	
149	1	65.1554	67.1855	5.54881e-08	
150	1	65.2431	66.9026	5.51901e-08	
151	1	65.4002	66.965	5.46616e-08	
152	1	65.4002	66.961	5.46616e-08	
153	1	64.9533	66.8924	5.61819e-08	
154	1	65.3813	66.9255	5.47249e-08	
155	1	65.3813	66.9711	5.47249e-08	
156	1	65.5343	67.0402	5.42157e-08	
157	1	65.1107	67.0051	5.56403e-08	
158	1	65.3521	67.0658	5.48228e-08	
159	1	65.2734	67.109	5.50878e-08	
160	1	65.2734	66.8795	5.50878e-08	
161	1	65.3012	67.055	5.49939e-08	
162	1	65.2271	67.0407	5.52444e-08	
163	1	65.2271	67.1303	5.52444e-08	
164	1	65.2844	67.1694	5.50506e-08	
165	1	65.2152	67.2324	5.52847e-08	
166	1	65.4548	67.1737	5.44796e-08	
167	1	65.1891	67.1735	5.53733e-08	
168	1	65.6398	67.2593	5.38681e-08	
169	1	65.5234	67.0985	5.42518e-08	
170	1	65.2423	66.8105	5.51929e-08	
171	1	65.2423	66.936	5.51929e-08	
172	1	65.4596	67.0727	5.44637e-08	
173	1	65.6237	67.1606	5.3921e-08	
174	1	65.4462	67.2224	5.45084e-08	
175	1	65.6666	67.1657	5.37801e-08	
176	1	65.0888	67.2019	5.57152e-08	
177	1	65.0888	67.2385	5.57152e-08	
178	1	65.2975	67.3149	5.50065e-08	
179	1	65.6944	67.2896	5.36892e-08	
180	1	65.382	66.9674	5.47225e-08	
181	1	65.3669	66.9926	5.47732e-08	
182	1	65.382	67.1589	5.47225e-08	
183	1	65.382	67.166	5.47225e-08	
184	1	65.382	67.2536	5.47225e-08	
185	1	65.2334	67.1989	5.52231e-08	
186	1	65.0135	67.3965	5.59739e-08	
187	1	65.0135	67.3529	5.59739e-08	
188	1	65.6998	67.2767	5.36714e-08	
189	1	65.3027	67.2604	5.49889e-08	
190	1	65.5238	67.0093	5.42505e-08	
191	1	65.4417	67.0241	5.45232e-08	
192	1	65.185	66.9952	5.53872e-08	
193	1	65.6642	67.0278	5.37881e-08	
194	1	65.4539	67.0193	5.44825e-08	
195	1	65.385	67.1246	5.47126e-08	
196	1	65.4539	67.1283	5.44825e-08	
197	1	65.3886	67.1234	5.47004e-08	
198	1	65.2598	67.1639	5.51336e-08	
199	1	65.2318	67.1718	5.52286e-08	
200	1	65.3297	66.9019	5.48981e-08	
201	1	65.3571	66.9679	5.48061e-08	
202	1	65.3056	67.0322	5.49793e-08	
203	1	65.3056	66.9911	5.49793e-08	
204	1	65.1939	66.9645	5.5357e-08	
205	1	65.1384	66.98	5.55457e-08	
206	1	65.1384	66.9725	5.55457e-08	
207	1	64.8826	67.0243	5.64271e-08	
208	1	64.8826	67.0088	5.64271e-08	
209	1	64.8826	66.9842	5.64271e-08	
210	1	65.3683	66.8629	5.47685e-08	
211	1	65.331	66.9093	5.48938e-08	
212	1	65.331	66.9915	5.48938e-08	
213	1	65.331	67.0675	5.48938e-08	
214	1	65.331	66.9207	5.48938e-08	
215	1	65.331	66.8889	5.48938e-08	
216	1	65.331	66.92	5.48938e-08	
217	1	65.1452	66.8797	5.55228e-08	
218	1	65.1452	66.7977	5.55228e-08	
219	1	65.0928	66.8319	5.57018e-08	
220	1	65.0928	66.6803	5.57018e-08	
221	1	64.9949	66.7186	5.60381e-08	
222	1	64.9949	66.7709	5.60381e-08	
223	1	64.9949	66.8208	5.60381e-08	
224	1	65.0928	66.8204	5.57018e-08	
225	1	65.2316	66.7976	5.5229e-08	
226	1	65.3969	66.9831	5.4673e-08	
227	1	65.2796	67.0163	5.50668e-08	
228	1	65.3415	66.9861	5.48583e-08	
229	1	65.3415	66.892	5.48583e-08	
230	1	65.245	66.6949	5.51838e-08	
231	1	65.3415	66.7895	5.48583e-08	
232	1	65.0629	66.8433	5.58041e-08	
233	1	64.9869	66.8662	5.60656e-08	
234	1	65.1796	66.9335	5.54057e-08	
235	1	65.4115	66.9459	5.46241e-08	
236	1	65.4301	66.9537	5.45619e-08	
237	1	65.2188	67.036	5.52725e-08	
238	1	65.2188	67.036	5.52725e-08	
239	1	65.2188	67.2195	5.52725e-08	
240	1	65.1721	66.8785	5.5431e-08	
241	1	65.4038	66.7563	5.46498e-08	
242	1	65.4479	66.9202	5.45027e-08	
243	1	64.9142	67.1152	5.63171e-08	
244	1	64.9142	67.0462	5.63171e-08	
245	1	65.0323	67.0911	5.59092e-08	
246	1	65.0323	67.0813	5.59092e-08	
247	1	65.3358	67.1102	5.48776e-08	
248	1	65.5025	67.2286	5.43212e-08	
249	1	65.4079	67.1894	5.4636e-08	
250	1	65.272	66.8049	5.50925e-08	
251	1	65.387	66.9309	5.47059e-08	
252	1	65.0831	66.9248	5.57349e-08	
253	1	65.3886	66.9922	5.47005e-08	
254	1	65.4107	66.956	5.46266e-08	
255	1	65.7009	67.0301	5.36678e-08	
256	1	65.2334	67.0049	5.5223e-08	
257	1	65.2334	67.1002	5.5223e-08	
258	1	65.4357	67.1493	5.45433e-08	
259	1	65.4951	67.161	5.43458e-08	
260	1	65.4689	66.8997	5.44328e-08	
261	1	65.2961	67.0077	5.50112e-08	
262	1	65.4951	67.0377	5.43458e-08	
263	1	65.29	67.0364	5.50317e-08	
264	1	64.8432	67.1079	5.65644e-08	
265	1	64.8432	67.2057	5.65644e-08	
266	1	65.3369	67.1847	5.48738e-08	
267	1	65.4647	67.0801	5.44468e-08	
268	1	65.4263	67.1117	5.45744e-08	
269	1	65.148	67.0705	5.55132e-08	
270	1	65.2065	66.8726	5.53141e-08	
271	1	65.207	66.9408	5.53124e-08	
272	1	65.207	66.9899	5.53124e-08	
273	1	65.207	67.0753	5.53124e-08	
274	1	65.4451	67.0645	5.4512e-08	
275	1	65.4455	67.0522	5.45105e-08	
276	1	65.4431	66.9849	5.45184e-08	
277	1	65.2973	67.1986	5.50071e-08	
278	1	65.4332	67.2471	5.45516e-08	
279	1	65.5977	67.262	5.40065e-08	
280	1	65.4752	67.0405	5.44118e-08	
281	1	65.5632	67.102	5.41204e-08	
282	1	65.5632	67.1283	5.41204e-08	
283	1	65.5475	67.1944	5.41721e-08	
284	1	65.1625	67.2665	5.54639e-08	
285	1	65.1474	67.2195	5.55153e-08	
286	1	65.1474	67.246	5.55153e-08	
287	1	65.7496	67.3003	5.35092e-08	
288	1	65.2308	67.176	5.52318e-08	
289	1	65.2308	67.1503	5.52318e-08	
290	1	65.1344	66.9943	5.55595e-08	
291	1	65.3126	67.0267	5.49556e-08	
292	1	65.4607	67.0896	5.446e-08	
293	1	65.32	67.1581	5.49306e-08	
294	1	65.32	67.1438	5.49306e-08	
295	1	65.5205	67.1773	5.42616e-08	
296	1	65.4925	67.2564	5.43542e-08	
297	1	65.4925	67.176	5.43542e-08	
298	1	65.2756	67.137	5.50804e-08	
299	1	65.0394	67.191	5.58847e-08	
300	1	65.0394	66.8853	5.58847e-08	
301	1	65.0394	66.9872	5.58847e-08	
302	1	65.0394	66.9811	5.58847e-08	
303	1	65.3462	66.9781	5.48428e-08	
304	1	65.2288	66.9636	5.52387e-08	
305	1	65.3462	66.9767	5.48428e-08	
306	1	65.1293	67.0812	5.55768e-08	
307	1	65.3154	67.1151	5.4946e-08	
308	1	65.1213	67.0627	5.56041e-08	
309	1	65.1213	66.9574	5.56041e-08	
310	1	64.9889	66.88	5.60587e-08	
311	1	64.9889	66.917	5.60587e-08	
312	1	65.3062	67.0096	5.49772e-08	
313	1	65.2957	66.9971	5.50125e-08	
314	1	65.2039	66.9428	5.5323e-08	
315	1	65.2039	67.0591	5.5323e-08	
316	1	65.2039	67.0078	5.5323e-08	
317	1	65.2884	67.0644	5.50371e-08	
318	1	64.6744	67.1235	5.7157e-08	
319	1	65.0546	67.1839	5.58326e-08	
320	1	65.4397	66.9168	5.45301e-08	
321	1	65.2758	67.026	5.50795e-08	
322	1	65.1975	67.044	5.53448e-08	
323	1	65.1975	67.1146	5.53448e-08	
324	1	65.403	67.1531	5.46525e-08	
325	1	65.3904	67.0593	5.46945e-08	
326	1	65.1357	67.0645	5.55552e-08	
327	1	65.1357	67.1204	5.55552e-08	
328	1	65.0407	67.1091	5.58804e-08	
329	1	65.0412	67.0559	5.58785e-08	
330	1	65.0412	66.8336	5.58785e-08	
331	1	65.0412	66.9674	5.58785e-08	
332	1	65.1903	67.0156	5.53692e-08	
333	1	65.1903	67.0617	5.53692e-08	
334	1	65.1903	66.9209	5.53692e-08	
335	1	65.1903	66.9614	5.53692e-08	
336	1	65.1903	67.1444	5.53692e-08	
337	1	65.37	67.1219	5.47627e-08	
338	1	65.0546	67.1156	5.58326e-08	
339	1	65.4008	67.113	5.46597e-08	
340	1	65.2943	66.859	5.50171e-08	
341	1	65.2943	66.8533	5.50171e-08	
342	1	65.4137	66.9195	5.46168e-08	
343	1	65.2009	67.1172	5.53331e-08	
344	1	65.4682	67.147	5.4435e-08	
345	1	65.1514	67.1127	5.55016e-08	
346	1	65.1514	67.0482	5.55016e-08	
347	1	65.1514	67.0391	5.55016e-08	
348	1	65.5147	67.046	5.42808e-08	
349	1	65.2757	67.1426	5.50798e-08	
350	1	65.2853	66.9791	5.50475e-08	
351	1	65.1831	66.9958	5.53936e-08	
352	1	64.9949	67.0812	5.60382e-08	
353	1	65.2129	67.0444	5.52924e-08	
354	1	65.2419	67.151	5.51944e-08	
355	1	65.5216	67.1381	5.42579e-08	
356	1	65.5906	67.1829	5.40299e-08	
357	1	65.204	67.1487	5.53228e-08	
358	1	65.6948	67.0147	5.36877e-08	
359	1	65.4209	67.0255	5.45927e-08	
360	1	65.3484	66.8187	5.48353e-08	
361	1	65.2729	66.8418	5.50894e-08	
362	1	65.2729	66.9146	5.50894e-08	
363	1	65.2729	67.0105	5.50894e-08	
364	1	65.1869	66.992	5.53807e-08	
365	1	65.3099	67.0454	5.49647e-08	
366	1	65.3514	67.1089	5.48252e-08	
367	1	65.1433	67.1291	5.5529e-08	
368	1	65.3448	67.1438	5.48475e-08	
369	1	65.3448	67.088	5.48475e-08	
370	1	65.3448	66.8366	5.48475e-08	
371	1	65.3876	66.8749	5.47038e-08	
372	1	65.4732	67.0458	5.44185e-08	
373	1	65.4732	67.0694	5.44185e-08	
374	1	65.5114	67.1767	5.42916e-08	
375	1	65.4903	67.1852	5.43615e-08	
376	1	65.5114	67.2559	5.42916e-08	
377	1	65.5114	67.2779	5.42916e-08	
378	1	65.474	67.2308	5.44159e-08	
379	1	65.3349	67.1898	5.48807e-08	
380	1	65.5114	67.0011	5.42916e-08	
381	1	65.4265	67.0633	5.4574e-08	
382	1	65.2956	67.1592	5.50129e-08	
383	1	65.4909	67.26	5.43595e-08	
384	1	65.4909	67.1738	5.43595e-08	
385	1	65.3804	67.2352	5.4728e-08	
386	1	65.3804	67.312	5.4728e-08	
387	1	65.3804	67.28	5.4728e-08	
388	1	65.3547	67.2443	5.48143e-08	
389	1	65.4588	67.3442	5.44664e-08	
390	1	65.3093	67.1005	5.49668e-08	
391	1	65.415	67.1812	5.46123e-08	
392	1	65.1863	67.1855	5.53828e-08	
393	1	65.1863	67.2169	5.53828e-08	
394	1	64.9633	67.2634	5.61471e-08	
395	1	65.0824	67.3606	5.57374e-08	
396	1	65.2834	67.377	5.50541e-08	
397	1	65.7048	67.2665	5.36552e-08	
398	1	65.7048	67.222	5.36552e-08	
399	1	65.2121	67.1171	5.52952e-08	
400	1	65.1133	66.902	5.56316e-08	
401	1	65.1133	66.9838	5.56316e-08	
402	1	65.1133	67.0781	5.56316e-08	
403	1	65.1133	67.0016	5.56316e-08	
404	1	65.123	66.9976	5.55983e-08	
405	1	65.123	66.9209	5.55983e-08	
406	1	65.123	67.0308	5.55983e-08	
407	1	64.9221	67.1484	5.62899e-08	
408	1	64.9221	67.2699	5.62899e-08	
409	1	64.9221	67.2257	5.62899e-08	
410	1	64.9221	66.9125	5.62899e-08	
411	1	64.9221	66.9081	5.62899e-08	
412	1	65.5255	67.02	5.42449e-08	
413	1	65.5647	67.0893	5.41152e-08	
414	1	65.4513	67.099	5.44913e-08	
415	1	65.7067	67.0688	5.36488e-08	
416	1	65.5528	67.0876	5.41546e-08	
417	1	65.5528	67.2268	5.41546e-08	
418	1	65.5528	67.1937	5.41546e-08	
419	1	65.6564	67.2745	5.38137e-08	
420	1	64.9007	66.9788	5.63641e-08	
421	1	64.9007	66.9956	5.63641e-08	
422	1	64.9007	67.0454	5.63641e-08	
423	1	65.0627	67.1495	5.58048e-08	
424	1	65.0627	67.2154	5.58048e-08	
425	1	65.0627	67.1062	5.58048e-08	
426	1	65.0627	67.0516	5.58048e-08	
427	1	65.0627	67.1667	5.58048e-08	
428	1	65.0627	67.2037	5.58048e-08	
429	1	65.0782	67.1921	5.57515e-08	
430	1	65.0782	66.8319	5.57515e-08	
431	1	65.0782	66.8635	5.57515e-08	
432	1	65.0782	66.8959	5.57515e-08	
433	1	65.0782	66.9691	5.57515e-08	
434	1	65.4498	67.1272	5.44962e-08	
435	1	65.162	67.1722	5.54655e-08	
436	1	65.3961	67.2195	5.46754e-08	
437	1	65.1649	67.1875	5.54556e-08	
438	1	65.1649	67.2084	5.54556e-08	
439	1	65.1649	67.0733	5.54556e-08	
440	1	65.0027	66.6074	5.60111e-08	
441	1	65.1649	66.7011	5.54556e-08	
442	1	65.1649	66.7525	5.54556e-08	
443	1	65.3335	66.863	5.48854e-08	
444	1	65.5588	66.8638	5.41349e-08	
445	1	65.6324	66.9488	5.38923e-08	
446	1	65.3785	67.0084	5.47344e-08	
447	1	65.2419	67.098	5.51943e-08	
448	1	65.2419	67.2034	5.51943e-08	
449	1	65.528	67.0557	5.42364e-08	
450	1	65.5415	66.8613	5.41919e-08	
451	1	65.0268	66.9726	5.59282e-08	
452	1	65.0268	67.0502	5.59282e-08	
453	1	65.0268	67.0679	5.59282e-08	
454	1	65.0268	67.1336	5.59282e-08	
455	1	65.6548	67.2314	5.38189e-08	
456	1	65.3688	67.2399	5.4767e-08	
457	1	65.3688	67.1449	5.4767e-08	
458	1	65.3688	67.0567	5.4767e-08	
459	1	65.3688	66.9895	5.4767e-08	
460	1	65.1028	66.714	5.56675e-08	
461	1	65.3688	66.7936	5.4767e-08	
462	1	65.1135	66.9143	5.56307e-08	
463	1	65.1135	66.9493	5.56307e-08	
464	1	65.1661	67.0102	5.54514e-08	
465	1	65.3194	67.0328	5.49326e-08	
466	1	65.3194	66.9935	5.49326e-08	
467	1	65.3194	67.0673	5.49326e-08	
468	1	65.558	67.2496	5.41373e-08	
469	1	65.5209	67.2847	5.426e-08	
470	1	65.2057	67.1299	5.53169e-08	
471	1	65.4118	67.2042	5.46231e-08	
472	1	65.1452	67.1402	5.55228e-08	
473	1	65.1452	67.0202	5.55228e-08	
474	1	65.7569	67.0511	5.34854e-08	
475	1	65.3276	67.1753	5.49052e-08	
476	1	65.7206	67.1559	5.36036e-08	
477	1	65.4166	67.1244	5.46069e-08	
478	1	65.4166	67.0888	5.46069e-08	
479	1	65.2958	67.0399	5.50122e-08	
480	1	65.0027	66.8256	5.6011e-08	
481	1	65.241	66.8967	5.51972e-08	
482	1	65.0972	66.9312	5.56867e-08	
483	1	64.8918	66.9787	5.63951e-08	
484	1	65.2145	67.0969	5.52872e-08	
485	1	65.2145	67.0682	5.52872e-08	
486	1	65.2755	67.0896	5.50807e-08	
487	1	65.5501	67.0929	5.41635e-08	
488	1	65.4028	67.1228	5.4653e-08	
489	1	65.6093	67.2846	5.39681e-08	
490	1	65.5722	67.0161	5.40905e-08	
491	1	65.5722	67.2246	5.40905e-08	
492	1	65.5589	67.1606	5.41343e-08	
493	1	65.6046	67.1191	5.39839e-08	
494	1	65.3497	67.0377	5.48309e-08	
495	1	65.3356	67.1208	5.48781e-08	
496	1	65.3356	67.1841	5.48781e-08	
497	1	64.8716	67.1098	5.64654e-08	
498	1	64.8716	67.1995	5.64654e-08	
499	1	65.4056	67.2609	5.46438e-08	
500	1	65.4156	67.0771	5.46103e-08	
501	1	65.2875	67.0787	5.50403e-08	
502	1	65.2875	67.0752	5.50403e-08	
503	1	65.3294	67.0057	5.4899e-08	
504	1	65.2502	67.1217	5.51661e-08	
505	1	65.2502	67.0452	5.51661e-08	
506	1	65.2502	67.0397	5.51661e-08	
507	1	65.3339	67.1456	5.48838e-08	
508	1	65.6012	67.0504	5.39949e-08	
509	1	65.3615	67.093	5.47913e-08	
510	1	65.3615	66.8717	5.47913e-08	
511	1	65.3615	66.9407	5.47913e-08	
512	1	65.3257	67.0556	5.49117e-08	
513	1	65.3257	66.9469	5.49117e-08	
514	1	65.4679	67.0157	5.44361e-08	
515	1	65.5527	67.0586	5.41548e-08	
516	1	65.544	67.0227	5.41835e-08	
517	1	65.2012	67.0754	5.5332e-08	
518	1	65.1555	67.0457	5.54876e-08	
519	1	65.1555	66.9576	5.54876e-08	
520	1	65.534	66.8745	5.42166e-08	
521	1	65.3092	66.8856	5.4967e-08	
522	1	65.4363	66.9627	5.45414e-08	
523	1	65.4383	67.1908	5.45346e-08	
524	1	65.4984	67.2017	5.43346e-08	
525	1	65.4904	67.1585	5.43612e-08	
526	1	65.2632	67.1646	5.51221e-08	
527	1	65.2632	67.1648	5.51221e-08	
528	1	65.2632	67.2161	5.51221e-08	
529	1	65.2632	67.2505	5.51221e-08	
530	1	65.4812	66.9758	5.43918e-08	
531	1	65.4812	67.0251	5.43918e-08	
532	1	65.5434	67.1177	5.41855e-08	
533	1	65.3828	67.0971	5.47199e-08	
534	1	65.5334	67.2092	5.42187e-08	
535	1	65.0052	67.0943	5.60025e-08	
536	1	65.0052	67.0768	5.60025e-08	
537	1	65.3152	67.1452	5.49469e-08	
538	1	65.4154	67.2012	5.46111e-08	
539	1	65.2219	67.1661	5.52618e-08	
540	1	65.1933	66.9958	5.53591e-08	
541	1	65.1933	67.0288	5.53591e-08	
542	1	65.001	67.106	5.6017e-08	
543	1	64.9643	67.1312	5.61435e-08	
544	1	65.001	67.0074	5.6017e-08	
545	1	65.001	67.0602	5.6017e-08	
546	1	65.5146	67.1151	5.42811e-08	
547	1	65.174	67.2266	5.54247e-08	
548	1	65.1965	67.2202	5.5348e-08	
549	1	65.1965	67.292	5.5348e-08	
550	1	65.1965	66.9692	5.5348e-08	
551	1	65.1965	67.0694	5.5348e-08	
552	1	65.1965	67.0494	5.5348e-08	
553	1	65.0595	67.1858	5.58158e-08	
554	1	65.3497	67.1511	5.4831e-08	
555	1	65.3497	67.055	5.4831e-08	
556	1	65.3848	67.1973	5.47134e-08	
557	1	65.3848	67.1742	5.47134e-08	
558	1	65.4904	67.1724	5.43612e-08	
559	1	65.5331	67.1838	5.42196e-08	
560	1	65.151	66.8378	5.55028e-08	
561	1	65.4553	66.8447	5.4478e-08	
562	1	65.3002	66.8346	5.49972e-08	
563	1	65.4553	66.9674	5.4478e-08	
564	1	65.5617	66.9856	5.41251e-08	
565	1	65.5965	66.9469	5.40105e-08	
566	1	65.751	67.0924	5.35046e-08	
567	1	65.1776	67.0231	5.54125e-08	
568	1	65.1776	66.9948	5.54125e-08	
569	1	65.1771	67.0028	5.5414e-08	
570	1	65.1766	66.7641	5.54157e-08	
571	1	65.3062	66.7084	5.49771e-08	
572	1	65.3373	66.8454	5.48726e-08	
573	1	65.3246	66.8062	5.49151e-08	
574	1	65.463	66.9506	5.44522e-08	
575	1	65.4692	67.0477	5.44317e-08	
576	1	65.3418	67.0662	5.48574e-08	
577	1	64.9997	67.0043	5.60214e-08	
578	1	65.4086	67.0537	5.46338e-08	
579	1	65.2731	67.1062	5.50889e-08	
580	1	65.3055	66.8338	5.49795e-08	
581	1	65.2465	66.9342	5.51786e-08	
582	1	65.3055	66.8993	5.49795e-08	
583	1	65.2349	67.0039	5.52179e-08	
584	1	65.2349	67.1431	5.52179e-08	
585	1	65.2348	67.1161	5.52184e-08	
586	1	65.2913	67.1434	5.50273e-08	
587	1	65.3726	67.2343	5.47541e-08	
588	1	65.3726	67.2064	5.47541e-08	
589	1	65.3726	67.0878	5.47541e-08	
590	1	65.2769	66.9285	5.50758e-08	
591	1	65.1708	67.1145	5.54355e-08	
592	1	65.1708	67.0785	5.54355e-08	
593	1	65.1708	67.0851	5.54355e-08	
594	1	65.2031	67.0174	5.53257e-08	
595	1	65.2356	67.1102	5.52156e-08	
596	1	65.3944	67.1295	5.46811e-08	
597	1	65.3944	67.0457	5.46811e-08	
598	1	65.5087	67.1965	5.43006e-08	
599	1	65.5186	67.1927	5.42676e-08	
600	1	65.3691	66.9869	5.47658e-08	
601	1	65.511	67.0387	5.42929e-08	
602	1	65.4791	67.0244	5.43986e-08	
603	1	65.4189	67.0067	5.45992e-08	
604	1	65.4189	67.0625	5.45992e-08	
605	1	65.2012	67.1324	5.5332e-08	
606	1	65.5803	67.2258	5.40639e-08	
607	1	65.1604	67.2065	5.5471e-08	
608	1	65.1604	67.2053	5.5471e-08	
609	1	65.1586	67.1462	5.54771e-08	
610	1	65.4959	66.931	5.43431e-08	
611	1	65.119	66.9987	5.56121e-08	
612	1	64.8826	67.0012	5.64271e-08	
613	1	64.8641	67.1729	5.64913e-08	
614	1	64.8641	67.1086	5.64913e-08	
615	1	64.8641	67.1072	5.64913e-08	
616	1	65.4694	67.1429	5.44309e-08	
617	1	65.4694	67.1813	5.44309e-08	
618	1	65.6597	67.1528	5.38027e-08	
619	1	65.7687	67.2586	5.34468e-08	
620	1	65.602	66.9265	5.39922e-08	
621	1	65.602	67.0007	5.39922e-08	
622	1	65.602	67.1059	5.39922e-08	
623	1	65.602	67.1132	5.39922e-08	
624	1	65.1885	67.0707	5.53753e-08	
625	1	65.379	67.1176	5.47326e-08	
626	1	65.4872	67.011	5.4372e-08	
627	1	65.4671	67.0644	5.44386e-08	
628	1	65.656	67.1979	5.38147e-08	
629	1	65.6388	67.2354	5.38714e-08	
630	1	65.2207	66.9151	5.52661e-08	
631	1	65.5132	67.08	5.42855e-08	
632	1	65.5132	67.1841	5.42855e-08	
633	1	65.4332	67.1807	5.45516e-08	
634	1	65.4332	67.1689	5.45516e-08	
635	1	65.4313	67.1925	5.45579e-08	
636	1	65.4112	67.315	5.46249e-08	
637	1	65.4332	67.2829	5.45516e-08	
638	1	65.4332	67.2082	5.45516e-08	
639	1	65.8141	67.24	5.32996e-08	
640	1	65.5794	66.9265	5.40668e-08	
641	1	65.5499	67.1023	5.4164e-08	
642	1	65.3766	67.1886	5.47406e-08	
643	1	65.3766	67.1772	5.47406e-08	
644	1	65.3766	67.1766	5.47406e-08	
645	1	65.3814	67.2981	5.47248e-08	
646	1	65.5482	67.2613	5.41698e-08	
647	1	65.2901	67.2521	5.50315e-08	
648	1	65.2901	67.268	5.50315e-08	
649	1	65.5482	67.435	5.41698e-08	
650	1	65.4514	67.136	5.44909e-08	
651	1	65.1116	67.1298	5.56373e-08	
652	1	65.2834	67.2143	5.50541e-08	
653	1	65.2932	67.349	5.5021e-08	
654	1	65.3983	67.482	5.4668e-08	
655	1	65.3983	67.6075	5.4668e-08	
656	1	65.5644	67.498	5.41161e-08	
657	1	65.5579	67.4541	5.41376e-08	
658	1	65.2136	67.3804	5.52902e-08	
659	1	65.2136	67.3215	5.52902e-08	
660	1	65.4633	66.9897	5.44514e-08	
661	1	65.5291	66.9543	5.4233e-08	
662	1	65.5555	66.9563	5.41455e-08	
663	1	65.5579	67.1409	5.41376e-08	
664	1	65.6018	67.1911	5.39928e-08	
665	1	65.6536	67.2156	5.38228e-08	
666	1	65.6307	67.2475	5.38978e-08	
667	1	65.4601	67.1748	5.44619e-08	
668	1	65.3978	67.1978	5.46697e-08	
669	1	65.7142	67.3014	5.36245e-08	
670	1	65.3515	67.0625	5.48248e-08	
671	1	65.2272	67.0597	5.52439e-08	
672	1	65.2272	67.0101	5.52439e-08	
673	1	65.3896	66.964	5.46971e-08	
674	1	65.3896	66.9394	5.46971e-08	
675	1	65.1823	66.9353	5.53965e-08	
676	1	65.0628	66.9563	5.58044e-08	
677	1	65.2418	67.0067	5.51947e-08	
678	1	65.2418	66.9827	5.51947e-08	
679	1	65.2418	66.9772	5.51947e-08	
680	1	65.1388	66.6629	5.55444e-08	
681	1	65.4453	66.8017	5.45111e-08	
682	1	65.2364	66.88	5.52128e-08	
683	1	65.0962	66.9071	5.56902e-08	
684	1	65.2364	66.928	5.52128e-08	
685	1	65.5381	67.0156	5.4203e-08	
686	1	65.579	67.0668	5.4068e-08	
687	1	65.436	67.0313	5.45423e-08	
688	1	65.2457	67.1329	5.51813e-08	
689	1	65.2457	67.1878	5.51813e-08	
690	1	65.2457	66.8838	5.51813e-08	
691	1	65.2457	66.908	5.51813e-08	
692	1	65.2457	66.8888	5.51813e-08	
693	1	65.3187	66.9584	5.4935e-08	
694	1	65.3287	67.0429	5.49014e-08	
695	1	65.3287	67.1081	5.49014e-08	
696	1	65.3058	67.0597	5.49785e-08	
697	1	65.3058	67.125	5.49785e-08	
698	1	65.3287	67.1322	5.49014e-08	
699	1	65.3287	67.2248	5.49014e-08	
700	1	65.3287	66.9451	5.49014e-08	
701	1	65.3287	67.1137	5.49014e-08	
702	1	65.1177	67.1273	5.56167e-08	
703	1	65.1177	67.0279	5.56167e-08	
704	1	65.1177	67.064	5.56167e-08	
705	1	65.1177	67.0313	5.56167e-08	
706	1	65.1177	67.067	5.56167e-08	
707	1	65.1177	67.1739	5.56167e-08	
708	1	65.1177	67.2858	5.56167e-08	
709	1	65.3008	67.2683	5.49953e-08	
710	1	65.5628	66.9741	5.41214e-08	
711	1	65.0616	66.964	5.58087e-08	
712	1	65.0616	67.04	5.58087e-08	
713	1	65.1831	67.1773	5.53936e-08	
714	1	65.7033	67.2275	5.36602e-08	
715	1	65.4695	67.0659	5.44306e-08	
716	1	65.3245	67.1743	5.49156e-08	
717	1	65.1811	67.1504	5.54006e-08	
718	1	65.4649	67.1713	5.44461e-08	
719	1	65.2462	67.2037	5.51797e-08	
720	1	65.2462	67.0209	5.51797e-08	
721	1	65.2462	67.0638	5.51797e-08	
722	1	65.4822	67.0956	5.43884e-08	
723	1	65.4415	67.1381	5.45239e-08	
724	1	65.5177	67.028	5.42708e-08	
725	1	65.5402	67.098	5.41962e-08	
726	1	65.4114	67.1399	5.46244e-08	
727	1	65.4114	67.1528	5.46244e-08	
728	1	65.2738	67.101	5.50865e-08	
729	1	65.3583	67.1294	5.48022e-08	
730	1	65.1481	66.9715	5.55129e-08	
731	1	65.442	67.0414	5.45223e-08	
732	1	65.442	67.0144	5.45223e-08	
733	1	65.442	67.0691	5.45223e-08	
734	1	65.442	67.1052	5.45223e-08	
735	1	65.442	67.1715	5.45223e-08	
736	1	65.442	67.1994	5.45223e-08	
737	1	65.7575	67.2672	5.34834e-08	
738	1	65.5233	67.2311	5.42523e-08	
739	1	65.5948	67.2202	5.40159e-08	
740	1	65.3012	66.8249	5.4994e-08	
741	1	65.6173	66.958	5.3942e-08	
742	1	65.343	67.0516	5.48535e-08	
743	1	65.4963	67.0413	5.43416e-08	
744	1	65.4963	67.0722	5.43416e-08	
745	1	65.4219	67.0699	5.45892e-08	
746	1	65.4219	67.0106	5.45892e-08	
747	1	65.4826	67.1565	5.43873e-08	
748	1	65.4381	67.0858	5.45352e-08	
749	1	65.4826	67.1107	5.43873e-08	
750	1	65.404	66.8443	5.4649e-08	
751	1	65.6431	66.9449	5.38571e-08	
752	1	65.3831	67.0612	5.47189e-08	
753	1	65.5119	67.0808	5.42899e-08	
754	1	65.4401	67.2512	5.45285e-08	
755	1	65.239	67.1472	5.5204e-08	
756	1	65.4275	67.1318	5.45707e-08	
757	1	65.4023	67.1287	5.46546e-08	
758	1	65.2449	67.162	5.51842e-08	
759	1	65.4401	67.0955	5.45285e-08	
760	1	65.4711	66.838	5.44254e-08	
761	1	65.236	66.9013	5.52142e-08	
762	1	65.3194	67.014	5.49329e-08	
763	1	65.3194	67.0807	5.49329e-08	
764	1	65.5096	67.16	5.42975e-08	
765	1	65.5096	67.2305	5.42975e-08	
766	1	65.5096	67.4042	5.42975e-08	
767	1	65.1678	67.3965	5.54458e-08	
768	1	65.4003	67.4394	5.46615e-08	
769	1	65.2815	67.3025	5.50604e-08	
770	1	65.1934	66.989	5.53585e-08	
771	1	65.1934	66.9385	5.53585e-08	
772	1	65.1934	66.933	5.53585e-08	
773	1	65.1934	66.9672	5.53585e-08	
774	1	65.1934	67.0532	5.53585e-08	
775	1	65.5856	67.2008	5.40464e-08	
776	1	65.5243	67.3595	5.42488e-08	
777	1	65.7097	67.3445	5.36392e-08	
778	1	65.7097	67.3423	5.36392e-08	
779	1	65.5241	67.3579	5.42494e-08	
780	1	65.3438	66.98	5.48509e-08	
781	1	65.4661	67.0091	5.4442e-08	
782	1	65.5022	67.1185	5.4322e-08	
783	1	65.2102	67.0677	5.53017e-08	
784	1	65.2102	67.106	5.53017e-08	
785	1	65.1506	67.1469	5.55044e-08	
786	1	65.4742	67.2043	5.44149e-08	
787	1	65.4742	67.1559	5.44149e-08	
788	1	65.3489	67.2184	5.48336e-08	
789	1	65.8389	67.3589	5.32194e-08	
790	1	65.4902	67.1234	5.43619e-08	
791	1	65.5023	67.1488	5.43217e-08	
792	1	65.293	67.128	5.50216e-08	
793	1	65.3141	67.2581	5.49506e-08	
794	1	65.3488	67.1519	5.4834e-08	
795	1	65.5023	67.1262	5.43217e-08	
796	1	65.7187	67.1887	5.36097e-08	
797	1	65.7187	67.1683	5.36097e-08	
798	1	65.4806	67.1636	5.43938e-08	
799	1	65.2435	67.3259	5.51888e-08	
800	1	65.3245	67.1831	5.49156e-08	
801	1	65.2932	67.2053	5.5021e-08	
802	1	65.2687	67.2181	5.51036e-08	
803	1	65.2687	67.3393	5.51036e-08	
804	1	65.2687	67.385	5.51036e-08	
805	1	65.2257	67.3834	5.52492e-08	
806	1	65.5755	67.2837	5.40795e-08	
807	1	65.5755	67.3318	5.40795e-08	
808	1	65.3133	67.2432	5.49534e-08	
809	1	65.3133	67.2337	5.49534e-08	
810	1	65.2129	66.977	5.52923e-08	
811	1	65.3133	67.032	5.49534e-08	
812	1	65.5067	67.0532	5.4307e-08	
813	1	65.5067	67.0886	5.4307e-08	
814	1	65.5136	67.2038	5.42844e-08	
815	1	65.4072	67.1188	5.46385e-08	
816	1	65.2982	67.1292	5.50042e-08	
817	1	65.7025	67.2603	5.36626e-08	
818	1	65.7551	67.1656	5.34912e-08	
819	1	65.2719	67.1507	5.50929e-08	
820	1	65.2152	66.8356	5.52847e-08	
821	1	65.2802	66.9601	5.50648e-08	
822	1	65.7286	67.0689	5.35774e-08	
823	1	65.4922	66.9532	5.43553e-08	
824	1	65.091	66.9353	5.57079e-08	
825	1	65.4649	66.9747	5.44458e-08	
826	1	65.4649	67.1016	5.44458e-08	
827	1	65.2198	67.1574	5.52691e-08	
828	1	65.2198	67.2742	5.52691e-08	
829	1	64.8947	67.2253	5.63849e-08	
830	1	65.2198	67.0631	5.52691e-08	
831	1	65.2198	67.1016	5.52691e-08	
832	1	65.2198	67.1506	5.52691e-08	
833	1	65.3106	67.139	5.49624e-08	
834	1	65.5155	67.158	5.42779e-08	
835	1	65.4502	67.1185	5.4495e-08	
836	1	65.4502	67.1698	5.4495e-08	
837	1	65.5496	67.261	5.41651e-08	
838	1	65.5005	67.4191	5.43277e-08	
839	1	65.6053	67.3601	5.39813e-08	
840	1	65.4455	66.9586	5.45106e-08	
841	1	65.2239	66.9849	5.5255e-08	
842	1	65.2239	67.0181	5.5255e-08	
843	1	65.2239	66.9752	5.5255e-08	
844	1	65.2176	67.0529	5.52767e-08	
845	1	65.4178	67.1187	5.46031e-08	
846	1	65.4472	67.1874	5.45051e-08	
847	1	65.4472	67.1901	5.45051e-08	
848	1	65.2578	67.158	5.51404e-08	
849	1	65.6948	67.1508	5.36878e-08	
850	1	65.5729	66.8836	5.40881e-08	
851	1	65.3526	66.9017	5.48213e-08	
852	1	65.3526	66.9811	5.48213e-08	
853	1	65.3469	67.1217	5.48404e-08	
854	1	65.2208	67.1684	5.52658e-08	
855	1	65.2208	67.2468	5.52658e-08	
856	1	65.3469	67.2825	5.48404e-08	
857	1	65.3526	67.2024	5.48213e-08	
858	1	65.3526	67.2792	5.48213e-08	
859	1	65.3526	67.2468	5.48213e-08	
860	1	65.1939	66.9671	5.5357e-08	
861	1	65.1939	66.9973	5.5357e-08	
862	1	65.1939	67.1564	5.5357e-08	
863	1	65.1939	67.1162	5.5357e-08	
864	1	65.5933	67.2222	5.40209e-08	
865	1	65.6913	67.3324	5.36992e-08	
866	1	65.5478	67.2748	5.41712e-08	
867	1	65.63	67.2681	5.39003e-08	
868	1	65.63	67.2719	5.39003e-08	
869	1	65.63	67.2305	5.39003e-08	
870	1	65.4337	66.9497	5.455e-08	
871	1	65.63	67.1374	5.39003e-08	
872	1	65.4882	67.1595	5.43685e-08	
873	1	65.5155	67.1848	5.42779e-08	
874	1	65.2853	67.2564	5.50477e-08	
875	1	65.6555	67.2461	5.38166e-08	
876	1	65.4378	67.2452	5.45361e-08	
877	1	65.3533	67.2475	5.48189e-08	
878	1	65.5099	67.3783	5.42966e-08	
879	1	65.844	67.4453	5.3203e-08	
880	1	65.0116	66.8511	5.59803e-08	
881	1	65.0116	66.8692	5.59803e-08	
882	1	65.0116	67.0504	5.59803e-08	
883	1	65.0116	67.0401	5.59803e-08	
884	1	65.0116	67.0733	5.59803e-08	
885	1	65.1584	67.101	5.54778e-08	
886	1	65.1584	67.0453	5.54778e-08	
887	1	65.1584	67.0872	5.54778e-08	
888	1	65.1584	67.034	5.54778e-08	
889	1	65.1584	67.0722	5.54778e-08	
890	1	65.1584	66.8891	5.54778e-08	
891	1	65.2421	67.0152	5.51936e-08	
892	1	65.3261	67.1441	5.49101e-08	
893	1	65.7609	67.185	5.34723e-08	
894	1	65.3203	67.1785	5.49298e-08	
895	1	65.5753	67.1106	5.40803e-08	
896	1	65.5753	67.058	5.40803e-08	
897	1	65.5753	67.0034	5.40803e-08	
898	1	65.5753	67.087	5.40803e-08	
899	1	65.5968	67.1715	5.40093e-08	
900	1	65.0608	66.8215	5.58113e-08	
901	1	65.0608	66.9286	5.58113e-08	
902	1	65.0608	66.8948	5.58113e-08	
903	1	65.0608	66.9039	5.58113e-08	
904	1	65.0608	66.8568	5.58113e-08	
905	1	65.0608	66.8961	5.58113e-08	
906	1	65.5033	67.0027	5.43183e-08	
907	1	65.2152	67.0005	5.52848e-08	
908	1	65.0797	67.0143	5.57466e-08	
909	1	65.0797	67.0287	5.57466e-08	
910	1	65.0797	66.7848	5.57466e-08	
911	1	65.0797	66.8621	5.57466e-08	
912	1	65.4816	67.0329	5.43904e-08	
913	1	65.2427	67.1521	5.51915e-08	
914	1	65.053	67.2039	5.58382e-08	
915	1	65.2427	67.2169	5.51915e-08	
916	1	65.2427	67.1024	5.51915e-08	
917	1	65.254	67.1488	5.51533e-08	
918	1	65.2217	67.2278	5.52627e-08	
919	1	65.2217	67.0785	5.52627e-08	
920	1	64.9971	66.7419	5.60303e-08	
921	1	64.9971	66.8436	5.60303e-08	
922	1	64.9971	66.9304	5.60303e-08	
923	1	64.9971	67.0423	5.60303e-08	
924	1	65.4628	67.0078	5.4453e-08	
925	1	65.4628	67.1567	5.4453e-08	
926	1	65.4628	67.1972	5.4453e-08	
927	1	65.4628	67.1357	5.4453e-08	
928	1	65.5188	67.0902	5.4267e-08	
929	1	65.3902	67.174	5.46951e-08	
930	1	65.5324	66.9362	5.42219e-08	
931	1	65.4772	66.9846	5.44052e-08	
932	1	65.3179	67.1082	5.49378e-08	
933	1	65.3179	67.1516	5.49378e-08	
934	1	65.3179	67.1563	5.49378e-08	
935	1	65.4208	67.2464	5.45929e-08	
936	1	65.2521	67.3587	5.51598e-08	
937	1	65.2521	67.2519	5.51598e-08	
938	1	65.2521	67.1966	5.51598e-08	
939	1	65.2521	67.156	5.51598e-08	
940	1	65.2521	66.9064	5.51598e-08	
941	1	65.1932	66.8888	5.53595e-08	
942	1	65.1932	66.8889	5.53595e-08	
943	1	65.1932	66.9424	5.53595e-08	
944	1	65.1932	67.0569	5.53595e-08	
945	1	65.1932	67.1006	5.53595e-08	
946	1	65.1932	67.0865	5.53595e-08	
947	1	65.1932	67.2967	5.53595e-08	
948	1	65.4042	67.3186	5.46484e-08	
949	1	65.7274	67.2871	5.35815e-08	
950	1	65.3762	67.0888	5.47422e-08	
951	1	65.5621	67.1739	5.41239e-08	
952	1	65.6049	67.2243	5.39826e-08	
953	1	65.2613	67.2051	5.51285e-08	
954	1	65.5766	67.1179	5.40761e-08	
955	1	65.5766	67.2941	5.40761e-08	
956	1	65.0892	67.2528	5.5714e-08	
957	1	65.5482	67.3327	5.41697e-08	
958	1	65.7017	67.3312	5.36652e-08	
959	1	65.2838	67.2884	5.50527e-08	
960	1	65.0713	66.7941	5.57752e-08	
961	1	65.3444	66.8844	5.48486e-08	
962	1	65.3572	67.0087	5.48058e-08	
963	1	65.3572	67.1289	5.48058e-08	
964	1	65.3572	67.1063	5.48058e-08	
965	1	65.3572	67.0649	5.48058e-08	
966	1	64.9949	67.0766	5.60381e-08	
967	1	65.5087	67.0181	5.43006e-08	
968	1	65.288	67.0098	5.50384e-08	
969	1	65.4127	67.0922	5.462e-08	
970	1	65.4127	66.9688	5.462e-08	
971	1	65.4127	66.9981	5.462e-08	
972	1	65.4127	67.145	5.462e-08	
973	1	65.4127	67.2455	5.462e-08	
974	1	65.5236	67.1682	5.42512e-08	
975	1	65.4674	67.1825	5.44376e-08	
976	1	65.1331	67.1251	5.5564e-08	
977	1	65.4032	67.1488	5.46517e-08	
978	1	65.2533	67.2115	5.51557e-08	
979	1	65.2533	67.2424	5.51557e-08	
980	1	65.1564	66.9513	5.54845e-08	
981	1	65.1483	67.0283	5.5512e-08	
982	1	65.1483	66.9765	5.5512e-08	
983	1	65.1483	67.0248	5.5512e-08	
984	1	65.0597	67.0835	5.58152e-08	
985	1	65.0597	67.0346	5.58152e-08	
986	1	65.2903	67.1148	5.50308e-08	
987	1	65.4587	67.2655	5.44665e-08	
988	1	65.1934	67.2587	5.53586e-08	
989	1	65.1934	67.217	5.53586e-08	
990	1	65.1484	66.9261	5.55118e-08	
991	1	65.1484	67.1087	5.55118e-08	
992	1	65.3604	67.1683	5.47951e-08	
993	1	65.3678	67.2763	5.47701e-08	
994	1	65.5255	67.3826	5.4245e-08	
995	1	65.6904	67.3909	5.37021e-08	
996	1	65.7406	67.3639	5.35384e-08	
997	1	65.5704	67.2798	5.40965e-08	
998	1	65.5704	67.27	5.40965e-08	
999	1	65.49	67.2349	5.43627e-08	
