0	1	65.946	68.381	5.28745e-08	
1	1	65.6826	68.1614	5.37277e-08	
2	1	65.7303	67.7831	5.3572e-08	
3	1	65.7596	67.6596	5.34765e-08	
4	1	65.6107	67.5609	5.39637e-08	
5	1	65.6107	67.5305	5.39637e-08	
6	1	65.4684	67.4487	5.44345e-08	
7	1	65.4684	67.3618	5.44345e-08	
8	1	65.9767	67.4009	5.27762e-08	
9	1	65.4684	67.4322	5.44343e-08	
10	1	65.6997	67.4201	5.3672e-08	
11	1	65.5173	67.3919	5.42719e-08	
12	1	65.5173	67.3983	5.42719e-08	
13	1	65.9369	67.4823	5.29036e-08	
14	1	65.4799	67.4225	5.43963e-08	
15	1	65.4799	67.4403	5.43963e-08	
16	1	65.7652	67.3958	5.34583e-08	
17	1	65.473	67.4016	5.44191e-08	
18	1	65.7229	67.3439	5.35962e-08	
19	1	65.271	67.2811	5.50958e-08	
20	1	65.271	67.2929	5.50958e-08	
21	1	65.6149	67.4094	5.39497e-08	
22	1	65.4799	67.3759	5.43962e-08	
23	1	65.4799	67.3834	5.43962e-08	
24	1	65.6149	67.3712	5.39497e-08	
25	1	65.6149	67.289	5.39497e-08	
26	1	65.5743	67.2525	5.40835e-08	
27	1	65.6149	67.2124	5.39497e-08	
28	1	65.6149	67.1419	5.39497e-08	
29	1	65.5049	67.1675	5.43131e-08	
30	1	65.5982	67.3237	5.40049e-08	
31	1	65.3189	67.2981	5.49343e-08	
32	1	65.499	67.3492	5.43328e-08	
33	1	65.5519	67.4108	5.41575e-08	
34	1	65.5519	67.2697	5.41575e-08	
35	1	65.479	67.3199	5.43991e-08	
36	1	65.1836	67.4122	5.53919e-08	
37	1	65.1836	67.1986	5.53919e-08	
38	1	65.1836	67.2233	5.53919e-08	
39	1	65.1836	67.2779	5.53919e-08	
40	1	65.1836	67.2917	5.53919e-08	
41	1	65.2072	67.3239	5.53119e-08	
42	1	65.2072	67.5293	5.53119e-08	
43	1	65.5198	67.528	5.42636e-08	
44	1	65.5198	67.5072	5.42636e-08	
45	1	65.6954	67.3425	5.36861e-08	
46	1	65.3878	67.2213	5.47031e-08	
47	1	65.3878	67.2934	5.47031e-08	
48	1	65.4001	67.2828	5.46622e-08	
49	1	65.7945	67.1934	5.33632e-08	
50	1	65.4561	67.186	5.44752e-08	
51	1	65.4561	67.1425	5.44752e-08	
52	1	65.4561	67.1957	5.44752e-08	
53	1	65.7032	67.2467	5.36603e-08	
54	1	65.6773	67.339	5.37451e-08	
55	1	65.3319	67.27	5.48906e-08	
56	1	65.5524	67.2389	5.41558e-08	
57	1	65.5524	67.3036	5.41558e-08	
58	1	65.4997	67.3353	5.43303e-08	
59	1	65.3859	67.3928	5.47095e-08	
60	1	65.3859	67.479	5.47095e-08	
61	1	65.3859	67.5358	5.47095e-08	
62	1	65.3859	67.4629	5.47095e-08	
63	1	65.1437	67.3698	5.55277e-08	
64	1	65.1437	67.2717	5.55277e-08	
65	1	65.1437	67.281	5.55277e-08	
66	1	64.9334	67.1916	5.62508e-08	
67	1	65.1903	67.1723	5.5369e-08	
68	1	65.1903	67.2342	5.5369e-08	
69	1	65.1903	67.2858	5.5369e-08	
70	1	65.3782	67.2597	5.47353e-08	
71	1	65.3782	67.2231	5.47353e-08	
72	1	65.5118	67.2313	5.42901e-08	
73	1	65.2784	67.0775	5.50707e-08	
74	1	65.2784	67.0902	5.50707e-08	
75	1	65.5581	67.0973	5.41371e-08	
76	1	65.2766	67.0571	5.50768e-08	
77	1	65.0175	67.1569	5.59602e-08	
78	1	65.4529	67.1235	5.44861e-08	
79	1	65.2767	67.1507	5.50766e-08	
80	1	65.534	67.1433	5.42168e-08	
81	1	65.4788	67.1318	5.43999e-08	
82	1	65.3477	67.3261	5.48375e-08	
83	1	65.3477	67.2242	5.48375e-08	
84	1	65.2825	67.2039	5.50572e-08	
85	1	65.2825	67.2386	5.50572e-08	
86	1	65.3477	67.3433	5.48375e-08	
87	1	65.3477	67.2133	5.48375e-08	
88	1	65.169	67.2737	5.54417e-08	
89	1	64.9949	67.2754	5.6038e-08	
90	1	65.3019	67.2168	5.49917e-08	
91	1	65.3019	67.2504	5.49917e-08	
92	1	65.1732	67.2364	5.54275e-08	
93	1	65.1732	67.2041	5.54275e-08	
94	1	65.271	67.1606	5.50958e-08	
95	1	65.2502	67.0929	5.51661e-08	
96	1	65.2502	67.0544	5.51661e-08	
97	1	65.4555	67.0903	5.44772e-08	
98	1	65.2058	67.1454	5.53167e-08	
99	1	65.4555	67.225	5.44772e-08	
100	1	65.4928	67.1183	5.43534e-08	
101	1	65.3749	67.0903	5.47465e-08	
102	1	65.3749	67.1206	5.47465e-08	
103	1	65.0947	67.2388	5.5695e-08	
104	1	65.0947	67.2718	5.5695e-08	
105	1	65.0947	67.4015	5.5695e-08	
106	1	65.0947	67.3279	5.5695e-08	
107	1	65.3866	67.3529	5.47073e-08	
108	1	65.6574	67.4354	5.38104e-08	
109	1	65.5606	67.3024	5.41287e-08	
110	1	65.5606	67.2577	5.41287e-08	
111	1	65.5606	67.2147	5.41287e-08	
112	1	65.4399	67.1921	5.45293e-08	
113	1	65.669	67.2647	5.37723e-08	
114	1	65.669	67.311	5.37723e-08	
115	1	65.2603	67.2806	5.51319e-08	
116	1	65.2603	67.2733	5.51319e-08	
117	1	65.1632	67.4328	5.54615e-08	
118	1	65.5702	67.4109	5.4097e-08	
119	1	65.5702	67.3259	5.4097e-08	
120	1	65.2803	67.2831	5.50643e-08	
121	1	65.3557	67.2934	5.48107e-08	
122	1	65.6244	67.2967	5.39184e-08	
123	1	65.8595	67.3269	5.31527e-08	
124	1	65.4658	67.3252	5.44431e-08	
125	1	65.9202	67.3794	5.29572e-08	
126	1	65.2636	67.3378	5.51209e-08	
127	1	65.6913	67.3957	5.36992e-08	
128	1	65.5041	67.1824	5.43159e-08	
129	1	65.5041	67.1699	5.43159e-08	
130	1	65.4815	67.1885	5.43908e-08	
131	1	65.5041	67.1949	5.43159e-08	
132	1	65.5115	67.2243	5.42913e-08	
133	1	65.5115	67.2876	5.42913e-08	
134	1	65.1527	67.1673	5.54971e-08	
135	1	65.1527	67.1328	5.54971e-08	
136	1	65.5584	67.0225	5.41362e-08	
137	1	65.538	67.0458	5.42034e-08	
138	1	65.4976	67.2229	5.43375e-08	
139	1	65.2362	67.257	5.52137e-08	
140	1	65.2362	67.2075	5.52137e-08	
141	1	65.0951	67.2124	5.56937e-08	
142	1	65.0951	67.2084	5.56937e-08	
143	1	65.2362	67.1768	5.52137e-08	
144	1	65.1208	67.0677	5.5606e-08	
145	1	65.1208	67.0662	5.5606e-08	
146	1	65.1208	67.1788	5.5606e-08	
147	1	65.2024	67.0731	5.5328e-08	
148	1	65.2024	66.9768	5.5328e-08	
149	1	65.2024	67.0738	5.5328e-08	
150	1	65.2024	67.073	5.5328e-08	
151	1	65.2949	67.1096	5.50153e-08	
152	1	65.2949	67.0424	5.50153e-08	
153	1	65.2949	66.9048	5.50153e-08	
154	1	65.554	67.0324	5.41507e-08	
155	1	64.9353	67.0559	5.62441e-08	
156	1	65.3415	67.0831	5.48584e-08	
157	1	65.4236	67.0428	5.45836e-08	
158	1	65.4482	67.0954	5.45016e-08	
159	1	65.469	67.0614	5.44325e-08	
160	1	65.6021	67.091	5.39919e-08	
161	1	65.3885	67.0911	5.47008e-08	
162	1	65.3885	67.0671	5.47008e-08	
163	1	65.3885	67.1451	5.47008e-08	
164	1	65.4679	67.2528	5.44361e-08	
165	1	64.9385	67.2162	5.62329e-08	
166	1	65.4449	67.2623	5.45125e-08	
167	1	65.6435	67.2665	5.3856e-08	
168	1	65.5469	67.298	5.4174e-08	
169	1	65.6273	67.2338	5.3909e-08	
170	1	65.7946	67.2428	5.3363e-08	
171	1	65.176	67.2148	5.54176e-08	
172	1	65.5471	67.3078	5.41734e-08	
173	1	65.4682	67.3863	5.44351e-08	
174	1	65.394	67.4046	5.46826e-08	
175	1	65.3878	67.3546	5.47033e-08	
176	1	65.3878	67.3655	5.47033e-08	
177	1	65.011	67.4034	5.59827e-08	
178	1	65.6002	67.4014	5.39983e-08	
179	1	65.5036	67.3127	5.43173e-08	
180	1	65.5703	67.2171	5.40969e-08	
181	1	65.5703	67.1527	5.40969e-08	
182	1	65.3983	67.2887	5.46682e-08	
183	1	65.3983	67.2752	5.46682e-08	
184	1	65.3497	67.2242	5.4831e-08	
185	1	65.29	67.121	5.50319e-08	
186	1	65.5878	67.2362	5.40391e-08	
187	1	65.5878	67.34	5.40391e-08	
188	1	65.4769	67.4302	5.44062e-08	
189	1	65.3899	67.4015	5.46963e-08	
190	1	65.4482	67.3411	5.45015e-08	
191	1	65.6025	67.3194	5.39907e-08	
192	1	65.44	67.2386	5.45288e-08	
193	1	65.44	67.1183	5.45288e-08	
194	1	65.4811	67.0254	5.43922e-08	
195	1	65.4438	67.1154	5.45161e-08	
196	1	65.4811	67.1731	5.43922e-08	
197	1	65.5307	67.18	5.42275e-08	
198	1	65.1592	67.2068	5.54749e-08	
199	1	65.6521	67.3223	5.38276e-08	
200	1	65.777	67.2	5.34201e-08	
201	1	65.4034	67.1349	5.46511e-08	
202	1	65.4034	67.1098	5.46511e-08	
203	1	65.3486	67.0381	5.48345e-08	
204	1	65.3486	67.084	5.48345e-08	
205	1	65.5153	67.0355	5.42786e-08	
206	1	65.5153	67.0506	5.42786e-08	
207	1	65.3627	67.0733	5.47873e-08	
208	1	65.3627	67.0267	5.47873e-08	
209	1	65.3627	67.0841	5.47873e-08	
210	1	65.3663	67.1528	5.47754e-08	
211	1	65.4314	67.1183	5.45576e-08	
212	1	65.4314	67.222	5.45576e-08	
213	1	65.1859	67.2889	5.5384e-08	
214	1	65.2616	67.1776	5.51276e-08	
215	1	65.4314	67.0367	5.45576e-08	
216	1	65.4314	67.1718	5.45576e-08	
217	1	65.4314	67.1469	5.45576e-08	
218	1	65.3436	67.0939	5.48514e-08	
219	1	65.3436	67.1541	5.48514e-08	
220	1	65.541	67.1768	5.41936e-08	
221	1	65.4963	66.9782	5.43416e-08	
222	1	65.2473	67.0903	5.51759e-08	
223	1	65.1274	67.1192	5.55832e-08	
224	1	65.1274	67.066	5.55832e-08	
225	1	65.507	67.1211	5.43063e-08	
226	1	65.3545	67.1717	5.48147e-08	
227	1	65.6014	67.1291	5.39944e-08	
228	1	65.6014	67.2115	5.39944e-08	
229	1	65.3567	67.1285	5.48076e-08	
230	1	65.3567	67.199	5.48076e-08	
231	1	65.5762	67.2107	5.40774e-08	
232	1	65.6425	67.2061	5.3859e-08	
233	1	65.3293	67.2132	5.48993e-08	
234	1	65.1417	67.3154	5.55346e-08	
235	1	65.2995	67.3592	5.49997e-08	
236	1	65.2995	67.3314	5.49997e-08	
237	1	65.2995	67.3289	5.49997e-08	
238	1	65.2995	67.3396	5.49997e-08	
239	1	65.2688	67.3134	5.51032e-08	
240	1	65.013	67.3287	5.59758e-08	
241	1	65.3406	67.2152	5.48616e-08	
242	1	65.4945	67.2978	5.43478e-08	
243	1	65.2888	67.4478	5.50356e-08	
244	1	65.3362	67.4295	5.48764e-08	
245	1	65.7012	67.5309	5.3667e-08	
246	1	65.5119	67.437	5.429e-08	
247	1	65.6471	67.4139	5.38441e-08	
248	1	65.3657	67.4431	5.47771e-08	
249	1	65.3657	67.3976	5.47771e-08	
250	1	65.2715	67.3632	5.50942e-08	
251	1	65.2715	67.3119	5.50942e-08	
252	1	65.5407	67.2684	5.41946e-08	
253	1	65.7509	67.3961	5.35049e-08	
254	1	65.6995	67.2359	5.36726e-08	
255	1	65.6632	67.1677	5.37913e-08	
256	1	65.4196	67.0687	5.45969e-08	
257	1	65.4196	67.0992	5.45969e-08	
258	1	65.5928	67.1823	5.40225e-08	
259	1	65.5928	67.1476	5.40225e-08	
260	1	65.5928	67.1794	5.40225e-08	
261	1	65.3105	67.0892	5.49627e-08	
262	1	65.5823	67.0966	5.40571e-08	
263	1	65.5823	67.1254	5.40571e-08	
264	1	65.5823	67.1011	5.40571e-08	
265	1	65.4414	67.1223	5.45242e-08	
266	1	65.5478	67.2111	5.4171e-08	
267	1	65.7426	67.1489	5.35319e-08	
268	1	65.7292	67.2097	5.35754e-08	
269	1	65.7537	67.2876	5.34957e-08	
270	1	65.8731	67.4279	5.3109e-08	
271	1	65.7123	67.3132	5.36307e-08	
272	1	65.3906	67.2967	5.46939e-08	
273	1	65.3906	67.3222	5.46939e-08	
274	1	65.2442	67.331	5.51865e-08	
275	1	65.7123	67.2242	5.36307e-08	
276	1	65.0711	67.1939	5.57759e-08	
277	1	65.6352	67.2688	5.38831e-08	
278	1	65.6045	67.2857	5.39839e-08	
279	1	65.5293	67.2422	5.42324e-08	
280	1	65.3443	67.2416	5.48491e-08	
281	1	65.3748	67.3195	5.47469e-08	
282	1	65.3748	67.2625	5.47469e-08	
283	1	65.5437	67.2648	5.41847e-08	
284	1	65.3081	67.285	5.49709e-08	
285	1	65.6986	67.2243	5.36754e-08	
286	1	65.4408	67.2954	5.45263e-08	
287	1	65.1567	67.3686	5.54835e-08	
288	1	65.1567	67.3246	5.54835e-08	
289	1	65.1567	67.2293	5.54835e-08	
290	1	65.5415	67.3368	5.41919e-08	
291	1	65.2305	67.1353	5.52327e-08	
292	1	65.2305	67.1571	5.52327e-08	
293	1	65.2305	67.2147	5.52327e-08	
294	1	65.2305	67.1818	5.52327e-08	
295	1	65.097	67.2273	5.56873e-08	
296	1	65.3623	67.2403	5.47887e-08	
297	1	65.5964	67.2417	5.40108e-08	
298	1	65.5602	67.2171	5.413e-08	
299	1	65.2039	67.213	5.5323e-08	
300	1	65.2039	67.1817	5.5323e-08	
301	1	65.1336	67.0755	5.55622e-08	
302	1	65.2039	67.1226	5.5323e-08	
303	1	65.3073	67.1522	5.49735e-08	
304	1	65.3073	67.0488	5.49735e-08	
305	1	65.6391	66.9592	5.38702e-08	
306	1	65.2396	67.0474	5.52021e-08	
307	1	65.5126	67.1368	5.42876e-08	
308	1	65.5126	66.9835	5.42876e-08	
309	1	65.4928	67.0677	5.43532e-08	
310	1	65.3395	67.0391	5.4865e-08	
311	1	65.4774	67.0658	5.44045e-08	
312	1	65.5643	67.0531	5.41166e-08	
313	1	65.5643	66.896	5.41166e-08	
314	1	65.2691	66.951	5.51024e-08	
315	1	65.2691	66.9761	5.51024e-08	
316	1	65.5933	67.0684	5.40208e-08	
317	1	65.5263	67.0381	5.42422e-08	
318	1	65.4228	67.0675	5.45861e-08	
319	1	65.5809	67.0048	5.40619e-08	
320	1	65.5892	67.0395	5.40343e-08	
321	1	65.3055	66.9229	5.49795e-08	
322	1	65.3456	66.9619	5.48446e-08	
323	1	65.3456	67.1404	5.48446e-08	
324	1	65.5549	67.2113	5.41476e-08	
325	1	65.3753	67.2517	5.4745e-08	
326	1	65.3753	67.227	5.4745e-08	
327	1	65.1437	67.1947	5.55276e-08	
328	1	65.1437	67.2965	5.55276e-08	
329	1	65.1437	67.2425	5.55276e-08	
330	1	65.2217	67.2957	5.52626e-08	
331	1	65.4222	67.2815	5.45883e-08	
332	1	65.2043	67.2523	5.53217e-08	
333	1	65.6538	67.0704	5.38222e-08	
334	1	65.4656	67.0378	5.44437e-08	
335	1	65.2071	67.2102	5.53123e-08	
336	1	65.2071	67.232	5.53123e-08	
337	1	65.2071	67.2394	5.53123e-08	
338	1	65.0657	67.195	5.57944e-08	
339	1	65.2604	67.1499	5.51317e-08	
340	1	65.2744	67.0944	5.50844e-08	
341	1	65.2744	67.2166	5.50844e-08	
342	1	65.2744	67.1591	5.50844e-08	
343	1	65.2744	67.1437	5.50844e-08	
344	1	65.5916	67.1337	5.40265e-08	
345	1	65.2592	67.0942	5.51358e-08	
346	1	65.5313	67.1251	5.42257e-08	
347	1	65.5795	67.1965	5.40663e-08	
348	1	65.4337	67.161	5.455e-08	
349	1	65.388	67.3049	5.47026e-08	
350	1	65.388	67.3285	5.47026e-08	
351	1	65.388	67.2778	5.47026e-08	
352	1	65.1815	67.3557	5.5399e-08	
353	1	65.2594	67.302	5.51351e-08	
354	1	65.504	67.2158	5.43162e-08	
355	1	65.5436	67.2928	5.41849e-08	
356	1	65.2379	67.3319	5.52078e-08	
357	1	65.4184	67.4716	5.46008e-08	
358	1	65.4184	67.2879	5.46008e-08	
359	1	65.4184	67.1646	5.46008e-08	
360	1	65.4184	67.1948	5.46008e-08	
361	1	65.5022	67.1932	5.43222e-08	
362	1	65.181	67.2162	5.54008e-08	
363	1	65.4466	67.272	5.45068e-08	
364	1	65.264	67.3274	5.51193e-08	
365	1	65.264	67.3817	5.51193e-08	
366	1	65.264	67.3343	5.51193e-08	
367	1	65.2837	67.2764	5.5053e-08	
368	1	65.2837	67.2621	5.5053e-08	
369	1	65.2837	67.3305	5.5053e-08	
370	1	65.2837	67.3187	5.5053e-08	
371	1	65.2837	67.2856	5.5053e-08	
372	1	65.2837	67.3022	5.5053e-08	
373	1	65.2837	67.2866	5.5053e-08	
374	1	65.2109	67.2848	5.52993e-08	
375	1	65.2837	67.2761	5.5053e-08	
376	1	65.2837	67.2003	5.5053e-08	
377	1	65.2837	67.2019	5.5053e-08	
378	1	65.2837	67.142	5.5053e-08	
379	1	65.2837	67.2655	5.5053e-08	
380	1	65.2837	67.1989	5.5053e-08	
381	1	65.2837	67.2125	5.5053e-08	
382	1	65.2837	67.1628	5.5053e-08	
383	1	64.9199	67.1465	5.62974e-08	
384	1	64.9199	67.1019	5.62974e-08	
385	1	65.2108	67.1785	5.52996e-08	
386	1	65.3478	67.3248	5.48373e-08	
387	1	65.1012	67.2326	5.56728e-08	
388	1	65.1012	67.3174	5.56728e-08	
389	1	65.3364	67.4305	5.48757e-08	
390	1	65.3364	67.3479	5.48757e-08	
391	1	65.3481	67.344	5.48364e-08	
392	1	65.3877	67.2267	5.47035e-08	
393	1	65.3877	67.1213	5.47035e-08	
394	1	65.3877	67.1249	5.47035e-08	
395	1	65.3877	67.1081	5.47035e-08	
396	1	65.3877	67.0863	5.47035e-08	
397	1	65.4749	67.0386	5.44127e-08	
398	1	65.3038	67.0907	5.49853e-08	
399	1	65.3038	67.1687	5.49853e-08	
400	1	65.3364	67.2278	5.48757e-08	
401	1	65.3364	67.1217	5.48757e-08	
402	1	65.3364	67.0253	5.48757e-08	
403	1	65.2031	67.0104	5.53256e-08	
404	1	65.2031	66.9855	5.53256e-08	
405	1	65.2031	67.0009	5.53256e-08	
406	1	65.2031	67.0619	5.53256e-08	
407	1	65.2471	67.0424	5.51767e-08	
408	1	65.4798	67.1309	5.43966e-08	
409	1	65.6443	67.0823	5.38533e-08	
410	1	65.2747	67.0409	5.50835e-08	
411	1	65.1517	67.1548	5.55005e-08	
412	1	65.1517	67.219	5.55005e-08	
413	1	65.1517	67.1274	5.55005e-08	
414	1	65.259	67.2	5.51364e-08	
415	1	65.3157	67.1254	5.49453e-08	
416	1	65.3157	67.224	5.49453e-08	
417	1	65.3157	67.2215	5.49453e-08	
418	1	65.3157	67.314	5.49453e-08	
419	1	65.3157	67.2125	5.49453e-08	
420	1	65.4632	67.1777	5.44517e-08	
421	1	65.121	67.2509	5.56053e-08	
422	1	65.121	67.2168	5.56053e-08	
423	1	65.5646	67.2456	5.41157e-08	
424	1	65.6988	67.2886	5.36749e-08	
425	1	65.3742	67.2257	5.47489e-08	
426	1	65.4304	67.1747	5.4561e-08	
427	1	65.7436	67.1737	5.35287e-08	
428	1	65.6054	67.1692	5.39812e-08	
429	1	65.5805	67.1532	5.40632e-08	
430	1	65.7798	67.2445	5.34109e-08	
431	1	65.6616	67.2257	5.37965e-08	
432	1	65.6372	67.2969	5.38767e-08	
433	1	65.6372	67.2943	5.38767e-08	
434	1	65.6372	67.3609	5.38767e-08	
435	1	65.6372	67.3842	5.38767e-08	
436	1	65.5673	67.3252	5.41068e-08	
437	1	65.6372	67.2998	5.38767e-08	
438	1	65.6372	67.3144	5.38767e-08	
439	1	65.6372	67.2571	5.38767e-08	
440	1	65.2993	67.1691	5.50004e-08	
441	1	65.2993	67.2686	5.50004e-08	
442	1	65.619	67.171	5.39363e-08	
443	1	65.5594	67.1726	5.41329e-08	
444	1	65.207	67.1423	5.53124e-08	
445	1	65.5114	67.1438	5.42914e-08	
446	1	65.6143	67.1988	5.39518e-08	
447	1	65.4298	67.1077	5.4563e-08	
448	1	65.4298	67.2169	5.4563e-08	
449	1	65.4298	67.0792	5.4563e-08	
450	1	65.4298	67.1347	5.4563e-08	
451	1	65.5512	67.2783	5.41599e-08	
452	1	65.3954	67.1107	5.46779e-08	
453	1	65.3954	67.0979	5.46779e-08	
454	1	65.6728	67.2027	5.37599e-08	
455	1	65.8292	67.2171	5.32509e-08	
456	1	65.8208	67.2254	5.32779e-08	
457	1	65.3638	67.1775	5.47836e-08	
458	1	65.3638	67.1107	5.47836e-08	
459	1	65.0945	67.0746	5.56959e-08	
460	1	65.0945	67.0394	5.56959e-08	
461	1	65.0945	67.0548	5.56959e-08	
462	1	65.0945	67.1747	5.56959e-08	
463	1	65.4671	67.2	5.44386e-08	
464	1	65.4591	67.2029	5.44653e-08	
465	1	65.3945	67.1305	5.46807e-08	
466	1	65.4721	67.1416	5.44222e-08	
467	1	65.4927	67.1585	5.43535e-08	
468	1	65.4927	67.2232	5.43535e-08	
469	1	65.4927	67.2396	5.43535e-08	
470	1	65.5381	67.1609	5.42032e-08	
471	1	65.3759	67.2022	5.47432e-08	
472	1	65.2485	67.101	5.51719e-08	
473	1	65.3759	67.1443	5.47432e-08	
474	1	65.396	67.0925	5.46759e-08	
475	1	65.3301	67.1237	5.48969e-08	
476	1	65.3827	67.1424	5.47203e-08	
477	1	65.1089	67.0759	5.56465e-08	
478	1	65.3827	67.1052	5.47203e-08	
479	1	65.4702	67.1455	5.44283e-08	
480	1	64.9927	67.0631	5.60457e-08	
481	1	64.9927	67.1699	5.60457e-08	
482	1	64.9927	67.1368	5.60457e-08	
483	1	65.2242	67.1232	5.52543e-08	
484	1	65.2242	67.2455	5.52543e-08	
485	1	65.7334	67.2798	5.35619e-08	
486	1	65.545	67.3533	5.41804e-08	
487	1	65.3784	67.3331	5.47348e-08	
488	1	65.6551	67.3612	5.38178e-08	
489	1	65.469	67.3126	5.44323e-08	
490	1	65.3542	67.2214	5.48158e-08	
491	1	65.673	67.1963	5.37592e-08	
492	1	65.4301	67.2455	5.4562e-08	
493	1	65.4902	67.1846	5.43619e-08	
494	1	65.3271	67.1813	5.4907e-08	
495	1	65.4654	67.262	5.44442e-08	
496	1	65.4654	67.1357	5.44442e-08	
497	1	65.4654	67.1257	5.44442e-08	
498	1	65.7813	67.3188	5.34061e-08	
499	1	65.537	67.3461	5.42068e-08	
500	1	65.5043	67.263	5.43151e-08	
501	1	65.537	67.285	5.42068e-08	
502	1	65.537	67.222	5.42068e-08	
503	1	65.5916	67.337	5.40264e-08	
504	1	65.5916	67.4071	5.40264e-08	
505	1	65.5916	67.4098	5.40264e-08	
506	1	65.5916	67.358	5.40264e-08	
507	1	65.7103	67.4364	5.36371e-08	
508	1	65.8784	67.5038	5.30919e-08	
509	1	65.7674	67.5245	5.34513e-08	
510	1	65.5043	67.3785	5.4315e-08	
511	1	65.6005	67.2704	5.39974e-08	
512	1	65.6005	67.258	5.39974e-08	
513	1	65.0723	67.2616	5.57717e-08	
514	1	65.8449	67.2713	5.32e-08	
515	1	65.0156	67.3257	5.59666e-08	
516	1	65.0156	67.2386	5.59666e-08	
517	1	65.0156	67.2489	5.59666e-08	
518	1	65.8794	67.2442	5.30887e-08	
519	1	65.9993	67.3262	5.27038e-08	
520	1	65.2419	67.2917	5.51943e-08	
521	1	65.5748	67.3647	5.40819e-08	
522	1	65.3045	67.3974	5.49829e-08	
523	1	65.587	67.4112	5.40418e-08	
524	1	65.587	67.3242	5.40418e-08	
525	1	65.587	67.4007	5.40418e-08	
526	1	65.5376	67.4314	5.42047e-08	
527	1	65.5376	67.3401	5.42047e-08	
528	1	65.5373	67.2314	5.42057e-08	
529	1	65.5803	67.3131	5.40637e-08	
530	1	65.5138	67.2679	5.42837e-08	
531	1	65.4823	67.2782	5.43882e-08	
532	1	65.1203	67.1432	5.56076e-08	
533	1	65.1203	67.2532	5.56076e-08	
534	1	65.1203	67.2268	5.56076e-08	
535	1	65.4614	67.1477	5.44577e-08	
536	1	65.4614	67.1442	5.44577e-08	
537	1	65.3313	67.147	5.48928e-08	
538	1	65.0421	67.1714	5.58754e-08	
539	1	65.0421	67.1804	5.58754e-08	
540	1	65.0085	67.2482	5.59913e-08	
541	1	65.0085	67.1992	5.59913e-08	
542	1	65.0085	67.3236	5.59913e-08	
543	1	65.0085	67.2691	5.59913e-08	
544	1	65.0618	67.2991	5.58079e-08	
545	1	65.0618	67.265	5.58079e-08	
546	1	65.0618	67.141	5.58079e-08	
547	1	65.0618	67.1795	5.58079e-08	
548	1	65.3237	67.2273	5.49184e-08	
549	1	65.3237	67.2202	5.49184e-08	
550	1	65.4044	67.2699	5.46476e-08	
551	1	65.5323	67.2725	5.42223e-08	
552	1	65.4616	67.2231	5.4457e-08	
553	1	65.4616	67.2042	5.4457e-08	
554	1	65.4616	67.2473	5.4457e-08	
555	1	65.4277	67.2029	5.45701e-08	
556	1	65.7807	67.2207	5.34081e-08	
557	1	65.1505	67.272	5.55047e-08	
558	1	65.397	67.3385	5.46724e-08	
559	1	65.6257	67.3222	5.39144e-08	
560	1	65.5228	67.33	5.42539e-08	
561	1	65.237	67.3083	5.52109e-08	
562	1	65.3904	67.3246	5.46945e-08	
563	1	65.6508	67.3976	5.3832e-08	
564	1	65.5224	67.2321	5.42553e-08	
565	1	65.0961	67.3351	5.56903e-08	
566	1	65.0961	67.1746	5.56903e-08	
567	1	65.3442	67.1261	5.48493e-08	
568	1	65.5764	67.164	5.40765e-08	
569	1	65.5432	67.119	5.41862e-08	
570	1	65.5432	67.0759	5.41862e-08	
571	1	65.5754	67.1196	5.40798e-08	
572	1	65.3789	67.2498	5.4733e-08	
573	1	65.3789	67.245	5.4733e-08	
574	1	65.278	67.1727	5.50723e-08	
575	1	65.4554	67.1285	5.44777e-08	
576	1	65.6764	67.1512	5.3748e-08	
577	1	65.3586	67.1321	5.48012e-08	
578	1	65.1566	67.13	5.5484e-08	
579	1	65.1566	67.2363	5.5484e-08	
580	1	65.1566	67.2845	5.5484e-08	
581	1	65.3631	67.3148	5.47858e-08	
582	1	65.3631	67.3411	5.47858e-08	
583	1	65.3631	67.3023	5.47858e-08	
584	1	65.6359	67.3892	5.38808e-08	
585	1	65.5428	67.3753	5.41877e-08	
586	1	65.7981	67.4208	5.33514e-08	
587	1	65.7981	67.2986	5.33514e-08	
588	1	65.5813	67.281	5.40603e-08	
589	1	65.4779	67.2949	5.44027e-08	
590	1	65.2154	67.3688	5.52838e-08	
591	1	65.2154	67.327	5.52838e-08	
592	1	65.2154	67.2561	5.52838e-08	
593	1	65.2154	67.1846	5.52838e-08	
594	1	65.2154	67.1892	5.52838e-08	
595	1	65.2154	67.1955	5.52838e-08	
596	1	65.4446	67.1459	5.45137e-08	
597	1	65.209	67.107	5.53056e-08	
598	1	65.3362	67.1804	5.48762e-08	
599	1	65.3053	67.157	5.49801e-08	
600	1	65.3053	67.181	5.49801e-08	
601	1	65.5984	67.1568	5.40041e-08	
602	1	65.5261	67.2492	5.42428e-08	
603	1	65.6366	67.2849	5.38785e-08	
604	1	65.2454	67.2976	5.51824e-08	
605	1	65.1494	67.315	5.55085e-08	
606	1	65.1494	67.1682	5.55085e-08	
607	1	65.1494	67.2291	5.55085e-08	
608	1	65.1494	67.081	5.55085e-08	
609	1	65.444	67.2493	5.45156e-08	
610	1	65.444	67.2533	5.45156e-08	
611	1	65.4479	67.2592	5.45024e-08	
612	1	65.1122	67.3315	5.56353e-08	
613	1	65.1122	67.2336	5.56353e-08	
614	1	65.1122	67.2025	5.56353e-08	
615	1	65.121	67.2568	5.56053e-08	
616	1	65.5244	67.2979	5.42485e-08	
617	1	65.6336	67.3598	5.38883e-08	
618	1	65.427	67.2503	5.45724e-08	
619	1	65.4237	67.2549	5.45834e-08	
620	1	65.4466	67.2447	5.45068e-08	
621	1	65.4466	67.2472	5.45068e-08	
622	1	65.597	67.2433	5.40087e-08	
623	1	65.597	67.1737	5.40087e-08	
624	1	65.5875	67.1073	5.40399e-08	
625	1	65.4816	67.1245	5.43906e-08	
626	1	65.4912	67.1606	5.43585e-08	
627	1	65.3645	67.1644	5.47815e-08	
628	1	65.3645	67.1548	5.47815e-08	
629	1	65.7956	67.2176	5.33595e-08	
630	1	65.4117	67.2525	5.46235e-08	
631	1	65.4117	67.299	5.46235e-08	
632	1	65.585	67.3024	5.40483e-08	
633	1	65.9912	67.3611	5.27298e-08	
634	1	65.4063	67.2852	5.46414e-08	
635	1	65.5494	67.2735	5.41658e-08	
636	1	65.5847	67.4462	5.40491e-08	
637	1	65.269	67.5163	5.51028e-08	
638	1	65.269	67.3706	5.51028e-08	
639	1	65.3502	67.3656	5.48292e-08	
640	1	65.3695	67.3075	5.47645e-08	
641	1	65.3278	67.3473	5.49043e-08	
642	1	65.3278	67.2747	5.49043e-08	
643	1	65.3733	67.2668	5.47519e-08	
644	1	65.3733	67.2286	5.47519e-08	
645	1	65.3733	67.2575	5.47519e-08	
646	1	65.3733	67.3428	5.47519e-08	
647	1	65.5863	67.4324	5.40441e-08	
648	1	65.586	67.3996	5.40448e-08	
649	1	65.586	67.412	5.40448e-08	
650	1	65.586	67.375	5.40448e-08	
651	1	65.6998	67.3744	5.36715e-08	
652	1	65.7467	67.4301	5.35187e-08	
653	1	65.5724	67.4254	5.40898e-08	
654	1	65.4952	67.3741	5.43452e-08	
655	1	65.5724	67.3697	5.40898e-08	
656	1	65.5724	67.4594	5.40898e-08	
657	1	65.5724	67.4086	5.40898e-08	
658	1	65.5252	67.3767	5.4246e-08	
659	1	65.5252	67.4303	5.4246e-08	
660	1	65.5252	67.5057	5.4246e-08	
661	1	65.5252	67.4266	5.4246e-08	
662	1	65.5252	67.4382	5.4246e-08	
663	1	65.6631	67.3914	5.37917e-08	
664	1	65.6631	67.4017	5.37917e-08	
665	1	65.4332	67.5104	5.45514e-08	
666	1	65.3594	67.4284	5.47983e-08	
667	1	65.3594	67.448	5.47983e-08	
668	1	65.3293	67.3929	5.48995e-08	
669	1	65.3861	67.2754	5.47089e-08	
670	1	65.3861	67.195	5.47089e-08	
671	1	65.7053	67.2512	5.36537e-08	
672	1	65.4175	67.2537	5.46041e-08	
673	1	65.3783	67.1877	5.4735e-08	
674	1	65.4175	67.1473	5.46041e-08	
675	1	65.4531	67.1198	5.44854e-08	
676	1	65.432	67.1219	5.45557e-08	
677	1	65.432	67.2193	5.45557e-08	
678	1	65.6694	67.1705	5.3771e-08	
679	1	65.6694	67.1427	5.3771e-08	
680	1	65.7294	67.318	5.35748e-08	
681	1	65.7342	67.329	5.35594e-08	
682	1	65.8153	67.458	5.32959e-08	
683	1	65.8518	67.3449	5.31777e-08	
684	1	65.5189	67.2449	5.42667e-08	
685	1	65.4417	67.2222	5.45232e-08	
686	1	65.4417	67.2503	5.45232e-08	
687	1	65.3845	67.194	5.47143e-08	
688	1	65.6219	67.2108	5.39267e-08	
689	1	65.5577	67.2568	5.41384e-08	
690	1	65.4943	67.3716	5.43484e-08	
691	1	65.4943	67.331	5.43484e-08	
692	1	65.2594	67.3017	5.51351e-08	
693	1	65.2594	67.1882	5.51351e-08	
694	1	65.5008	67.2141	5.43267e-08	
695	1	65.1029	67.2442	5.56673e-08	
696	1	65.1029	67.2579	5.56673e-08	
697	1	65.7338	67.3062	5.35605e-08	
698	1	65.0177	67.2393	5.59595e-08	
699	1	65.145	67.1509	5.55234e-08	
700	1	65.145	67.1161	5.55234e-08	
701	1	65.145	67.255	5.55234e-08	
702	1	65.7152	67.3331	5.36212e-08	
703	1	65.9323	67.3873	5.29186e-08	
704	1	65.2613	67.2948	5.51285e-08	
705	1	65.2044	67.2677	5.53214e-08	
706	1	65.2634	67.1941	5.51217e-08	
707	1	65.2053	67.0871	5.53183e-08	
708	1	65.2634	67.1721	5.51217e-08	
709	1	65.2634	67.1977	5.51217e-08	
710	1	65.7618	67.276	5.34693e-08	
711	1	65.4329	67.2392	5.45525e-08	
712	1	65.5619	67.1799	5.41244e-08	
713	1	65.0971	67.0946	5.56868e-08	
714	1	65.0971	67.0726	5.56868e-08	
715	1	65.0971	67.0401	5.56868e-08	
716	1	65.0971	67.0499	5.56868e-08	
717	1	65.0971	66.9964	5.56868e-08	
718	1	65.0971	67.0309	5.56868e-08	
719	1	65.0971	67.1706	5.56868e-08	
720	1	65.0971	67.1837	5.56868e-08	
721	1	65.0971	67.1872	5.56868e-08	
722	1	65.0971	67.192	5.56868e-08	
723	1	65.4117	67.1716	5.46234e-08	
724	1	65.5365	67.2176	5.42084e-08	
725	1	65.5365	67.125	5.42084e-08	
726	1	65.4891	67.2117	5.43656e-08	
727	1	65.3387	67.1365	5.48679e-08	
728	1	65.3387	67.1607	5.48679e-08	
729	1	65.3387	67.1498	5.48679e-08	
730	1	65.4614	67.1199	5.44577e-08	
731	1	65.074	67.1908	5.57661e-08	
732	1	65.074	67.142	5.57661e-08	
733	1	64.999	67.2143	5.60239e-08	
734	1	64.999	67.1416	5.60239e-08	
735	1	64.999	67.1763	5.60239e-08	
736	1	64.999	67.1457	5.60239e-08	
737	1	64.999	67.2139	5.60239e-08	
738	1	65.2623	67.1803	5.51251e-08	
739	1	65.2442	67.1603	5.51864e-08	
740	1	65.2442	67.2128	5.51864e-08	
741	1	65.2442	67.3657	5.51864e-08	
742	1	65.2442	67.4062	5.51864e-08	
743	1	65.4857	67.2896	5.43769e-08	
744	1	65.5342	67.2023	5.42161e-08	
745	1	65.5949	67.151	5.40158e-08	
746	1	65.5949	67.1557	5.40158e-08	
747	1	65.0657	67.0564	5.57944e-08	
748	1	65.0657	67.2315	5.57944e-08	
749	1	65.0657	67.167	5.57944e-08	
750	1	65.4793	67.235	5.4398e-08	
751	1	65.4793	67.1837	5.4398e-08	
752	1	65.5941	67.2156	5.40183e-08	
753	1	65.5941	67.3901	5.40183e-08	
754	1	65.4328	67.4355	5.45531e-08	
755	1	65.3797	67.4238	5.47303e-08	
756	1	65.3797	67.4038	5.47303e-08	
757	1	65.3991	67.4049	5.46655e-08	
758	1	65.3824	67.252	5.47214e-08	
759	1	65.3824	67.2973	5.47214e-08	
760	1	65.3824	67.2183	5.47214e-08	
761	1	65.5222	67.1794	5.42559e-08	
762	1	65.2136	67.0928	5.52902e-08	
763	1	65.7579	67.0201	5.3482e-08	
764	1	65.1457	67.1488	5.55211e-08	
765	1	65.1457	67.2774	5.55211e-08	
766	1	65.1457	67.2772	5.55211e-08	
767	1	65.3406	67.1789	5.48614e-08	
768	1	65.3406	67.2042	5.48614e-08	
769	1	65.3406	67.1983	5.48614e-08	
770	1	65.6586	67.3128	5.38063e-08	
771	1	65.7856	67.3415	5.33921e-08	
772	1	65.8113	67.3048	5.33086e-08	
773	1	65.2547	67.1822	5.5151e-08	
774	1	65.2547	67.206	5.5151e-08	
775	1	65.2547	67.2422	5.5151e-08	
776	1	65.2547	67.3204	5.5151e-08	
777	1	65.183	67.3645	5.53942e-08	
778	1	65.8105	67.3821	5.33113e-08	
779	1	65.1798	67.3155	5.54048e-08	
780	1	65.7486	67.3576	5.35123e-08	
781	1	65.8	67.3648	5.33452e-08	
782	1	65.8088	67.2799	5.33169e-08	
783	1	65.6141	67.243	5.39523e-08	
784	1	65.6717	67.2923	5.37635e-08	
785	1	65.6717	67.3749	5.37635e-08	
786	1	65.525	67.3177	5.42465e-08	
787	1	65.537	67.2739	5.42069e-08	
788	1	65.537	67.1691	5.42069e-08	
789	1	65.537	67.2119	5.42069e-08	
790	1	65.3667	67.4172	5.47739e-08	
791	1	65.3667	67.3863	5.47739e-08	
792	1	65.537	67.3522	5.42069e-08	
793	1	65.537	67.3035	5.42069e-08	
794	1	65.55	67.1945	5.41639e-08	
795	1	65.55	67.1103	5.41639e-08	
796	1	65.5892	67.1318	5.40343e-08	
797	1	65.6481	67.11	5.38408e-08	
798	1	65.1909	67.0931	5.53671e-08	
799	1	65.1909	67.042	5.53671e-08	
800	1	65.3704	67.0474	5.47616e-08	
801	1	65.3159	67.08	5.49445e-08	
802	1	65.4866	67.1863	5.43738e-08	
803	1	65.3422	67.1074	5.48562e-08	
804	1	65.3422	67.1456	5.48562e-08	
805	1	65.6134	67.2915	5.39548e-08	
806	1	65.5553	67.2661	5.41463e-08	
807	1	65.3515	67.2092	5.48248e-08	
808	1	65.3515	67.2242	5.48248e-08	
809	1	65.3515	67.2124	5.48248e-08	
810	1	65.3515	67.1999	5.48248e-08	
811	1	65.16	67.0874	5.54721e-08	
812	1	65.16	67.0788	5.54721e-08	
813	1	65.16	67.067	5.54721e-08	
814	1	65.16	67.0408	5.54721e-08	
815	1	65.2849	67.0152	5.50489e-08	
816	1	65.2849	66.9618	5.50489e-08	
817	1	65.4446	67.0037	5.45137e-08	
818	1	65.4808	67.022	5.43932e-08	
819	1	65.2859	67.0048	5.50457e-08	
820	1	65.3668	67.0282	5.47735e-08	
821	1	65.3668	67.0694	5.47735e-08	
822	1	65.3668	67.1392	5.47735e-08	
823	1	65.5019	67.2455	5.43231e-08	
824	1	65.1045	67.1338	5.56615e-08	
825	1	65.2487	67.096	5.51712e-08	
826	1	65.4069	67.0827	5.46394e-08	
827	1	65.4069	67.1338	5.46394e-08	
828	1	65.4069	67.1192	5.46394e-08	
829	1	65.4069	67.2361	5.46394e-08	
830	1	65.5157	67.2176	5.42774e-08	
831	1	65.2255	67.2847	5.52497e-08	
832	1	65.363	67.2364	5.47862e-08	
833	1	65.363	67.2225	5.47862e-08	
834	1	65.2488	67.1406	5.51709e-08	
835	1	65.2447	67.1607	5.51848e-08	
836	1	65.2447	67.1905	5.51848e-08	
837	1	65.4518	67.2109	5.44896e-08	
838	1	65.7071	67.2771	5.36476e-08	
839	1	65.1992	67.3359	5.53388e-08	
840	1	65.1884	67.2492	5.53755e-08	
841	1	65.5194	67.186	5.4265e-08	
842	1	65.2016	67.1265	5.53307e-08	
843	1	65.2016	67.0928	5.53307e-08	
844	1	65.2016	67.0979	5.53307e-08	
845	1	65.4321	67.1898	5.45554e-08	
846	1	65.4321	67.289	5.45554e-08	
847	1	65.3737	67.2964	5.47505e-08	
848	1	65.3737	67.2861	5.47505e-08	
849	1	65.3693	67.2779	5.47652e-08	
850	1	65.2702	67.1233	5.50985e-08	
851	1	65.5094	67.0873	5.42982e-08	
852	1	65.5003	67.0889	5.43283e-08	
853	1	65.5003	67.1588	5.43283e-08	
854	1	65.5003	67.255	5.43283e-08	
855	1	65.4703	67.1412	5.44279e-08	
856	1	64.8164	67.1298	5.6658e-08	
857	1	65.3862	67.1548	5.47085e-08	
858	1	65.3862	67.1338	5.47085e-08	
859	1	65.3862	67.1405	5.47085e-08	
860	1	65.6488	67.1454	5.38385e-08	
861	1	65.7538	67.1115	5.34953e-08	
862	1	65.5272	67.067	5.42393e-08	
863	1	65.2911	67.2262	5.50282e-08	
864	1	65.2016	67.1407	5.53307e-08	
865	1	65.121	67.2538	5.56053e-08	
866	1	65.4524	67.2874	5.44876e-08	
867	1	65.4524	67.1871	5.44876e-08	
868	1	65.7385	67.2974	5.35452e-08	
869	1	65.4647	67.1937	5.44468e-08	
870	1	65.4647	67.2462	5.44468e-08	
871	1	65.4647	67.3016	5.44468e-08	
872	1	65.4647	67.4007	5.44468e-08	
873	1	65.4905	67.3501	5.43608e-08	
874	1	65.4128	67.309	5.46196e-08	
875	1	65.3204	67.3306	5.49293e-08	
876	1	65.2528	67.2303	5.51575e-08	
877	1	65.3934	67.2854	5.46845e-08	
878	1	65.3934	67.3449	5.46845e-08	
879	1	65.8257	67.4607	5.32621e-08	
880	1	65.3172	67.4361	5.494e-08	
881	1	65.4805	67.2371	5.43943e-08	
882	1	65.446	67.2341	5.45091e-08	
883	1	65.2985	67.0876	5.50029e-08	
884	1	65.3398	67.0952	5.48641e-08	
885	1	65.3473	67.0499	5.4839e-08	
886	1	65.1851	67.0454	5.53868e-08	
887	1	65.1851	67.079	5.53868e-08	
888	1	65.1851	67.0797	5.53868e-08	
889	1	65.1851	67.0089	5.53868e-08	
890	1	65.1851	66.9779	5.53868e-08	
891	1	65.348	66.9916	5.48368e-08	
892	1	65.0948	67.1058	5.56947e-08	
893	1	65.4904	67.2095	5.43614e-08	
894	1	65.4904	67.2861	5.43614e-08	
895	1	65.3773	67.2905	5.47383e-08	
896	1	65.5055	67.3258	5.43113e-08	
897	1	65.3651	67.1999	5.47793e-08	
898	1	65.3651	67.2356	5.47793e-08	
899	1	65.3651	67.3013	5.47793e-08	
900	1	65.4509	67.3999	5.44927e-08	
901	1	65.0501	67.389	5.58479e-08	
902	1	65.0501	67.2961	5.58479e-08	
903	1	65.5813	67.2281	5.40605e-08	
904	1	65.5813	67.1581	5.40605e-08	
905	1	65.3226	67.0577	5.49219e-08	
906	1	65.3226	67.0688	5.49219e-08	
907	1	65.5164	67.0751	5.42749e-08	
908	1	65.3512	67.0862	5.48258e-08	
909	1	65.3512	67.1338	5.48258e-08	
910	1	65.3512	67.1989	5.48258e-08	
911	1	65.3512	67.1797	5.48258e-08	
912	1	65.3399	67.3342	5.48637e-08	
913	1	65.3512	67.4147	5.48258e-08	
914	1	65.4914	67.3938	5.43581e-08	
915	1	65.4182	67.3332	5.46016e-08	
916	1	65.3591	67.245	5.47993e-08	
917	1	65.3591	67.224	5.47993e-08	
918	1	64.8464	67.2464	5.65531e-08	
919	1	64.8464	67.2448	5.65531e-08	
920	1	65.2632	67.1347	5.51223e-08	
921	1	65.2632	67.2117	5.51223e-08	
922	1	65.2364	67.2337	5.52129e-08	
923	1	65.3444	67.2079	5.48488e-08	
924	1	65.3444	67.23	5.48488e-08	
925	1	65.5666	67.3028	5.41089e-08	
926	1	65.5434	67.3704	5.41857e-08	
927	1	65.5434	67.2715	5.41857e-08	
928	1	65.1916	67.1341	5.53647e-08	
929	1	65.5936	67.1296	5.402e-08	
930	1	65.3474	67.1923	5.48388e-08	
931	1	65.5085	67.2185	5.43011e-08	
932	1	65.3069	67.0735	5.49747e-08	
933	1	65.5085	67.1417	5.43011e-08	
934	1	65.0321	67.2463	5.59099e-08	
935	1	65.0321	67.2254	5.59099e-08	
936	1	65.2003	67.1717	5.53352e-08	
937	1	65.2003	67.1681	5.53352e-08	
938	1	65.2003	67.2128	5.53352e-08	
939	1	65.2003	67.1516	5.53352e-08	
940	1	65.2003	67.0965	5.53352e-08	
941	1	65.2003	67.0556	5.53352e-08	
942	1	65.4126	67.0478	5.46204e-08	
943	1	65.4126	67.0518	5.46204e-08	
944	1	65.4126	67.1565	5.46204e-08	
945	1	65.0364	67.1446	5.58952e-08	
946	1	65.3678	67.1654	5.47703e-08	
947	1	65.3803	67.1901	5.47285e-08	
948	1	65.3803	67.1095	5.47285e-08	
949	1	65.2454	67.2362	5.51823e-08	
950	1	65.3703	67.2063	5.4762e-08	
951	1	65.516	67.1943	5.42764e-08	
952	1	65.3101	67.1679	5.49639e-08	
953	1	65.8866	67.2434	5.30655e-08	
954	1	65.1602	67.2115	5.54715e-08	
955	1	65.1602	67.2299	5.54715e-08	
956	1	65.4838	67.2543	5.43831e-08	
957	1	65.4729	67.1392	5.44195e-08	
958	1	65.5494	67.178	5.41659e-08	
959	1	65.3335	67.1891	5.48854e-08	
960	1	65.2575	67.1282	5.51414e-08	
961	1	65.6354	67.1942	5.38826e-08	
962	1	65.5754	67.1759	5.408e-08	
963	1	65.7541	67.2326	5.34944e-08	
964	1	65.2642	67.2913	5.51187e-08	
965	1	65.603	67.1605	5.39889e-08	
966	1	65.5299	67.236	5.42303e-08	
967	1	65.001	67.2486	5.60169e-08	
968	1	65.5351	67.2664	5.42131e-08	
969	1	65.4661	67.2292	5.44419e-08	
970	1	65.4661	67.1997	5.44419e-08	
971	1	65.6193	67.2233	5.39353e-08	
972	1	65.5069	67.2883	5.43064e-08	
973	1	65.1965	67.1942	5.5348e-08	
974	1	65.5218	67.2212	5.4257e-08	
975	1	65.3258	67.2411	5.49113e-08	
976	1	65.3258	67.2712	5.49113e-08	
977	1	65.3677	67.346	5.47707e-08	
978	1	65.5218	67.3773	5.4257e-08	
979	1	65.5049	67.3512	5.43133e-08	
980	1	65.3184	67.3536	5.49361e-08	
981	1	65.5609	67.3094	5.41279e-08	
982	1	65.4944	67.3467	5.4348e-08	
983	1	65.4057	67.3155	5.46432e-08	
984	1	65.4057	67.2203	5.46432e-08	
985	1	65.3938	67.2717	5.46832e-08	
986	1	65.446	67.2992	5.4509e-08	
987	1	65.446	67.2243	5.4509e-08	
988	1	65.5913	67.4078	5.40275e-08	
989	1	65.4583	67.4348	5.44679e-08	
990	1	65.4583	67.3476	5.44679e-08	
991	1	65.4583	67.28	5.44679e-08	
992	1	65.4583	67.2737	5.44679e-08	
993	1	65.4583	67.2302	5.44679e-08	
994	1	65.4583	67.2789	5.44679e-08	
995	1	65.4583	67.2955	5.44679e-08	
996	1	65.7144	67.244	5.3624e-08	
997	1	65.7144	67.2344	5.3624e-08	
998	1	65.7642	67.3217	5.34614e-08	
999	1	65.7323	67.2948	5.35654e-08	
