BLOCK:	ACTUAL_KE:	KE_AVE:	ERROR:
1	1.82733	1.82733	0
2	1.80506	1.81619	0.00787422
3	1.81195	1.81478	0.00537493
4	1.83428	1.81965	0.00583722
5	1.80717	1.81716	0.00517674
6	1.80551	1.81522	0.00466359
7	1.80435	1.81366	0.00424807
8	1.78046	1.80951	0.00537503
9	1.83192	1.812	0.00532326
10	1.85428	1.81623	0.00624792
11	1.86754	1.82089	0.00721422
12	1.88303	1.82607	0.00826502
13	1.86277	1.8289	0.00809706
14	1.89031	1.83328	0.00862557
15	1.92505	1.8394	0.00998715
16	1.85238	1.84021	0.00939582
17	1.83757	1.84006	0.00884441
18	1.82043	1.83897	0.00841996
19	1.84927	1.83951	0.00799425
20	1.87758	1.84141	0.0078179
21	1.8506	1.84185	0.00745785
22	1.82473	1.84107	0.00715934
23	1.82691	1.84046	0.00687448
24	1.87249	1.84179	0.00671638
25	1.88195	1.8434	0.00663701
26	1.84958	1.84363	0.00638599
27	1.83125	1.84318	0.00616593
28	1.80869	1.84194	0.00606749
29	1.83986	1.84187	0.00585869
30	1.84667	1.84203	0.00566559
31	1.84692	1.84219	0.00548502
32	1.82151	1.84154	0.00535154
33	1.8448	1.84164	0.00519029
34	1.83546	1.84146	0.00504081
35	1.85605	1.84188	0.00491399
36	1.83902	1.8418	0.00477813
37	1.86289	1.84237	0.00468288
38	1.87855	1.84332	0.00465544
39	1.90928	1.84501	0.00483352
40	1.87763	1.84583	0.00478099
41	1.86772	1.84636	0.00469409
42	1.83714	1.84614	0.00458746
43	1.88341	1.84701	0.00456191
44	1.95339	1.84943	0.00505856
45	1.89664	1.85047	0.0050538
46	1.86006	1.85068	0.00494823
47	1.89135	1.85155	0.00491802
48	1.89806	1.85252	0.0049101
49	1.84541	1.85237	0.00481204
50	1.85443	1.85241	0.00471597
51	1.89027	1.85316	0.00468156
52	1.91997	1.85444	0.00476459
53	1.89254	1.85516	0.0047286
54	1.90508	1.85608	0.00473052
55	1.89189	1.85673	0.00468909
56	1.92807	1.85801	0.00477524
57	1.90362	1.85881	0.00475803
58	1.91967	1.85986	0.00479029
59	1.85345	1.85975	0.00471033
60	1.84366	1.85948	0.00463945
61	1.87126	1.85967	0.00456741
62	1.86624	1.85978	0.00449497
63	1.80484	1.85891	0.00450741
64	1.79409	1.8579	0.00454934
65	1.802	1.85704	0.00455989
66	1.78226	1.8559	0.00462943
67	1.80476	1.85514	0.00462284
68	1.84582	1.855	0.00455689
69	1.84727	1.85489	0.00449222
70	1.89262	1.85543	0.00446026
71	1.89954	1.85605	0.00444051
72	1.89131	1.85654	0.00440575
73	1.90531	1.85721	0.00439576
74	1.92223	1.85809	0.00442329
75	1.86702	1.85821	0.00436592
76	1.8453	1.85804	0.00431178
77	1.84321	1.85784	0.00426008
78	1.86559	1.85794	0.00420662
79	1.86	1.85797	0.00415345
80	1.85895	1.85798	0.00410155
81	1.8804	1.85826	0.00406024
82	1.91275	1.85892	0.00406475
83	1.84911	1.8588	0.0040175
84	1.86206	1.85884	0.00396985
85	1.81129	1.85828	0.00396237
86	1.8611	1.85832	0.00391643
87	1.83819	1.85808	0.00387824
88	1.879	1.85832	0.00384145
89	1.90192	1.85881	0.00382939
90	1.91481	1.85943	0.00383705
91	1.96963	1.86065	0.00398138
92	1.93861	1.86149	0.00402729
93	1.89061	1.86181	0.00399614
94	1.88849	1.86209	0.0039637
95	1.86342	1.8621	0.003922
96	1.81301	1.86159	0.00391434
97	1.82087	1.86117	0.00389644
98	1.81172	1.86067	0.00388921
99	1.85406	1.8606	0.0038505
100	1.87805	1.86078	0.00381594
101	1.80774	1.86025	0.00381411
102	1.81577	1.85981	0.00380157
103	1.86019	1.85982	0.00376467
104	1.81155	1.85935	0.00375697
105	1.79047	1.8587	0.00377805
106	1.7852	1.858	0.00380549
107	1.81105	1.85757	0.00379515
108	1.86795	1.85766	0.00376122
109	1.85333	1.85762	0.00372693
110	1.86052	1.85765	0.00369314
111	1.87771	1.85783	0.00366429
112	1.84212	1.85769	0.00363425
113	1.84322	1.85756	0.00360435
114	1.81156	1.85716	0.00359524
115	1.80206	1.85668	0.00359577
116	1.84397	1.85657	0.00356644
117	1.8347	1.85638	0.00354085
118	1.85261	1.85635	0.00351099
119	1.84565	1.85626	0.00348263
120	1.86497	1.85633	0.00345437
121	1.8828	1.85655	0.00343274
122	1.90116	1.85692	0.00342402
123	1.88338	1.85713	0.00340294
124	1.9086	1.85755	0.00340071
125	1.91538	1.85801	0.00340483
126	1.86619	1.85807	0.00337843
127	1.85628	1.85806	0.00335186
128	1.84221	1.85794	0.00332796
129	1.85935	1.85795	0.00330218
130	1.84909	1.85788	0.00327748
131	1.88467	1.85808	0.00325884
132	1.85789	1.85808	0.00323415
133	1.81753	1.85778	0.00322417
134	1.84418	1.85768	0.00320171
135	1.86504	1.85773	0.00317846
136	1.83061	1.85753	0.00316133
137	1.81579	1.85723	0.00315291
138	1.84357	1.85713	0.00313161
139	1.85607	1.85712	0.00310909
140	1.85997	1.85714	0.00308695
141	1.85525	1.85713	0.00306509
142	1.84388	1.85703	0.00304492
143	1.84769	1.85697	0.00302433
144	1.8388	1.85684	0.00300596
145	1.83401	1.85669	0.00298935
146	1.82926	1.8565	0.00297477
147	1.82805	1.8563	0.00296082
148	1.8558	1.8563	0.00294082
149	1.85218	1.85627	0.00292121
150	1.85821	1.85629	0.00290176
151	1.87528	1.85641	0.00288527
152	1.87912	1.85656	0.00287015
153	1.90299	1.85686	0.00286739
154	1.8642	1.85691	0.00284916
155	1.8486	1.85686	0.00283129
156	1.8205	1.85663	0.00282271
157	1.87037	1.85671	0.00280609
158	1.88956	1.85692	0.00279602
159	1.93679	1.85742	0.0028232
160	1.86609	1.85748	0.00280608
161	1.87759	1.8576	0.00279143
162	1.92491	1.85802	0.00280494
163	1.92148	1.85841	0.00281463
164	1.93183	1.85885	0.00283285
165	1.87457	1.85895	0.00281728
166	1.89144	1.85915	0.0028071
167	1.93383	1.85959	0.00282569
168	1.91293	1.85991	0.00282665
169	1.8811	1.86004	0.0028127
170	1.93936	1.8605	0.00283459
171	1.97818	1.86119	0.00290034
172	1.96108	1.86177	0.00294105
173	1.94328	1.86224	0.00296155
174	1.95026	1.86275	0.00298741
175	1.9597	1.8633	0.00302127
176	1.89756	1.8635	0.00301037
177	1.87455	1.86356	0.00299401
178	1.86628	1.86357	0.00297723
179	1.92172	1.8639	0.00297826
180	1.91455	1.86418	0.00297498
181	1.90903	1.86443	0.00296884
182	1.85244	1.86436	0.00295326
183	1.82134	1.86413	0.00294646
184	1.83156	1.86395	0.00293576
185	1.85933	1.86393	0.00292
186	1.88044	1.86401	0.00290565
187	1.84944	1.86394	0.00289116
188	1.80875	1.86364	0.00289064
189	1.82391	1.86343	0.00288298
190	1.84245	1.86332	0.00286992
191	1.80515	1.86302	0.00287102
192	1.77231	1.86255	0.00289467
193	1.85674	1.86251	0.00287983
194	1.86371	1.86252	0.00286499
195	1.84746	1.86244	0.00285134
196	1.83725	1.86232	0.00283969
197	1.81527	1.86208	0.0028353
198	1.84086	1.86197	0.002823
199	1.89927	1.86216	0.00281503
200	1.87618	1.86223	0.00280183
201	1.864	1.86224	0.0027879
202	1.83794	1.86212	0.0027767
203	1.84699	1.86204	0.00276402
204	1.84961	1.86198	0.00275114
205	1.86213	1.86198	0.00273772
206	1.81867	1.86177	0.00273249
207	1.84236	1.86168	0.0027209
208	1.81624	1.86146	0.00271657
209	1.7893	1.86111	0.00272542
210	1.86443	1.86113	0.00271249
211	1.89979	1.86131	0.00270581
212	1.8401	1.86121	0.0026949
213	1.81693	1.861	0.00269025
214	1.82533	1.86084	0.00268284
215	1.81355	1.86062	0.00267936
216	1.82424	1.86045	0.00267225
217	1.83078	1.86031	0.00266343
218	1.83615	1.8602	0.00265351
219	1.85005	1.86016	0.0026418
220	1.81959	1.85997	0.00263622
221	1.84968	1.85992	0.0026247
222	1.82795	1.85978	0.00261683
223	1.8306	1.85965	0.00260837
224	1.82426	1.85949	0.0026015
225	1.8044	1.85925	0.00260144
226	1.83505	1.85914	0.00259213
227	1.91584	1.85939	0.00259272
228	1.89588	1.85955	0.00258628
229	1.89911	1.85972	0.00258075
230	1.88919	1.85985	0.00257271
231	1.8636	1.85987	0.00256162
232	1.86246	1.85988	0.00255061
233	1.86888	1.85992	0.00253995
234	1.85698	1.8599	0.00252913
235	1.8655	1.85993	0.00251848
236	1.85465	1.85991	0.00250791
237	1.87281	1.85996	0.00249791
238	1.87059	1.86	0.00248782
239	1.80936	1.85979	0.00248642
240	1.84314	1.85972	0.00247702
241	1.83226	1.85961	0.00246937
242	1.82135	1.85945	0.00246422
243	1.83785	1.85936	0.00245568
244	1.84239	1.85929	0.0024466
245	1.85061	1.85926	0.00243687
246	1.82655	1.85912	0.00243059
247	1.85472	1.85911	0.00242081
248	1.82292	1.85896	0.00241544
249	1.84366	1.8589	0.00240653
250	1.89249	1.85903	0.00240065
251	1.82263	1.85889	0.00239546
252	1.80315	1.85867	0.00239614
253	1.84968	1.85863	0.00238694
254	1.85137	1.8586	0.00237771
255	1.81698	1.85844	0.00237398
256	1.80805	1.85824	0.00237285
257	1.80517	1.85804	0.00237259
258	1.81841	1.85788	0.00236836
259	1.87321	1.85794	0.00235996
260	1.87289	1.858	0.00235158
261	1.86263	1.85802	0.00234264
262	1.8339	1.85793	0.0023355
263	1.81665	1.85777	0.00233189
264	1.84076	1.8577	0.00232394
265	1.84407	1.85765	0.00231574
266	1.83729	1.85758	0.0023083
267	1.81799	1.85743	0.00230441
268	1.7908	1.85718	0.00230919
269	1.82898	1.85707	0.00230298
270	1.84551	1.85703	0.00229485
271	1.87133	1.85708	0.00228699
272	1.874	1.85715	0.00227942
273	1.86634	1.85718	0.00227132
274	1.81864	1.85704	0.00226739
275	1.76835	1.85672	0.00228196
276	1.78272	1.85645	0.00228939
277	1.81901	1.85631	0.00228511
278	1.83151	1.85622	0.00227863
279	1.92443	1.85647	0.00228354
280	1.8599	1.85648	0.00227542
281	1.85808	1.85649	0.00226733
282	1.89124	1.85661	0.00226264
283	1.87429	1.85667	0.0022555
284	1.95862	1.85703	0.00227595
285	1.91005	1.85722	0.00227555
286	1.88769	1.85732	0.00227009
287	1.85714	1.85732	0.00226218
288	1.82674	1.85722	0.00225682
289	1.84988	1.85719	0.00224915
290	1.87818	1.85726	0.00224256
291	1.89726	1.8574	0.00223906
292	1.86485	1.85743	0.00223154
293	1.89686	1.85756	0.00222798
294	1.87621	1.85763	0.0022213
295	1.83676	1.85755	0.0022149
296	1.87186	1.8576	0.00220794
297	1.83212	1.85752	0.00220218
298	1.85222	1.8575	0.00219486
299	1.85781	1.8575	0.00218752
300	1.85662	1.8575	0.00218023
301	1.86041	1.85751	0.00217301
302	1.84202	1.85746	0.00216642
303	1.84454	1.85741	0.00215969
304	1.85284	1.8574	0.00215263
305	1.86923	1.85744	0.00214593
306	1.86589	1.85746	0.00213909
307	1.84943	1.85744	0.00213228
308	1.85354	1.85743	0.0021254
309	1.89721	1.85755	0.00212242
310	1.88748	1.85765	0.00211776
311	1.8298	1.85756	0.00211285
312	1.82516	1.85746	0.00210862
313	1.81066	1.85731	0.00210718
314	1.8198	1.85719	0.00210385
315	1.80968	1.85704	0.00210257
316	1.88066	1.85711	0.00209725
317	1.84326	1.85707	0.00209109
318	1.85401	1.85706	0.00208453
319	1.89419	1.85718	0.00208124
320	1.85458	1.85717	0.00207476
321	1.8273	1.85707	0.00207038
322	1.81652	1.85695	0.00206778
323	1.83067	1.85687	0.00206297
324	1.88479	1.85695	0.00205841
325	1.87871	1.85702	0.00205316
326	1.82045	1.85691	0.00204992
327	1.81659	1.85678	0.00204736
328	1.81347	1.85665	0.00204537
329	1.8111	1.85651	0.00204384
330	1.85336	1.8565	0.00203766
331	1.85641	1.8565	0.00203151
332	1.84618	1.85647	0.00202563
333	1.81698	1.85635	0.00202301
334	1.84008	1.85631	0.00201754
335	1.84521	1.85627	0.00201179
336	1.85472	1.85627	0.00200581
337	1.86767	1.8563	0.00200014
338	1.86944	1.85634	0.0019946
339	1.87253	1.85639	0.00198929
340	1.81952	1.85628	0.00198639
341	1.86949	1.85632	0.00198095
342	1.94561	1.85658	0.00199229
343	1.92051	1.85677	0.00199518
344	1.89712	1.85688	0.00199282
345	1.88239	1.85696	0.00198842
346	1.87648	1.85701	0.00198347
347	1.83714	1.85696	0.00197858
348	1.84666	1.85693	0.00197312
349	1.82862	1.85685	0.00196913
350	1.85611	1.85684	0.00196351
351	1.86094	1.85686	0.00195795
352	1.90145	1.85698	0.00195648
353	1.8876	1.85707	0.00195286
354	1.93644	1.85729	0.00196017
355	1.94387	1.85754	0.00196976
356	1.90494	1.85767	0.00196872
357	1.89868	1.85779	0.00196656
358	1.89092	1.85788	0.00196324
359	1.88866	1.85796	0.00195964
360	1.91299	1.85812	0.00196015
361	1.95324	1.85838	0.00197236
362	1.96756	1.85868	0.00198983
363	1.92545	1.85887	0.00199284
364	1.92904	1.85906	0.00199666
365	1.91779	1.85922	0.00199767
366	1.88905	1.8593	0.00199387
367	1.92363	1.85948	0.00199613
368	1.88954	1.85956	0.00199238
369	1.95659	1.85982	0.00200426
370	1.91879	1.85998	0.00200516
371	1.88013	1.86003	0.0020005
372	1.86712	1.86005	0.00199521
373	1.85743	1.86005	0.00198987
374	1.79362	1.85987	0.00199246
375	1.86279	1.85988	0.00198716
376	1.88201	1.85994	0.00198275
377	1.88107	1.85999	0.00197828
378	1.87601	1.86003	0.0019735
379	1.9252	1.86021	0.00197577
380	1.90039	1.86031	0.0019734
381	1.87027	1.86034	0.0019684
382	1.89778	1.86044	0.00196568
383	1.89012	1.86051	0.00196208
384	1.89707	1.86061	0.00195928
385	1.97333	1.8609	0.00197594
386	1.93674	1.8611	0.00198057
387	1.89848	1.86119	0.0019778
388	1.88999	1.86127	0.0019741
389	1.92597	1.86143	0.00197602
390	1.91165	1.86156	0.00197514
391	1.93151	1.86174	0.00197817
392	1.88346	1.8618	0.0019739
393	1.89967	1.86189	0.00197123
394	1.87386	1.86192	0.00196646
395	1.85859	1.86192	0.0019615
396	1.83917	1.86186	0.00195739
397	1.86365	1.86186	0.00195246
398	1.89805	1.86195	0.00194967
399	1.9301	1.86212	0.00195225
400	1.91411	1.86225	0.00195169
401	1.91735	1.86239	0.00195165
402	1.94497	1.8626	0.00195758
403	1.91419	1.86273	0.0019569
404	1.91398	1.86285	0.00195617
405	1.9423	1.86305	0.00196115
406	1.94543	1.86325	0.00196679
407	1.96529	1.8635	0.00197787
408	1.93067	1.86367	0.00197986
409	1.88217	1.86371	0.00197554
410	1.87292	1.86373	0.00197085
411	1.88707	1.86379	0.00196687
412	1.85189	1.86376	0.00196231
413	1.88659	1.86382	0.00195834
414	1.86975	1.86383	0.00195366
415	1.87066	1.86385	0.00194902
416	1.87073	1.86387	0.0019444
417	1.84055	1.86381	0.00194054
418	1.86513	1.86381	0.0019359
419	1.82921	1.86373	0.00193305
420	1.84839	1.86369	0.00192879
421	1.87242	1.86371	0.00192432
422	1.86969	1.86373	0.00191981
423	1.85986	1.86372	0.00191529
424	1.79332	1.86355	0.00191796
425	1.7632	1.86332	0.00192793
426	1.81295	1.8632	0.00192702
427	1.81697	1.86309	0.00192555
428	1.78922	1.86292	0.00192877
429	1.89838	1.863	0.00192604
430	1.904	1.8631	0.00192392
431	1.84277	1.86305	0.00192004
432	1.81943	1.86295	0.00191825
433	1.84229	1.8629	0.00191441
434	1.85844	1.86289	0.00191003
435	1.85697	1.86288	0.00190568
436	1.87353	1.8629	0.00190147
437	1.86408	1.8629	0.00189712
438	1.87743	1.86294	0.00189308
439	1.88096	1.86298	0.00188921
440	1.8789	1.86301	0.00188526
441	1.88754	1.86307	0.00188181
442	1.87488	1.8631	0.00187774
443	1.88007	1.86313	0.00187389
444	1.86854	1.86315	0.00186971
445	1.83365	1.86308	0.00186669
446	1.86249	1.86308	0.0018625
447	1.85682	1.86306	0.00185839
448	1.86778	1.86308	0.00185427
449	1.90245	1.86316	0.00185221
450	1.89689	1.86324	0.00184961
451	1.91095	1.86334	0.00184853
452	1.87858	1.86338	0.00184475
453	1.8795	1.86341	0.00184102
454	1.8787	1.86345	0.00183727
455	1.86233	1.86344	0.00183324
456	1.8414	1.8634	0.00182985
457	1.83631	1.86334	0.00182681
458	1.80667	1.86321	0.00182701
459	1.80044	1.86308	0.00182814
460	1.82732	1.863	0.00182581
461	1.89596	1.86307	0.00182325
462	1.93037	1.86322	0.00182512
463	1.84931	1.86319	0.00182142
464	1.91833	1.8633	0.00182137
465	1.88674	1.86335	0.00181815
466	1.82668	1.86328	0.00181595
467	1.82137	1.86319	0.00181428
468	1.88118	1.86322	0.00181081
469	1.89149	1.86329	0.00180795
470	1.85774	1.86327	0.00180414
471	1.85906	1.86326	0.00180033
472	1.84535	1.86323	0.00179692
473	1.8706	1.86324	0.00179319
474	1.9021	1.86332	0.00179128
475	1.87251	1.86334	0.00178761
476	1.86532	1.86335	0.00178386
477	1.82717	1.86327	0.00178173
478	1.85871	1.86326	0.00177803
479	1.81158	1.86315	0.00177759
480	1.85915	1.86315	0.00177391
481	1.89017	1.8632	0.00177111
482	1.8351	1.86314	0.00176839
483	1.81879	1.86305	0.00176711
484	1.83974	1.863	0.00176412
485	1.86537	1.86301	0.00176049
486	1.85222	1.86299	0.00175701
487	1.81579	1.86289	0.00175607
488	1.83559	1.86283	0.00175336
489	1.84887	1.8628	0.00175001
490	1.94057	1.86296	0.00175362
491	1.92681	1.86309	0.00175486
492	1.91709	1.8632	0.00175472
493	1.89412	1.86327	0.00175228
494	1.83304	1.8632	0.00174981
495	1.80837	1.86309	0.00174977
496	1.82858	1.86302	0.00174763
497	1.84037	1.86298	0.00174471
498	1.82621	1.86291	0.00174276
499	1.78158	1.86274	0.00174688
500	1.80077	1.86262	0.00174777
501	1.81179	1.86252	0.00174723
502	1.84987	1.86249	0.00174393
503	1.90398	1.86257	0.00174241
504	1.87563	1.8626	0.00173915
505	1.89131	1.86266	0.00173663
506	1.91472	1.86276	0.00173625
507	1.90778	1.86285	0.00173509
508	1.89357	1.86291	0.00173273
509	1.89323	1.86297	0.00173035
510	1.90355	1.86305	0.00172878
511	1.86954	1.86306	0.00172545
512	1.85646	1.86305	0.00172213
513	1.84609	1.86301	0.00171909
514	1.87078	1.86303	0.00171581
515	1.89092	1.86308	0.00171333
516	1.86114	1.86308	0.00171001
517	1.83609	1.86303	0.0017075
518	1.78698	1.86288	0.00171051
519	1.8386	1.86283	0.00170785
520	1.8914	1.86289	0.00170545
521	1.88809	1.86294	0.00170286
522	1.89007	1.86299	0.00170039
523	1.91201	1.86308	0.00169972
524	1.85904	1.86308	0.0016965
525	1.89083	1.86313	0.00169409
526	1.91365	1.86322	0.00169359
527	1.96547	1.86342	0.00170145
528	1.91584	1.86352	0.00170112
529	1.88736	1.86356	0.0016985
530	1.83972	1.86352	0.00169589
531	1.8805	1.86355	0.001693
532	1.94159	1.8637	0.00169616
533	1.90064	1.86377	0.0016944
534	1.92149	1.86387	0.00169467
535	1.9447	1.86403	0.00169822
536	1.93148	1.86415	0.00169971
537	1.86666	1.86416	0.00169655
538	1.86407	1.86416	0.0016934
539	1.91561	1.86425	0.00169294
540	1.90269	1.86432	0.0016913
541	1.853	1.8643	0.00168831
542	1.87336	1.86432	0.00168527
543	1.87865	1.86434	0.00168238
544	1.86138	1.86434	0.00167929
545	1.80303	1.86423	0.00167998
546	1.83334	1.86417	0.00167785
547	1.87287	1.86419	0.00167486
548	1.86102	1.86418	0.00167181
549	1.81424	1.86409	0.00167124
550	1.8344	1.86404	0.00166907
551	1.87676	1.86406	0.0016662
552	1.84894	1.86403	0.00166341
553	1.86902	1.86404	0.00166043
554	1.86922	1.86405	0.00165746
555	1.90733	1.86413	0.0016563
556	1.90442	1.8642	0.00165491
557	1.93763	1.86433	0.00165718
558	1.86523	1.86433	0.00165421
559	1.78895	1.8642	0.00165674
560	1.83211	1.86414	0.00165477
561	1.8102	1.86404	0.00165461
562	1.82909	1.86398	0.00165284
563	1.8607	1.86398	0.00164991
564	1.83753	1.86393	0.00164765
565	1.8442	1.8639	0.00164511
566	1.83048	1.86384	0.00164326
567	1.85694	1.86382	0.00164041
568	1.91211	1.86391	0.00163972
569	1.96656	1.86409	0.00164673
570	1.94622	1.86423	0.00165014
571	1.85615	1.86422	0.00164731
572	1.8383	1.86417	0.00164505
573	1.89703	1.86423	0.00164318
574	1.86933	1.86424	0.00164034
575	1.80627	1.86414	0.00164058
576	1.8287	1.86408	0.00163889
577	1.85335	1.86406	0.00163615
578	1.82284	1.86399	0.00163488
579	1.84575	1.86396	0.00163236
580	1.90369	1.86402	0.00163098
581	1.87451	1.86404	0.00162827
582	1.83056	1.86399	0.00162649
583	1.82993	1.86393	0.00162475
584	1.80214	1.86382	0.00162541
585	1.8184	1.86374	0.00162448
586	1.82557	1.86368	0.00162302
587	1.89986	1.86374	0.00162142
588	1.91192	1.86382	0.00162073
589	1.84347	1.86379	0.00161835
590	1.8503	1.86376	0.00161577
591	1.84295	1.86373	0.00161342
592	1.82806	1.86367	0.00161182
593	1.82564	1.8636	0.00161037
594	1.89103	1.86365	0.00160833
595	1.91318	1.86373	0.00160778
596	1.90072	1.8638	0.00160627
597	1.85604	1.86378	0.00160364
598	1.87159	1.8638	0.00160101
599	1.84833	1.86377	0.00159854
600	1.82488	1.86371	0.00159719
601	1.80332	1.86361	0.00159769
602	1.80533	1.86351	0.00159797
603	1.86176	1.86351	0.00159532
604	1.90005	1.86357	0.00159383
605	1.86523	1.86357	0.0015912
606	1.85455	1.86355	0.00158864
607	1.90842	1.86363	0.00158774
608	1.92377	1.86373	0.00158821
609	1.86236	1.86372	0.0015856
610	1.82435	1.86366	0.00158432
611	1.84082	1.86362	0.00158216
612	1.7715	1.86347	0.00158672
613	1.78807	1.86335	0.00158889
614	1.84098	1.86331	0.00158672
615	1.83781	1.86327	0.00158469
616	1.85805	1.86326	0.00158214
617	1.8184	1.86319	0.00158124
618	1.85676	1.86318	0.00157872
619	1.88185	1.86321	0.00157646
620	1.89766	1.86327	0.00157489
621	1.86708	1.86327	0.00157237
622	1.8232	1.86321	0.00157116
623	1.83235	1.86316	0.00156942
624	1.83651	1.86311	0.00156748
625	1.83397	1.86307	0.00156567
626	1.85155	1.86305	0.00156328
627	1.88845	1.86309	0.00156131
628	1.89846	1.86315	0.00155984
629	1.85448	1.86313	0.00155742
630	1.86759	1.86314	0.00155496
631	1.86027	1.86314	0.0015525
632	1.86995	1.86315	0.00155009
633	1.86254	1.86315	0.00154764
634	1.88374	1.86318	0.00154554
635	1.87398	1.86319	0.0015432
636	1.88596	1.86323	0.00154118
637	1.88885	1.86327	0.00153929
638	1.9147	1.86335	0.00153899
639	1.90409	1.86342	0.0015379
640	1.84015	1.86338	0.00153592
641	1.84905	1.86336	0.00153369
642	1.86942	1.86337	0.00153133
643	1.80982	1.86328	0.00153121
644	1.84015	1.86325	0.00152926
645	1.82583	1.86319	0.00152798
646	1.79534	1.86308	0.00152923
647	1.80806	1.863	0.00152922
648	1.80485	1.86291	0.0015295
649	1.809	1.86283	0.00152939
650	1.80292	1.86273	0.00152981
651	1.82084	1.86267	0.00152882
652	1.80471	1.86258	0.00152905
653	1.86666	1.86259	0.00152673
654	1.85582	1.86258	0.00152443
655	1.87054	1.86259	0.00152215
656	1.83381	1.86254	0.00152046
657	1.85329	1.86253	0.00151821
658	1.84924	1.86251	0.00151604
659	1.82719	1.86246	0.00151468
660	1.84914	1.86244	0.00151252
661	1.83186	1.86239	0.00151094
662	1.83699	1.86235	0.00150915
663	1.88509	1.86239	0.00150726
664	1.87083	1.8624	0.00150504
665	1.82732	1.86235	0.0015037
666	1.84802	1.86232	0.0015016
667	1.82132	1.86226	0.00150061
668	1.84641	1.86224	0.00149855
669	1.87388	1.86226	0.00149641
670	1.83033	1.86221	0.00149493
671	1.86629	1.86222	0.00149272
672	1.88788	1.86225	0.00149099
673	1.90498	1.86232	0.00149012
674	1.90096	1.86237	0.00148901
675	1.86098	1.86237	0.00148681
676	1.84729	1.86235	0.00148478
677	1.86964	1.86236	0.00148262
678	1.93758	1.86247	0.00148458
679	1.91329	1.86255	0.00148428
680	1.83795	1.86251	0.00148254
681	1.90976	1.86258	0.00148198
682	1.93934	1.86269	0.00148408
683	1.93579	1.8628	0.00148576
684	1.87378	1.86282	0.00148367
685	1.84977	1.8628	0.00148163
686	1.88087	1.86282	0.0014797
687	1.90633	1.86289	0.00147891
688	1.88468	1.86292	0.00147709
689	1.86161	1.86292	0.00147495
690	1.85041	1.8629	0.00147293
691	1.80873	1.86282	0.00147288
692	1.81749	1.86275	0.00147221
693	1.8173	1.86269	0.00147154
694	1.78553	1.86258	0.00147362
695	1.81641	1.86251	0.00147299
696	1.86427	1.86251	0.00147088
697	1.8908	1.86255	0.00146933
698	1.8854	1.86259	0.00146759
699	1.87157	1.8626	0.00146554
700	1.83442	1.86256	0.001464
701	1.82274	1.8625	0.00146301
702	1.85413	1.86249	0.00146098
703	1.85849	1.86248	0.00145891
704	1.79091	1.86238	0.00146038
705	1.75847	1.86224	0.00146573
706	1.80897	1.86216	0.00146559
707	1.86146	1.86216	0.00146352
708	1.83594	1.86212	0.00146192
709	1.86431	1.86212	0.00145986
710	1.88225	1.86215	0.00145808
711	1.8465	1.86213	0.0014562
712	1.78463	1.86202	0.00145821
713	1.83801	1.86199	0.00145656
714	1.86458	1.86199	0.00145452
715	1.80344	1.86191	0.00145479
716	1.85685	1.8619	0.00145278
717	1.841	1.86187	0.00145104
718	1.83171	1.86183	0.00144963
719	1.88291	1.86186	0.00144791
720	1.80849	1.86179	0.00144779
721	1.77822	1.86167	0.00145042
722	1.78885	1.86157	0.00145191
723	1.79078	1.86147	0.0014532
724	1.86193	1.86147	0.00145119
725	1.86635	1.86148	0.00144921
726	1.85652	1.86147	0.00144723
727	1.82175	1.86142	0.00144627
728	1.83708	1.86139	0.00144467
729	1.80983	1.86131	0.00144442
730	1.81746	1.86125	0.00144369
731	1.79868	1.86117	0.00144425
732	1.86107	1.86117	0.00144228
733	1.85382	1.86116	0.00144034
734	1.8676	1.86117	0.00143841
735	1.86043	1.86117	0.00143645
736	1.86158	1.86117	0.0014345
737	1.86225	1.86117	0.00143255
738	1.90791	1.86123	0.00143201
739	1.9186	1.86131	0.00143218
740	1.87006	1.86132	0.00143029
741	1.80898	1.86125	0.0014301
742	1.80553	1.86118	0.00143015
743	1.85448	1.86117	0.00142825
744	1.89001	1.86121	0.00142686
745	1.9182	1.86128	0.00142699
746	1.89103	1.86132	0.00142563
747	1.86795	1.86133	0.00142375
748	1.85839	1.86133	0.00142185
749	1.82913	1.86128	0.00142061
750	1.80883	1.86121	0.00142043
751	1.87193	1.86123	0.00141861
752	1.86871	1.86124	0.00141676
753	1.88629	1.86127	0.00141527
754	1.87212	1.86129	0.00141347
755	1.90419	1.86134	0.00141274
756	1.92395	1.86143	0.00141329
757	1.91757	1.8615	0.00141337
758	1.95667	1.86162	0.00141707
759	1.92015	1.8617	0.0014173
760	1.95152	1.86182	0.00142035
761	1.96811	1.86196	0.00142534
762	1.92546	1.86204	0.0014259
763	1.8669	1.86205	0.00142405
764	1.83513	1.86201	0.00142262
765	1.85942	1.86201	0.00142076
766	1.90376	1.86207	0.00141995
767	1.89777	1.86211	0.00141887
768	1.88186	1.86214	0.00141725
769	1.92245	1.86222	0.00141758
770	1.9031	1.86227	0.00141673
771	1.90814	1.86233	0.00141614
772	1.91622	1.8624	0.00141603
773	1.90274	1.86245	0.00141516
774	1.89276	1.86249	0.00141387
775	1.90499	1.86254	0.00141311
776	1.91009	1.86261	0.00141261
777	1.94664	1.86271	0.00141493
778	1.91017	1.86278	0.00141443
779	1.89731	1.86282	0.00141331
780	1.89201	1.86286	0.00141199
781	1.90724	1.86291	0.00141132
782	1.93018	1.863	0.00141214
783	1.97358	1.86314	0.00141738
784	1.94214	1.86324	0.00141915
785	1.95739	1.86336	0.0014224
786	1.90472	1.86341	0.00142156
787	1.87304	1.86343	0.00141981
788	1.8344	1.86339	0.00141848
789	1.84393	1.86337	0.0014169
790	1.84536	1.86334	0.00141529
791	1.83963	1.86331	0.00141382
792	1.82324	1.86326	0.00141294
793	1.85395	1.86325	0.00141121
794	1.85563	1.86324	0.00140946
795	1.86643	1.86324	0.00140769
796	1.87706	1.86326	0.00140603
797	1.91157	1.86332	0.00140557
798	1.90903	1.86338	0.00140498
799	1.97514	1.86352	0.00141017
800	1.92221	1.86359	0.00141031
801	1.91641	1.86366	0.00141009
802	1.9074	1.86371	0.00140939
803	1.92002	1.86378	0.00140938
804	1.94421	1.86388	0.00141117
805	1.97837	1.86403	0.00141656
806	1.89409	1.86406	0.0014153
807	1.86285	1.86406	0.00141354
808	1.8841	1.86409	0.00141201
809	1.8956	1.86413	0.0014108
810	1.8624	1.86412	0.00140906
811	1.83223	1.86408	0.00140787
812	1.82732	1.86404	0.00140687
813	1.79088	1.86395	0.00140801
814	1.8454	1.86393	0.00140647
815	1.88014	1.86395	0.00140488
816	1.85794	1.86394	0.00140318
817	1.86717	1.86394	0.00140147
818	1.89022	1.86397	0.00140012
819	1.85418	1.86396	0.00139846
820	1.88479	1.86399	0.00139699
821	1.90066	1.86403	0.001396
822	1.87194	1.86404	0.00139434
823	1.83051	1.864	0.00139324
824	1.83541	1.86397	0.00139198
825	1.82735	1.86392	0.001391
826	1.85253	1.86391	0.00138938
827	1.88641	1.86394	0.00138797
828	1.80758	1.86387	0.00138796
829	1.79377	1.86378	0.00138886
830	1.82189	1.86373	0.0013881
831	1.8398	1.8637	0.00138673
832	1.86098	1.8637	0.00138507
833	1.92106	1.86377	0.00138512
834	1.86896	1.86378	0.00138347
835	1.81992	1.86372	0.00138281
836	1.80072	1.86365	0.00138321
837	1.8716	1.86366	0.00138159
838	1.90766	1.86371	0.00138094
839	1.92095	1.86378	0.00138098
840	1.89806	1.86382	0.00137993
841	1.87057	1.86383	0.00137832
842	1.85031	1.86381	0.00137677
843	1.88158	1.86383	0.0013753
844	1.87309	1.86384	0.00137372
845	1.83263	1.86381	0.00137259
846	1.80712	1.86374	0.0013726
847	1.85727	1.86373	0.001371
848	1.83699	1.8637	0.00136975
849	1.8404	1.86367	0.00136841
850	1.80012	1.8636	0.00136884
851	1.8182	1.86354	0.00136827
852	1.81891	1.86349	0.00136767
853	1.81864	1.86344	0.00136707
854	1.80451	1.86337	0.00136721
855	1.85946	1.86337	0.00136562
856	1.87383	1.86338	0.00136408
857	1.89804	1.86342	0.00136309
858	1.90892	1.86347	0.00136253
859	1.8764	1.86349	0.00136103
860	1.84659	1.86347	0.00135959
861	1.89466	1.8635	0.00135849
862	1.92508	1.86357	0.00135879
863	1.9318	1.86365	0.00135951
864	1.91707	1.86372	0.00135935
865	1.88267	1.86374	0.00135795
866	1.89027	1.86377	0.00135673
867	1.86043	1.86376	0.00135517
868	1.81435	1.86371	0.0013548
869	1.84181	1.86368	0.00135348
870	1.84282	1.86366	0.00135214
871	1.86208	1.86366	0.00135058
872	1.87009	1.86366	0.00134906
873	1.89595	1.8637	0.00134802
874	1.87321	1.86371	0.00134652
875	1.8578	1.8637	0.001345
876	1.8721	1.86371	0.0013435
877	1.87573	1.86373	0.00134203
878	1.89635	1.86376	0.00134102
879	1.84624	1.86374	0.00133964
880	1.90361	1.86379	0.00133889
881	1.89664	1.86383	0.00133788
882	1.86106	1.86382	0.00133637
883	1.82038	1.86378	0.00133576
884	1.79709	1.8637	0.00133638
885	1.76153	1.86358	0.00133985
886	1.8023	1.86352	0.00134012
887	1.84898	1.8635	0.00133871
888	1.85879	1.86349	0.00133721
889	1.89781	1.86353	0.00133626
890	1.92294	1.8636	0.00133643
891	1.87919	1.86362	0.00133504
892	1.87245	1.86363	0.00133358
893	1.86402	1.86363	0.00133209
894	1.85468	1.86362	0.00133064
895	1.81442	1.86356	0.00133029
896	1.82377	1.86352	0.00132954
897	1.84972	1.8635	0.00132815
898	1.82216	1.86346	0.00132747
899	1.81468	1.8634	0.0013271
900	1.82306	1.86336	0.00132638
901	1.84595	1.86334	0.00132505
902	1.86688	1.86334	0.00132359
903	1.84679	1.86332	0.00132225
904	1.7931	1.86325	0.00132307
905	1.80808	1.86318	0.00132301
906	1.79169	1.86311	0.0013239
907	1.83702	1.86308	0.00132275
908	1.84468	1.86306	0.00132145
909	1.83693	1.86303	0.00132031
910	1.81528	1.86298	0.0013199
911	1.83928	1.86295	0.00131871
912	1.87376	1.86296	0.00131731
913	1.88753	1.86299	0.00131615
914	1.89963	1.86303	0.00131532
915	1.88378	1.86305	0.00131407
916	1.90226	1.86309	0.00131334
917	1.93599	1.86317	0.00131431
918	1.87097	1.86318	0.0013129
919	1.83528	1.86315	0.00131183
920	1.82754	1.86311	0.00131097
921	1.86873	1.86312	0.00130956
922	1.89087	1.86315	0.00130849
923	1.88609	1.86317	0.00130731
924	1.86058	1.86317	0.00130589
925	1.86013	1.86317	0.00130449
926	1.86035	1.86316	0.00130308
927	1.8555	1.86316	0.0013017
928	1.87372	1.86317	0.00130035
929	1.89133	1.8632	0.0012993
930	1.9416	1.86328	0.00130064
931	1.89638	1.86332	0.00129973
932	1.90908	1.86337	0.00129926
933	1.88744	1.86339	0.00129812
934	1.95524	1.86349	0.00130045
935	1.87486	1.8635	0.00129912
936	1.90345	1.86355	0.00129843
937	1.89073	1.86357	0.00129737
938	1.87058	1.86358	0.00129601
939	1.84437	1.86356	0.00129479
940	1.83144	1.86353	0.00129386
941	1.8798	1.86354	0.0012926
942	1.96416	1.86365	0.00129564
943	1.93093	1.86372	0.00129622
944	1.93388	1.8638	0.00129698
945	1.93577	1.86387	0.00129784
946	1.95652	1.86397	0.00130016
947	1.96314	1.86408	0.001303
948	1.94962	1.86417	0.00130474
949	1.94544	1.86425	0.00130618
950	1.89956	1.86429	0.00130533
951	1.88019	1.86431	0.00130407
952	1.915	1.86436	0.00130378
953	1.88152	1.86438	0.00130254
954	1.8627	1.86438	0.00130117
955	1.8843	1.8644	0.00129998
956	1.84511	1.86438	0.00129878
957	1.87331	1.86439	0.00129745
958	1.8985	1.86442	0.00129659
959	1.84243	1.8644	0.00129544
960	1.84993	1.86438	0.00129418
961	1.84119	1.86436	0.00129305
962	1.83814	1.86433	0.001292
963	1.85954	1.86433	0.00129066
964	1.90064	1.86436	0.00128988
965	1.88286	1.86438	0.00128868
966	1.92063	1.86444	0.00128866
967	1.91939	1.8645	0.00128858
968	1.89409	1.86453	0.00128761
969	1.88894	1.86455	0.00128653
970	1.90813	1.8646	0.00128599
971	1.9252	1.86466	0.00128618
972	1.92359	1.86472	0.00128628
973	1.90023	1.86476	0.00128548
974	1.91818	1.86481	0.00128533
975	2.01303	1.86497	0.00129297
976	1.9422	1.86504	0.00129406
977	1.88231	1.86506	0.00129286
978	1.88087	1.86508	0.00129164
979	1.89286	1.86511	0.00129063
980	1.92486	1.86517	0.00129075
981	1.89261	1.8652	0.00128974
982	1.91667	1.86525	0.00128949
983	1.87601	1.86526	0.00128823
984	1.83732	1.86523	0.00128723
985	1.8498	1.86522	0.00128602
986	1.87454	1.86522	0.00128475
987	1.85807	1.86522	0.00128347
988	1.89392	1.86525	0.0012825
989	1.8603	1.86524	0.00128121
990	1.88039	1.86526	0.00128001
991	1.86748	1.86526	0.00127872
992	1.81398	1.86521	0.00127847
993	1.84647	1.86519	0.00127732
994	1.92192	1.86525	0.00127731
995	1.94217	1.86532	0.00127837
996	1.90887	1.86537	0.00127783
997	1.87524	1.86538	0.00127659
998	1.83887	1.86535	0.00127558
999	1.85873	1.86534	0.00127433
1000	1.83001	1.86531	0.00127354
