BLOCK:	ACTUAL_PE:	PE_AVE:	ERROR:
1	-0.363388	-0.363388	0
2	-0.341058	-0.352223	0.00789496
3	-0.348058	-0.350835	0.00538399
4	-0.370476	-0.355745	0.00586421
5	-0.343287	-0.353254	0.00519385
6	-0.341648	-0.351319	0.00467453
7	-0.340377	-0.349756	0.0042601
8	-0.316542	-0.345604	0.00538309
9	-0.36807	-0.3481	0.0053324
10	-0.390345	-0.352325	0.00625246
11	-0.40372	-0.356997	0.00722177
12	-0.419254	-0.362185	0.00827626
13	-0.398971	-0.365015	0.00810894
14	-0.426572	-0.369412	0.00863998
15	-0.461192	-0.375531	0.00999852
16	-0.388556	-0.376345	0.0094067
17	-0.373742	-0.376192	0.00885461
18	-0.356664	-0.375107	0.00842888
19	-0.385437	-0.37565	0.00800277
20	-0.413771	-0.377556	0.00782632
21	-0.38684	-0.377999	0.00746611
22	-0.360866	-0.37722	0.00716724
23	-0.36317	-0.376609	0.00688161
24	-0.408671	-0.377945	0.00672329
25	-0.418071	-0.37955	0.00664318
26	-0.385752	-0.379788	0.00639196
27	-0.367429	-0.379331	0.00617159
28	-0.344863	-0.3781	0.0060727
29	-0.376004	-0.378027	0.00586372
30	-0.382785	-0.378186	0.00567041
31	-0.382951	-0.37834	0.00548958
32	-0.357688	-0.377694	0.00535583
33	-0.380953	-0.377793	0.00519444
34	-0.371773	-0.377616	0.00504468
35	-0.392343	-0.378037	0.00491807
36	-0.375239	-0.377959	0.00478207
37	-0.399144	-0.378532	0.00468697
38	-0.414874	-0.379488	0.00466018
39	-0.445566	-0.381182	0.0048389
40	-0.413941	-0.382001	0.00478673
41	-0.403963	-0.382537	0.00469986
42	-0.37347	-0.382321	0.00459291
43	-0.419836	-0.383194	0.00456821
44	-0.489694	-0.385614	0.0050652
45	-0.432953	-0.386666	0.00506071
46	-0.39646	-0.386879	0.00495517
47	-0.427678	-0.387747	0.00492519
48	-0.434379	-0.388718	0.00491746
49	-0.381664	-0.388574	0.00481921
50	-0.390756	-0.388618	0.00472303
51	-0.426528	-0.389361	0.00468855
52	-0.456272	-0.390648	0.00477169
53	-0.428732	-0.391367	0.00473545
54	-0.441281	-0.392291	0.00473711
55	-0.427989	-0.39294	0.00469523
56	-0.464144	-0.394212	0.00478046
57	-0.439824	-0.395012	0.00476309
58	-0.455792	-0.39606	0.00479487
59	-0.389616	-0.395951	0.00471484
60	-0.379901	-0.395683	0.00464384
61	-0.407502	-0.395877	0.00457175
62	-0.402475	-0.395983	0.00449925
63	-0.341089	-0.395112	0.00451142
64	-0.33044	-0.394101	0.00455269
65	-0.338171	-0.393241	0.00456324
66	-0.318443	-0.392108	0.00463269
67	-0.341036	-0.391345	0.00462584
68	-0.382021	-0.391208	0.00455984
69	-0.383514	-0.391097	0.00449512
70	-0.428828	-0.391636	0.0044631
71	-0.435703	-0.392256	0.00444319
72	-0.427547	-0.392747	0.00440843
73	-0.441697	-0.393417	0.00439874
74	-0.458533	-0.394297	0.00442644
75	-0.403281	-0.394417	0.00436904
76	-0.381511	-0.394247	0.00431485
77	-0.379521	-0.394056	0.00426305
78	-0.401865	-0.394156	0.00420957
79	-0.396015	-0.394179	0.00415635
80	-0.395012	-0.39419	0.00410441
81	-0.416573	-0.394466	0.00406303
82	-0.448827	-0.395129	0.00406721
83	-0.385368	-0.395012	0.0040199
84	-0.398273	-0.39505	0.00397224
85	-0.347579	-0.394492	0.00396457
86	-0.397362	-0.394525	0.00391861
87	-0.374436	-0.394294	0.00388037
88	-0.415298	-0.394533	0.00384361
89	-0.438146	-0.395023	0.00383153
90	-0.451155	-0.395647	0.00383938
91	-0.506032	-0.39686	0.00398421
92	-0.4748	-0.397707	0.00402996
93	-0.426861	-0.39802	0.00399881
94	-0.424628	-0.398303	0.00396627
95	-0.399464	-0.398316	0.00392454
96	-0.349162	-0.397804	0.00391692
97	-0.357034	-0.397383	0.00389902
98	-0.347857	-0.396878	0.00389185
99	-0.390215	-0.396811	0.00385312
100	-0.413978	-0.396982	0.00381841
101	-0.343803	-0.396456	0.00381673
102	-0.351884	-0.396019	0.00380425
103	-0.396306	-0.396022	0.00376731
104	-0.347629	-0.395556	0.00375971
105	-0.326614	-0.3949	0.00378081
106	-0.32145	-0.394207	0.00380811
107	-0.347247	-0.393768	0.00379772
108	-0.404327	-0.393866	0.00376382
109	-0.389604	-0.393827	0.00372949
110	-0.396898	-0.393855	0.00369569
111	-0.413945	-0.394036	0.00366682
112	-0.378256	-0.393895	0.00363679
113	-0.379432	-0.393767	0.00360686
114	-0.34768	-0.393362	0.0035978
115	-0.338245	-0.392883	0.0035983
116	-0.380126	-0.392773	0.00356896
117	-0.370868	-0.392586	0.00354336
118	-0.388834	-0.392554	0.00351348
119	-0.381949	-0.392465	0.00348508
120	-0.401278	-0.392538	0.00345682
121	-0.419155	-0.392758	0.00343524
122	-0.437517	-0.393125	0.00342662
123	-0.419751	-0.393342	0.00340559
124	-0.445245	-0.39376	0.00340375
125	-0.451775	-0.394224	0.00340802
126	-0.402539	-0.39429	0.00338161
127	-0.392614	-0.394277	0.00335501
128	-0.378472	-0.394154	0.00333107
129	-0.395573	-0.394165	0.00330526
130	-0.385297	-0.394097	0.00328054
131	-0.42085	-0.394301	0.00326185
132	-0.393945	-0.394298	0.00323714
133	-0.353687	-0.393993	0.00322717
134	-0.380333	-0.393891	0.00320469
135	-0.401119	-0.393944	0.0031814
136	-0.366777	-0.393745	0.00316428
137	-0.352061	-0.39344	0.00315577
138	-0.37982	-0.393342	0.00313445
139	-0.392383	-0.393335	0.00311191
140	-0.39618	-0.393355	0.00308974
141	-0.391432	-0.393341	0.00306786
142	-0.379991	-0.393247	0.0030477
143	-0.383797	-0.393181	0.0030271
144	-0.374906	-0.393054	0.00300874
145	-0.370215	-0.392897	0.00299211
146	-0.365443	-0.392709	0.00297752
147	-0.364357	-0.392516	0.0029635
148	-0.392017	-0.392513	0.00294348
149	-0.388429	-0.392485	0.00292385
150	-0.394521	-0.392499	0.00290439
151	-0.411571	-0.392625	0.0028879
152	-0.415401	-0.392775	0.00287279
153	-0.439212	-0.393078	0.00287
154	-0.400379	-0.393126	0.00285176
155	-0.384834	-0.393072	0.00283386
156	-0.35673	-0.392839	0.00282525
157	-0.406684	-0.392928	0.00280863
158	-0.425777	-0.393135	0.00279854
159	-0.472982	-0.393638	0.00282564
160	-0.402281	-0.393692	0.00280849
161	-0.413856	-0.393817	0.00279384
162	-0.461216	-0.394233	0.0028074
163	-0.457716	-0.394622	0.00281706
164	-0.468071	-0.39507	0.00283526
165	-0.410764	-0.395165	0.00281968
166	-0.427837	-0.395362	0.00280955
167	-0.470183	-0.39581	0.00282822
168	-0.449217	-0.396128	0.0028292
169	-0.417526	-0.396255	0.00281529
170	-0.475885	-0.396723	0.00283743
171	-0.514617	-0.397413	0.00290339
172	-0.497561	-0.397995	0.00294431
173	-0.47976	-0.398468	0.00296499
174	-0.486728	-0.398975	0.00299102
175	-0.496137	-0.39953	0.00302502
176	-0.433853	-0.399725	0.00301411
177	-0.410835	-0.399788	0.00299774
178	-0.402588	-0.399803	0.00298094
179	-0.457976	-0.400128	0.00298195
180	-0.450763	-0.40041	0.00297862
181	-0.445239	-0.400657	0.00297244
182	-0.388635	-0.400591	0.00295684
183	-0.35756	-0.400356	0.00295002
184	-0.367821	-0.400179	0.00293928
185	-0.395568	-0.400155	0.0029235
186	-0.416705	-0.400243	0.00290914
187	-0.385614	-0.400165	0.00289463
188	-0.345032	-0.399872	0.00289405
189	-0.360204	-0.399662	0.00288634
190	-0.378762	-0.399552	0.00287324
191	-0.341363	-0.399247	0.00287431
192	-0.308585	-0.398775	0.00289786
193	-0.393054	-0.398746	0.002883
194	-0.399768	-0.398751	0.00286815
195	-0.38356	-0.398673	0.00285449
196	-0.373323	-0.398544	0.00284286
197	-0.351235	-0.398303	0.00283855
198	-0.376955	-0.398196	0.00282626
199	-0.435409	-0.398383	0.00281824
200	-0.41233	-0.398452	0.00280501
201	-0.4002	-0.398461	0.00279107
202	-0.374083	-0.39834	0.00277986
203	-0.38317	-0.398266	0.00276717
204	-0.385957	-0.398205	0.00275427
205	-0.398391	-0.398206	0.00274083
206	-0.354937	-0.397996	0.00273556
207	-0.378572	-0.397902	0.00272396
208	-0.352389	-0.397684	0.00271963
209	-0.325579	-0.397339	0.00272842
210	-0.400719	-0.397355	0.00271547
211	-0.436003	-0.397538	0.00270877
212	-0.376266	-0.397437	0.00269785
213	-0.353093	-0.397229	0.00269321
214	-0.361463	-0.397062	0.0026858
215	-0.349663	-0.396842	0.00268234
216	-0.360424	-0.396673	0.00267522
217	-0.366966	-0.396536	0.00266639
218	-0.372355	-0.396425	0.00265647
219	-0.386154	-0.396378	0.00264475
220	-0.355705	-0.396193	0.00263918
221	-0.385898	-0.396147	0.00262765
222	-0.364106	-0.396003	0.00261978
223	-0.366794	-0.395872	0.0026113
224	-0.360413	-0.395713	0.00260444
225	-0.340622	-0.395468	0.00260435
226	-0.371298	-0.395362	0.00259502
227	-0.451968	-0.395611	0.00259554
228	-0.432024	-0.395771	0.00258906
229	-0.435079	-0.395942	0.00258344
230	-0.425167	-0.396069	0.00257533
231	-0.39963	-0.396085	0.00256423
232	-0.398597	-0.396096	0.0025532
233	-0.405014	-0.396134	0.00254253
234	-0.393042	-0.396121	0.0025317
235	-0.401697	-0.396144	0.00252104
236	-0.390903	-0.396122	0.00251045
237	-0.409092	-0.396177	0.00250046
238	-0.406833	-0.396222	0.00249035
239	-0.345568	-0.39601	0.00248893
240	-0.379487	-0.395941	0.00247951
241	-0.368493	-0.395827	0.00247184
242	-0.357591	-0.395669	0.00246667
243	-0.374128	-0.39558	0.00245811
244	-0.378634	-0.395511	0.00244902
245	-0.38677	-0.395475	0.00243928
246	-0.362713	-0.395342	0.002433
247	-0.390861	-0.395324	0.00242322
248	-0.358967	-0.395177	0.00241788
249	-0.379806	-0.395116	0.00240895
250	-0.428515	-0.395249	0.00240302
251	-0.358732	-0.395104	0.00239785
252	-0.339174	-0.394882	0.00239858
253	-0.38585	-0.394846	0.00238937
254	-0.38737	-0.394817	0.00238014
255	-0.352943	-0.394652	0.00237646
256	-0.344113	-0.394455	0.00237537
257	-0.341184	-0.394248	0.00237515
258	-0.354512	-0.394094	0.00237093
259	-0.409334	-0.394152	0.00236251
260	-0.408955	-0.394209	0.00235411
261	-0.398729	-0.394227	0.00234515
262	-0.370099	-0.394135	0.00233801
263	-0.352852	-0.393978	0.00233438
264	-0.377113	-0.393914	0.00232641
265	-0.380355	-0.393863	0.0023182
266	-0.373486	-0.393786	0.00231075
267	-0.354239	-0.393638	0.00230683
268	-0.326927	-0.393389	0.00231162
269	-0.365272	-0.393284	0.00230539
270	-0.381904	-0.393242	0.00229723
271	-0.407772	-0.393296	0.00228938
272	-0.410444	-0.393359	0.00228183
273	-0.402569	-0.393393	0.00227372
274	-0.354744	-0.393252	0.0022698
275	-0.304437	-0.392929	0.0022844
276	-0.318861	-0.39266	0.00229184
277	-0.355115	-0.392525	0.00228757
278	-0.367652	-0.392435	0.00228109
279	-0.460667	-0.39268	0.00228598
280	-0.396018	-0.392692	0.00227785
281	-0.394369	-0.392698	0.00226975
282	-0.427497	-0.392821	0.00226506
283	-0.410398	-0.392883	0.0022579
284	-0.494826	-0.393242	0.00227831
285	-0.446179	-0.393428	0.00227787
286	-0.423807	-0.393534	0.00227238
287	-0.39329	-0.393533	0.00226446
288	-0.362954	-0.393427	0.00225909
289	-0.385982	-0.393401	0.00225142
290	-0.414333	-0.393474	0.00224481
291	-0.433284	-0.39361	0.00224126
292	-0.40096	-0.393636	0.00223373
293	-0.432971	-0.39377	0.00223014
294	-0.41219	-0.393832	0.00222343
295	-0.372815	-0.393761	0.00221703
296	-0.407978	-0.393809	0.00221007
297	-0.368105	-0.393723	0.00220432
298	-0.388249	-0.393704	0.002197
299	-0.393772	-0.393705	0.00218965
300	-0.39267	-0.393701	0.00218235
301	-0.396431	-0.39371	0.00217512
302	-0.378158	-0.393659	0.00216853
303	-0.380664	-0.393616	0.0021618
304	-0.389015	-0.393601	0.00215474
305	-0.405458	-0.39364	0.00214802
306	-0.402082	-0.393667	0.00214118
307	-0.385719	-0.393641	0.00213436
308	-0.389862	-0.393629	0.00212747
309	-0.433641	-0.393758	0.00212452
310	-0.423751	-0.393855	0.00211987
311	-0.366	-0.393766	0.00211494
312	-0.36132	-0.393662	0.00211072
313	-0.346767	-0.393512	0.00210929
314	-0.355899	-0.393392	0.00210597
315	-0.345789	-0.393241	0.0021047
316	-0.416757	-0.393315	0.00209935
317	-0.379429	-0.393272	0.00209319
318	-0.390267	-0.393262	0.00208663
319	-0.430443	-0.393379	0.00208334
320	-0.390771	-0.39337	0.00207684
321	-0.36354	-0.393278	0.00207245
322	-0.352764	-0.393152	0.00206983
323	-0.366945	-0.393071	0.00206501
324	-0.42102	-0.393157	0.00206044
325	-0.414929	-0.393224	0.00205519
326	-0.356676	-0.393112	0.00205194
327	-0.35282	-0.392989	0.00204936
328	-0.349581	-0.392856	0.00204738
329	-0.347182	-0.392717	0.00204586
330	-0.389648	-0.392708	0.00203968
331	-0.392566	-0.392708	0.00203352
332	-0.382247	-0.392676	0.00202764
333	-0.353026	-0.392557	0.00202504
334	-0.376231	-0.392508	0.00201957
335	-0.381284	-0.392475	0.00201382
336	-0.390847	-0.39247	0.00200783
337	-0.403712	-0.392503	0.00200215
338	-0.405679	-0.392542	0.00199661
339	-0.408676	-0.39259	0.00199128
340	-0.355641	-0.392481	0.00198839
341	-0.405735	-0.39252	0.00198294
342	-0.481814	-0.392781	0.00199426
343	-0.456645	-0.392967	0.00199712
344	-0.43348	-0.393085	0.00199478
345	-0.418646	-0.393159	0.00199037
346	-0.412742	-0.393216	0.00198542
347	-0.373449	-0.393159	0.00198052
348	-0.382898	-0.393129	0.00197505
349	-0.364883	-0.393048	0.00197105
350	-0.392345	-0.393046	0.00196542
351	-0.397126	-0.393058	0.00195985
352	-0.437611	-0.393184	0.00195837
353	-0.423755	-0.393271	0.00195473
354	-0.472773	-0.393496	0.00196207
355	-0.479995	-0.393739	0.00197161
356	-0.441166	-0.393873	0.00197057
357	-0.434975	-0.393988	0.00196841
358	-0.427129	-0.39408	0.00196509
359	-0.424887	-0.394166	0.00196149
360	-0.449276	-0.394319	0.001962
361	-0.48962	-0.394583	0.00197425
362	-0.503848	-0.394885	0.00199174
363	-0.461761	-0.395069	0.00199475
364	-0.465287	-0.395262	0.00199858
365	-0.453989	-0.395423	0.00199957
366	-0.425354	-0.395505	0.00199578
367	-0.459847	-0.39568	0.00199802
368	-0.425681	-0.395762	0.00199426
369	-0.492807	-0.396025	0.00200612
370	-0.454866	-0.396184	0.00200699
371	-0.416133	-0.396237	0.0020023
372	-0.403215	-0.396256	0.00199701
373	-0.3935	-0.396249	0.00199167
374	-0.329694	-0.396071	0.00199427
375	-0.399068	-0.396079	0.00198897
376	-0.418099	-0.396137	0.00198454
377	-0.417232	-0.396193	0.00198007
378	-0.412145	-0.396236	0.00197528
379	-0.461407	-0.396408	0.00197754
380	-0.436536	-0.396513	0.00197515
381	-0.406544	-0.396539	0.00197014
382	-0.434102	-0.396638	0.00196744
383	-0.42654	-0.396716	0.00196385
384	-0.433436	-0.396811	0.00196106
385	-0.509681	-0.397105	0.00197776
386	-0.473015	-0.397301	0.00198239
387	-0.43474	-0.397398	0.00197963
388	-0.42627	-0.397472	0.00197592
389	-0.462107	-0.397639	0.00197782
390	-0.44769	-0.397767	0.00197691
391	-0.467623	-0.397946	0.00197991
392	-0.41956	-0.398001	0.00197562
393	-0.435878	-0.398097	0.00197295
394	-0.410105	-0.398128	0.00196817
395	-0.394864	-0.398119	0.00196321
396	-0.375481	-0.398062	0.00195908
397	-0.399834	-0.398067	0.00195415
398	-0.434483	-0.398158	0.00195138
399	-0.466525	-0.398329	0.001954
400	-0.450607	-0.39846	0.00195348
401	-0.453834	-0.398598	0.00195349
402	-0.481383	-0.398804	0.00195945
403	-0.45053	-0.398933	0.00195879
404	-0.450381	-0.39906	0.00195807
405	-0.478716	-0.399257	0.00196309
406	-0.481741	-0.39946	0.00196874
407	-0.501437	-0.39971	0.00197979
408	-0.466778	-0.399875	0.00198175
409	-0.418162	-0.399919	0.0019774
410	-0.409059	-0.399942	0.00197271
411	-0.423164	-0.399998	0.00196872
412	-0.388088	-0.399969	0.00196415
413	-0.422784	-0.400025	0.00196017
414	-0.405996	-0.400039	0.00195549
415	-0.406872	-0.400055	0.00195085
416	-0.406869	-0.400072	0.00194623
417	-0.3768	-0.400016	0.00194236
418	-0.401254	-0.400019	0.00193771
419	-0.365372	-0.399936	0.00193485
420	-0.384617	-0.3999	0.00193059
421	-0.408551	-0.39992	0.00192611
422	-0.40574	-0.399934	0.0019216
423	-0.395889	-0.399925	0.00191708
424	-0.329326	-0.399758	0.00191978
425	-0.29928	-0.399522	0.00192976
426	-0.349168	-0.399403	0.00192885
427	-0.353183	-0.399295	0.00192737
428	-0.325504	-0.399123	0.00193056
429	-0.434668	-0.399206	0.00192783
430	-0.440067	-0.399301	0.00192569
431	-0.378799	-0.399253	0.00192181
432	-0.355571	-0.399152	0.00192002
433	-0.378421	-0.399104	0.00191618
434	-0.3945	-0.399093	0.0019118
435	-0.393169	-0.39908	0.00190745
436	-0.40963	-0.399104	0.00190323
437	-0.400357	-0.399107	0.00189888
438	-0.413722	-0.39914	0.00189484
439	-0.417153	-0.399181	0.00189096
440	-0.415161	-0.399218	0.00188701
441	-0.423695	-0.399273	0.00188355
442	-0.41099	-0.3993	0.00187948
443	-0.416132	-0.399338	0.00187562
444	-0.404465	-0.399349	0.00187143
445	-0.369664	-0.399283	0.00186841
446	-0.398563	-0.399281	0.00186422
447	-0.392828	-0.399266	0.00186011
448	-0.403875	-0.399277	0.00185599
449	-0.43849	-0.399364	0.00185391
450	-0.433037	-0.399439	0.0018513
451	-0.44709	-0.399545	0.0018502
452	-0.414797	-0.399578	0.00184642
453	-0.415701	-0.399614	0.00184268
454	-0.414947	-0.399648	0.00183893
455	-0.398614	-0.399645	0.00183489
456	-0.377795	-0.399597	0.0018315
457	-0.372666	-0.399539	0.00182844
458	-0.342931	-0.399415	0.00182862
459	-0.336727	-0.399278	0.00182973
460	-0.363663	-0.399201	0.00182739
461	-0.432281	-0.399273	0.00182483
462	-0.466564	-0.399418	0.00182668
463	-0.385524	-0.399388	0.00182299
464	-0.454558	-0.399507	0.00182293
465	-0.422771	-0.399557	0.0018197
466	-0.362919	-0.399479	0.00181749
467	-0.357667	-0.399389	0.0018158
468	-0.417668	-0.399428	0.00181234
469	-0.427867	-0.399489	0.00180949
470	-0.394057	-0.399477	0.00180568
471	-0.395484	-0.399469	0.00180186
472	-0.381695	-0.399431	0.00179844
473	-0.407025	-0.399447	0.00179471
474	-0.438326	-0.399529	0.0017928
475	-0.408806	-0.399549	0.00178913
476	-0.401507	-0.399553	0.00178537
477	-0.363481	-0.399477	0.00178323
478	-0.394924	-0.399468	0.00177953
479	-0.347827	-0.39936	0.00177907
480	-0.395457	-0.399352	0.00177539
481	-0.426299	-0.399408	0.00177258
482	-0.371257	-0.399349	0.00176986
483	-0.354914	-0.399257	0.00176859
484	-0.37584	-0.399209	0.0017656
485	-0.401544	-0.399214	0.00176196
486	-0.388332	-0.399191	0.00175848
487	-0.352092	-0.399095	0.00175753
488	-0.371926	-0.399039	0.00175481
489	-0.385432	-0.399011	0.00175144
490	-0.476974	-0.39917	0.00175508
491	-0.463195	-0.399301	0.00175634
492	-0.453503	-0.399411	0.00175622
493	-0.430398	-0.399474	0.00175378
494	-0.369221	-0.399412	0.0017513
495	-0.34451	-0.399302	0.00175127
496	-0.364738	-0.399232	0.00174913
497	-0.376366	-0.399186	0.00174621
498	-0.362214	-0.399112	0.00174428
499	-0.317676	-0.398948	0.00174841
500	-0.336951	-0.398824	0.0017493
501	-0.348	-0.398723	0.00174875
502	-0.386125	-0.398698	0.00174544
503	-0.440219	-0.39878	0.00174393
504	-0.411898	-0.398806	0.00174066
505	-0.427668	-0.398864	0.00173815
506	-0.451063	-0.398967	0.00173777
507	-0.444001	-0.399056	0.00173662
508	-0.4298	-0.399116	0.00173425
509	-0.42945	-0.399176	0.00173187
510	-0.439715	-0.399255	0.0017303
511	-0.405795	-0.399268	0.00172696
512	-0.392765	-0.399255	0.00172363
513	-0.382423	-0.399223	0.00172058
514	-0.407105	-0.399238	0.0017173
515	-0.427191	-0.399292	0.00171483
516	-0.397443	-0.399289	0.00171151
517	-0.372249	-0.399236	0.001709
518	-0.32328	-0.39909	0.00171198
519	-0.374923	-0.399043	0.00170931
520	-0.427735	-0.399098	0.00170691
521	-0.424403	-0.399147	0.00170433
522	-0.426558	-0.399199	0.00170187
523	-0.448394	-0.399293	0.00170121
524	-0.39541	-0.399286	0.00169798
525	-0.427166	-0.399339	0.00169558
526	-0.449985	-0.399435	0.00169509
527	-0.50181	-0.39963	0.00170297
528	-0.452123	-0.399729	0.00170264
529	-0.423605	-0.399774	0.00170002
530	-0.375973	-0.399729	0.00169741
531	-0.416773	-0.399761	0.00169451
532	-0.477821	-0.399908	0.00169767
533	-0.436842	-0.399977	0.0016959
534	-0.457876	-0.400086	0.00169618
535	-0.481011	-0.400237	0.00169974
536	-0.467747	-0.400363	0.00170123
537	-0.402843	-0.400368	0.00169807
538	-0.40033	-0.400368	0.00169491
539	-0.451818	-0.400463	0.00169446
540	-0.438765	-0.400534	0.0016928
541	-0.389044	-0.400513	0.00168981
542	-0.409547	-0.400529	0.00168677
543	-0.414758	-0.400556	0.00168387
544	-0.397498	-0.40055	0.00168078
545	-0.339224	-0.400437	0.00168146
546	-0.369589	-0.400381	0.00167933
547	-0.408948	-0.400397	0.00167633
548	-0.397008	-0.40039	0.00167329
549	-0.350395	-0.400299	0.00167271
550	-0.370613	-0.400245	0.00167054
551	-0.412964	-0.400268	0.00166767
552	-0.38517	-0.400241	0.00166487
553	-0.405209	-0.40025	0.00166189
554	-0.405493	-0.40026	0.00165891
555	-0.443514	-0.400337	0.00165776
556	-0.44067	-0.40041	0.00165636
557	-0.473821	-0.400542	0.00165862
558	-0.401365	-0.400543	0.00165565
559	-0.325158	-0.400408	0.00165817
560	-0.368295	-0.400351	0.0016562
561	-0.346408	-0.400255	0.00165604
562	-0.365268	-0.400193	0.00165426
563	-0.39691	-0.400187	0.00165133
564	-0.373623	-0.40014	0.00164908
565	-0.380321	-0.400105	0.00164653
566	-0.366661	-0.400046	0.00164468
567	-0.393181	-0.400033	0.00164183
568	-0.448405	-0.400119	0.00164114
569	-0.502841	-0.400299	0.00164816
570	-0.482326	-0.400443	0.00165154
571	-0.392269	-0.400429	0.00164871
572	-0.374391	-0.400383	0.00164645
573	-0.433182	-0.40044	0.00164457
574	-0.405359	-0.400449	0.00164173
575	-0.342356	-0.400348	0.00164198
576	-0.364799	-0.400286	0.00164029
577	-0.389505	-0.400268	0.00163755
578	-0.359008	-0.400196	0.00163628
579	-0.382	-0.400165	0.00163375
580	-0.439894	-0.400233	0.00163237
581	-0.410647	-0.400251	0.00162966
582	-0.366713	-0.400194	0.00162788
583	-0.366039	-0.400135	0.00162614
584	-0.338263	-0.400029	0.0016268
585	-0.354535	-0.399951	0.00162588
586	-0.361785	-0.399886	0.00162441
587	-0.436098	-0.399948	0.00162281
588	-0.448122	-0.40003	0.00162212
589	-0.379695	-0.399995	0.00161973
590	-0.386571	-0.399973	0.00161715
591	-0.379255	-0.399937	0.00161479
592	-0.364356	-0.399877	0.00161318
593	-0.362075	-0.399814	0.00161172
594	-0.427431	-0.39986	0.00160968
595	-0.449494	-0.399944	0.00160913
596	-0.436782	-0.400005	0.00160762
597	-0.392177	-0.399992	0.00160498
598	-0.407686	-0.400005	0.00160235
599	-0.384372	-0.399979	0.00159988
600	-0.360966	-0.399914	0.00159854
601	-0.339415	-0.399813	0.00159904
602	-0.341371	-0.399716	0.00159933
603	-0.3979	-0.399713	0.00159668
604	-0.436155	-0.399774	0.00159518
605	-0.401338	-0.399776	0.00159254
606	-0.390841	-0.399761	0.00158998
607	-0.444628	-0.399835	0.00158908
608	-0.459939	-0.399934	0.00158954
609	-0.398554	-0.399932	0.00158693
610	-0.360604	-0.399867	0.00158564
611	-0.377084	-0.39983	0.00158348
612	-0.307636	-0.399679	0.00158805
613	-0.324304	-0.399557	0.00159021
614	-0.377114	-0.39952	0.00158804
615	-0.373934	-0.399478	0.001586
616	-0.394155	-0.39947	0.00158345
617	-0.354533	-0.399397	0.00158256
618	-0.392937	-0.399386	0.00158003
619	-0.418036	-0.399417	0.00157777
620	-0.433822	-0.399472	0.0015762
621	-0.40335	-0.399478	0.00157367
622	-0.359384	-0.399414	0.00157246
623	-0.36859	-0.399364	0.00157071
624	-0.372686	-0.399322	0.00156878
625	-0.370196	-0.399275	0.00156696
626	-0.38786	-0.399257	0.00156456
627	-0.424718	-0.399297	0.0015626
628	-0.434755	-0.399354	0.00156113
629	-0.390739	-0.39934	0.00155871
630	-0.403904	-0.399347	0.00155625
631	-0.396525	-0.399343	0.00155379
632	-0.406154	-0.399354	0.00155137
633	-0.398768	-0.399353	0.00154892
634	-0.419943	-0.399385	0.00154681
635	-0.410262	-0.399402	0.00154447
636	-0.422182	-0.399438	0.00154246
637	-0.425112	-0.399478	0.00154056
638	-0.450925	-0.399559	0.00154026
639	-0.440172	-0.399623	0.00153916
640	-0.376385	-0.399586	0.00153718
641	-0.38532	-0.399564	0.00153495
642	-0.405606	-0.399574	0.00153258
643	-0.345953	-0.39949	0.00153247
644	-0.376274	-0.399454	0.00153051
645	-0.361841	-0.399396	0.00152925
646	-0.331375	-0.39929	0.0015305
647	-0.344054	-0.399205	0.00153052
648	-0.340841	-0.399115	0.0015308
649	-0.34501	-0.399032	0.00153071
650	-0.339001	-0.398939	0.00153114
651	-0.35694	-0.398875	0.00153015
652	-0.340877	-0.398786	0.00153038
653	-0.402854	-0.398792	0.00152805
654	-0.392087	-0.398782	0.00152575
655	-0.406855	-0.398794	0.00152347
656	-0.370087	-0.39875	0.00152178
657	-0.38963	-0.398737	0.00151952
658	-0.38563	-0.398717	0.00151735
659	-0.363435	-0.398663	0.00151599
660	-0.385343	-0.398643	0.00151382
661	-0.368068	-0.398597	0.00151224
662	-0.373285	-0.398558	0.00151044
663	-0.421428	-0.398593	0.00150856
664	-0.407033	-0.398606	0.00150634
665	-0.363545	-0.398553	0.00150499
666	-0.384272	-0.398531	0.00150289
667	-0.357547	-0.39847	0.00150189
668	-0.382707	-0.398446	0.00149983
669	-0.410117	-0.398464	0.00149769
670	-0.36648	-0.398416	0.00149621
671	-0.402685	-0.398422	0.001494
672	-0.424029	-0.398461	0.00149226
673	-0.441222	-0.398524	0.00149139
674	-0.437163	-0.398581	0.00149028
675	-0.397144	-0.398579	0.00148807
676	-0.383593	-0.398557	0.00148604
677	-0.405936	-0.398568	0.00148388
678	-0.473999	-0.398679	0.00148586
679	-0.449535	-0.398754	0.00148556
680	-0.374283	-0.398718	0.00148381
681	-0.446172	-0.398788	0.00148327
682	-0.47567	-0.398901	0.00148537
683	-0.472013	-0.399008	0.00148705
684	-0.410086	-0.399024	0.00148496
685	-0.386071	-0.399005	0.00148291
686	-0.417349	-0.399032	0.00148099
687	-0.442606	-0.399095	0.00148019
688	-0.421181	-0.399127	0.00147839
689	-0.398023	-0.399126	0.00147625
690	-0.38678	-0.399108	0.00147421
691	-0.345017	-0.399029	0.00147416
692	-0.353617	-0.398964	0.00147349
693	-0.353484	-0.398898	0.00147282
694	-0.321638	-0.398787	0.0014749
695	-0.352597	-0.39872	0.00147428
696	-0.400329	-0.398723	0.00147216
697	-0.426975	-0.398763	0.00147061
698	-0.421512	-0.398796	0.00146886
699	-0.407721	-0.398809	0.00146681
700	-0.3705	-0.398768	0.00146528
701	-0.358904	-0.398711	0.00146429
702	-0.390236	-0.398699	0.00146225
703	-0.39457	-0.398693	0.00146018
704	-0.326879	-0.398591	0.00146167
705	-0.294586	-0.398444	0.00146702
706	-0.345161	-0.398368	0.00146688
707	-0.397518	-0.398367	0.00146481
708	-0.372022	-0.39833	0.00146321
709	-0.400489	-0.398333	0.00146115
710	-0.418371	-0.398361	0.00145937
711	-0.382542	-0.398339	0.00145748
712	-0.320753	-0.39823	0.0014595
713	-0.374203	-0.398196	0.00145785
714	-0.400633	-0.3982	0.00145581
715	-0.339606	-0.398118	0.00145608
716	-0.393024	-0.398111	0.00145406
717	-0.377187	-0.398081	0.00145233
718	-0.367912	-0.398039	0.00145091
719	-0.419043	-0.398069	0.00144919
720	-0.344623	-0.397994	0.00144907
721	-0.314377	-0.397878	0.0014517
722	-0.325	-0.397777	0.00145319
723	-0.32688	-0.397679	0.00145449
724	-0.398138	-0.39768	0.00145248
725	-0.402612	-0.397687	0.00145049
726	-0.392726	-0.39768	0.00144851
727	-0.35801	-0.397625	0.00144754
728	-0.373319	-0.397592	0.00144594
729	-0.345967	-0.397521	0.00144569
730	-0.353529	-0.397461	0.00144497
731	-0.334807	-0.397375	0.00144553
732	-0.397262	-0.397375	0.00144355
733	-0.39003	-0.397365	0.00144162
734	-0.403875	-0.397374	0.00143968
735	-0.396669	-0.397373	0.00143772
736	-0.397841	-0.397374	0.00143577
737	-0.398541	-0.397375	0.00143382
738	-0.44411	-0.397439	0.00143328
739	-0.454818	-0.397516	0.00143344
740	-0.406243	-0.397528	0.00143155
741	-0.345039	-0.397457	0.00143137
742	-0.341714	-0.397382	0.00143141
743	-0.390691	-0.397373	0.00142951
744	-0.426237	-0.397412	0.00142812
745	-0.454376	-0.397488	0.00142825
746	-0.427187	-0.397528	0.00142689
747	-0.404111	-0.397537	0.001425
748	-0.39446	-0.397533	0.00142311
749	-0.365198	-0.39749	0.00142186
750	-0.345068	-0.39742	0.00142168
751	-0.408078	-0.397434	0.00141986
752	-0.404807	-0.397444	0.001418
753	-0.42237	-0.397477	0.00141651
754	-0.408256	-0.397491	0.0014147
755	-0.440239	-0.397548	0.00141396
756	-0.460069	-0.39763	0.00141451
757	-0.453712	-0.397705	0.00141458
758	-0.492863	-0.39783	0.00141827
759	-0.456337	-0.397907	0.00141849
760	-0.487746	-0.398025	0.00142154
761	-0.504364	-0.398165	0.00142653
762	-0.461643	-0.398248	0.00142709
763	-0.403137	-0.398255	0.00142523
764	-0.371374	-0.39822	0.0014238
765	-0.395721	-0.398216	0.00142194
766	-0.44	-0.398271	0.00142113
767	-0.434017	-0.398318	0.00142004
768	-0.418063	-0.398343	0.00141843
769	-0.458671	-0.398422	0.00141875
770	-0.439386	-0.398475	0.0014179
771	-0.444481	-0.398535	0.00141732
772	-0.452469	-0.398604	0.00141721
773	-0.439094	-0.398657	0.00141634
774	-0.429223	-0.398696	0.00141506
775	-0.44142	-0.398751	0.00141431
776	-0.446465	-0.398813	0.00141382
777	-0.482881	-0.398921	0.00141614
778	-0.446381	-0.398982	0.00141563
779	-0.4335	-0.399026	0.0014145
780	-0.428306	-0.399064	0.00141319
781	-0.443502	-0.399121	0.00141252
782	-0.466539	-0.399207	0.00141335
783	-0.509777	-0.399348	0.00141858
784	-0.478403	-0.399449	0.00142035
785	-0.493644	-0.399569	0.0014236
786	-0.440948	-0.399622	0.00142276
787	-0.409228	-0.399634	0.00142101
788	-0.370587	-0.399597	0.00141968
789	-0.380078	-0.399572	0.0014181
790	-0.381536	-0.39955	0.00141648
791	-0.375852	-0.39952	0.00141501
792	-0.359541	-0.399469	0.00141412
793	-0.390295	-0.399458	0.00141239
794	-0.391924	-0.399448	0.00141064
795	-0.402625	-0.399452	0.00140887
796	-0.413272	-0.399469	0.00140721
797	-0.447666	-0.39953	0.00140674
798	-0.445274	-0.399587	0.00140615
799	-0.511237	-0.399727	0.00141131
800	-0.458363	-0.3998	0.00141145
801	-0.452582	-0.399866	0.00141123
802	-0.443684	-0.399921	0.00141052
803	-0.45635	-0.399991	0.00141052
804	-0.480738	-0.400091	0.00141233
805	-0.514741	-0.400234	0.00141774
806	-0.430317	-0.400271	0.00141647
807	-0.399058	-0.40027	0.00141472
808	-0.420361	-0.400295	0.00141319
809	-0.431808	-0.400334	0.00141198
810	-0.398549	-0.400331	0.00141024
811	-0.368462	-0.400292	0.00140904
812	-0.363462	-0.400247	0.00140804
813	-0.327115	-0.400157	0.00140918
814	-0.381605	-0.400134	0.00140763
815	-0.41622	-0.400154	0.00140604
816	-0.394059	-0.400146	0.00140434
817	-0.403352	-0.40015	0.00140263
818	-0.426334	-0.400182	0.00140128
819	-0.390403	-0.40017	0.00139962
820	-0.421121	-0.400196	0.00139814
821	-0.436892	-0.40024	0.00139715
822	-0.408124	-0.40025	0.00139549
823	-0.36673	-0.400209	0.00139438
824	-0.37163	-0.400175	0.00139312
825	-0.363673	-0.40013	0.00139214
826	-0.388677	-0.400116	0.00139052
827	-0.422633	-0.400144	0.00138911
828	-0.343792	-0.400076	0.0013891
829	-0.330004	-0.399991	0.00138999
830	-0.35816	-0.399941	0.00138923
831	-0.376032	-0.399912	0.00138785
832	-0.397227	-0.399909	0.00138619
833	-0.457251	-0.399978	0.00138623
834	-0.404985	-0.399984	0.00138458
835	-0.355882	-0.399931	0.00138393
836	-0.336788	-0.399855	0.00138434
837	-0.407798	-0.399865	0.00138272
838	-0.443866	-0.399917	0.00138206
839	-0.457266	-0.399986	0.0013821
840	-0.434318	-0.400026	0.00138106
841	-0.406922	-0.400035	0.00137945
842	-0.386555	-0.400019	0.0013779
843	-0.417836	-0.40004	0.00137643
844	-0.409368	-0.400051	0.00137484
845	-0.368899	-0.400014	0.00137371
846	-0.343452	-0.399947	0.00137371
847	-0.393482	-0.399939	0.00137211
848	-0.37306	-0.399908	0.00137086
849	-0.376484	-0.39988	0.00136952
850	-0.336194	-0.399805	0.00136996
851	-0.354284	-0.399752	0.00136939
852	-0.35504	-0.399699	0.00136879
853	-0.354776	-0.399647	0.0013682
854	-0.340768	-0.399578	0.00136833
855	-0.395913	-0.399573	0.00136674
856	-0.410131	-0.399586	0.0013652
857	-0.434507	-0.399626	0.00136421
858	-0.445305	-0.39968	0.00136366
859	-0.412648	-0.399695	0.00136216
860	-0.383013	-0.399675	0.00136071
861	-0.43096	-0.399712	0.00135962
862	-0.461333	-0.399783	0.00135992
863	-0.468113	-0.399862	0.00136064
864	-0.453277	-0.399924	0.00136047
865	-0.418896	-0.399946	0.00135908
866	-0.426552	-0.399977	0.00135785
867	-0.396621	-0.399973	0.00135629
868	-0.350529	-0.399916	0.00135593
869	-0.37797	-0.399891	0.0013546
870	-0.378926	-0.399867	0.00135326
871	-0.398277	-0.399865	0.00135171
872	-0.406193	-0.399872	0.00135018
873	-0.432214	-0.399909	0.00134914
874	-0.409341	-0.39992	0.00134764
875	-0.394013	-0.399913	0.00134611
876	-0.408357	-0.399923	0.00134461
877	-0.411914	-0.399937	0.00134315
878	-0.432477	-0.399974	0.00134213
879	-0.382414	-0.399954	0.00134075
880	-0.43974	-0.399999	0.00133999
881	-0.432661	-0.400036	0.00133898
882	-0.39706	-0.400033	0.00133747
883	-0.3565	-0.399983	0.00133686
884	-0.333195	-0.399908	0.00133748
885	-0.297789	-0.399792	0.00134094
886	-0.338645	-0.399723	0.0013412
887	-0.385336	-0.399707	0.00133979
888	-0.395182	-0.399702	0.00133829
889	-0.434162	-0.399741	0.00133734
890	-0.459307	-0.399808	0.00133751
891	-0.415454	-0.399825	0.00133613
892	-0.408724	-0.399835	0.00133467
893	-0.400204	-0.399836	0.00133317
894	-0.390919	-0.399826	0.00133172
895	-0.35055	-0.399771	0.00133137
896	-0.359926	-0.399726	0.00133062
897	-0.385856	-0.399711	0.00132923
898	-0.358273	-0.399664	0.00132855
899	-0.350782	-0.39961	0.00132819
900	-0.359131	-0.399565	0.00132747
901	-0.381971	-0.399546	0.00132614
902	-0.402804	-0.399549	0.00132468
903	-0.382761	-0.399531	0.00132334
904	-0.329035	-0.399453	0.00132417
905	-0.344094	-0.399391	0.00132412
906	-0.327849	-0.399313	0.00132501
907	-0.373232	-0.399284	0.00132386
908	-0.380863	-0.399263	0.00132256
909	-0.373146	-0.399235	0.00132142
910	-0.351512	-0.399182	0.00132101
911	-0.375619	-0.399156	0.00131981
912	-0.410085	-0.399168	0.00131842
913	-0.423842	-0.399195	0.00131725
914	-0.435999	-0.399236	0.00131642
915	-0.420091	-0.399259	0.00131518
916	-0.438522	-0.399301	0.00131444
917	-0.472148	-0.399381	0.00131541
918	-0.407049	-0.399389	0.001314
919	-0.371435	-0.399359	0.00131292
920	-0.363685	-0.39932	0.00131207
921	-0.404798	-0.399326	0.00131066
922	-0.427005	-0.399356	0.00130958
923	-0.422173	-0.399381	0.0013084
924	-0.396712	-0.399378	0.00130698
925	-0.396318	-0.399374	0.00130557
926	-0.396578	-0.399371	0.00130417
927	-0.391797	-0.399363	0.00130279
928	-0.410073	-0.399375	0.00130143
929	-0.427728	-0.399405	0.00130039
930	-0.478001	-0.39949	0.00130174
931	-0.432695	-0.399526	0.00130083
932	-0.445285	-0.399575	0.00130036
933	-0.423603	-0.3996	0.00129922
934	-0.491313	-0.399699	0.00130153
935	-0.410913	-0.399711	0.0013002
936	-0.439584	-0.399753	0.0012995
937	-0.426813	-0.399782	0.00129844
938	-0.406703	-0.399789	0.00129707
939	-0.380536	-0.399769	0.00129586
940	-0.367772	-0.399735	0.00129492
941	-0.416231	-0.399752	0.00129367
942	-0.500541	-0.399859	0.00129671
943	-0.467332	-0.399931	0.00129731
944	-0.470416	-0.400006	0.00129808
945	-0.472398	-0.400082	0.00129897
946	-0.493196	-0.400181	0.00130132
947	-0.499704	-0.400286	0.00130418
948	-0.486255	-0.400376	0.00130595
949	-0.482014	-0.400462	0.00130741
950	-0.436106	-0.4005	0.00130657
951	-0.416594	-0.400517	0.0013053
952	-0.451359	-0.40057	0.00130502
953	-0.417645	-0.400588	0.00130378
954	-0.398907	-0.400586	0.00130241
955	-0.420459	-0.400607	0.00130122
956	-0.381205	-0.400587	0.00130001
957	-0.409532	-0.400596	0.00129869
958	-0.434556	-0.400632	0.00129782
959	-0.378498	-0.400609	0.00129667
960	-0.386056	-0.400594	0.00129541
961	-0.377318	-0.400569	0.00129428
962	-0.374343	-0.400542	0.00129323
963	-0.395775	-0.400537	0.00129189
964	-0.436888	-0.400575	0.0012911
965	-0.419206	-0.400594	0.00128991
966	-0.45704	-0.400653	0.0012899
967	-0.455682	-0.400709	0.00128982
968	-0.43031	-0.40074	0.00128885
969	-0.425149	-0.400765	0.00128776
970	-0.444309	-0.40081	0.00128722
971	-0.461476	-0.400873	0.00128741
972	-0.459955	-0.400933	0.00128752
973	-0.436626	-0.40097	0.00128672
974	-0.454767	-0.401025	0.00128658
975	-0.549376	-0.401177	0.00129423
976	-0.478328	-0.401256	0.00129531
977	-0.418506	-0.401274	0.00129411
978	-0.417032	-0.40129	0.00129288
979	-0.429028	-0.401319	0.00129187
980	-0.461026	-0.40138	0.00129199
981	-0.428984	-0.401408	0.00129098
982	-0.452954	-0.40146	0.00129073
983	-0.412206	-0.401471	0.00128947
984	-0.373458	-0.401443	0.00128847
985	-0.385954	-0.401427	0.00128726
986	-0.41064	-0.401436	0.00128599
987	-0.394168	-0.401429	0.0012847
988	-0.430101	-0.401458	0.00128373
989	-0.396337	-0.401453	0.00128244
990	-0.416452	-0.401468	0.00128124
991	-0.403426	-0.40147	0.00127995
992	-0.350011	-0.401418	0.00127971
993	-0.382619	-0.401399	0.00127856
994	-0.458298	-0.401456	0.00127855
995	-0.478336	-0.401534	0.0012796
996	-0.44516	-0.401577	0.00127906
997	-0.411519	-0.401587	0.00127782
998	-0.37525	-0.401561	0.00127681
999	-0.394923	-0.401554	0.00127555
1000	-0.366257	-0.401519	0.00127476
