BLOCK:	ACTUAL_P:	P_AVE:	ERROR:
1	0.060824	0.060824	0
2	0.0600976	0.0604608	0.000256842
3	0.060328	0.0604165	0.000175
4	0.06107	0.0605799	0.00019299
5	0.0601504	0.060494	0.000172455
6	0.0601072	0.0604295	0.000155294
7	0.0600615	0.060377	0.000141731
8	0.0592313	0.0602338	0.000182552
9	0.0609748	0.0603161	0.000179883
10	0.0617005	0.0604545	0.00020847
11	0.0621282	0.0606067	0.000238667
12	0.0626517	0.0607771	0.00027292
13	0.0619926	0.0608706	0.000267463
14	0.0629267	0.0610175	0.00028585
15	0.0640728	0.0612212	0.000331515
16	0.0616127	0.0612456	0.000311698
17	0.0611226	0.0612384	0.000293446
18	0.060558	0.0612006	0.000279568
19	0.0615488	0.0612189	0.000265454
20	0.0625327	0.0612846	0.000260182
21	0.0616005	0.0612997	0.000248227
22	0.0607367	0.0612741	0.000238259
23	0.0607956	0.0612533	0.000228806
24	0.0623392	0.0612985	0.000223702
25	0.062641	0.0613522	0.000221105
26	0.0615465	0.0613597	0.000212727
27	0.060934	0.0613439	0.000205431
28	0.0601709	0.061302	0.000202321
29	0.061262	0.0613006	0.000195349
30	0.0614757	0.0613065	0.000188925
31	0.0614577	0.0613114	0.000182894
32	0.0606606	0.061291	0.000178305
33	0.0614399	0.0612955	0.000172959
34	0.0610503	0.0612883	0.000168022
35	0.0618096	0.0613032	0.000163881
36	0.0611981	0.0613003	0.000159354
37	0.0620146	0.0613196	0.000156212
38	0.0624953	0.0613505	0.000155135
39	0.0635429	0.0614068	0.000161021
40	0.0624522	0.0614329	0.000159102
41	0.0621661	0.0614508	0.000156224
42	0.061139	0.0614433	0.00015268
43	0.0626215	0.0614707	0.000151568
44	0.0649813	0.0615505	0.000167814
45	0.0631066	0.0615851	0.000167609
46	0.0618517	0.0615909	0.000164066
47	0.0629564	0.06162	0.000163127
48	0.0631879	0.0616526	0.000162966
49	0.0614213	0.0616479	0.000159708
50	0.0617065	0.0616491	0.000156519
51	0.0629037	0.0616737	0.000155371
52	0.0639122	0.0617167	0.000158234
53	0.0629873	0.0617407	0.000157054
54	0.0634088	0.0617716	0.000157154
55	0.0629378	0.0617928	0.000155721
56	0.0641694	0.0618352	0.000158618
57	0.0633328	0.0618615	0.000157996
58	0.0639234	0.0618971	0.000159221
59	0.0616705	0.0618932	0.000156569
60	0.0613479	0.0618841	0.000154223
61	0.0623028	0.061891	0.000151847
62	0.0621387	0.061895	0.000149451
63	0.0600859	0.0618663	0.000149812
64	0.0597144	0.0618326	0.000151197
65	0.0599841	0.0618042	0.000151522
66	0.0593609	0.0617672	0.000153682
67	0.0600648	0.0617418	0.000153474
68	0.0614461	0.0617374	0.000151279
69	0.0614799	0.0617337	0.000149132
70	0.0629972	0.0617517	0.00014809
71	0.0632606	0.061773	0.000147521
72	0.0629776	0.0617897	0.000146418
73	0.0634399	0.0618123	0.000146147
74	0.0639513	0.0618412	0.000147003
75	0.0621454	0.0618453	0.000145099
76	0.0613944	0.0618394	0.000143311
77	0.0613598	0.0618331	0.000141585
78	0.0621194	0.0618368	0.000139817
79	0.061918	0.0618378	0.000138051
80	0.0618493	0.061838	0.000136325
81	0.0625794	0.0618471	0.000134949
82	0.0637353	0.0618702	0.000135254
83	0.061491	0.0618656	0.000133702
84	0.0620039	0.0618672	0.00013212
85	0.0602747	0.0618485	0.000131887
86	0.0619564	0.0618498	0.00013036
87	0.061137	0.0618416	0.000129119
88	0.0625372	0.0618495	0.000127893
89	0.0632985	0.0618657	0.000127488
90	0.0637116	0.0618863	0.000127711
91	0.0655949	0.061927	0.000132651
92	0.0645161	0.0619552	0.000134161
93	0.0628667	0.061965	0.000133076
94	0.0628392	0.0619743	0.000131985
95	0.0620431	0.061975	0.000130597
96	0.0603549	0.0619581	0.000130323
97	0.0605911	0.061944	0.000129739
98	0.0603059	0.0619273	0.000129488
99	0.0617444	0.0619254	0.000128193
100	0.0625032	0.0619312	0.000127041
101	0.0601977	0.0619141	0.000126937
102	0.0604452	0.0618997	0.000126507
103	0.061935	0.0619	0.000125279
104	0.0603191	0.0618848	0.000124993
105	0.0596095	0.0618631	0.000125667
106	0.0594531	0.0618404	0.000126522
107	0.0602728	0.0618257	0.000126185
108	0.0622083	0.0618293	0.000125066
109	0.0616653	0.0618278	0.000123928
110	0.0619048	0.0618285	0.000122803
111	0.0625426	0.0618349	0.000121865
112	0.0613143	0.0618303	0.000120866
113	0.0613995	0.0618265	0.000119856
114	0.0603011	0.0618131	0.000119549
115	0.0599869	0.0617972	0.00011956
116	0.0613581	0.0617934	0.000118589
117	0.061071	0.0617872	0.000117736
118	0.0617131	0.0617866	0.00011674
119	0.0613997	0.0617834	0.000115804
120	0.0620733	0.0617858	0.000114865
121	0.0626744	0.0617931	0.00011415
122	0.0632876	0.0618054	0.000113869
123	0.062645	0.0618122	0.000113148
124	0.063527	0.061826	0.000113078
125	0.0637674	0.0618416	0.000113235
126	0.0621425	0.0618439	0.000112361
127	0.061794	0.0618436	0.000111477
128	0.0613858	0.06184	0.000110664
129	0.0619028	0.0618405	0.000109807
130	0.0615529	0.0618382	0.000108984
131	0.062781	0.0618454	0.00010839
132	0.0618543	0.0618455	0.000107569
133	0.0604773	0.0618352	0.000107251
134	0.0613739	0.0618318	0.000106506
135	0.0620823	0.0618336	0.000105733
136	0.0609233	0.0618269	0.000105167
137	0.0604231	0.0618167	0.000104897
138	0.0613434	0.0618133	0.000104193
139	0.061765	0.0618129	0.000103444
140	0.0618932	0.0618135	0.000102707
141	0.0617313	0.0618129	0.00010198
142	0.0613326	0.0618095	0.000101318
143	0.0614368	0.0618069	0.000100643
144	0.0611923	0.0618027	0.000100035
145	0.0610646	0.0617976	9.94742e-05
146	0.0608786	0.0617913	9.89918e-05
147	0.0608315	0.0617847	9.85335e-05
148	0.0617832	0.0617847	9.78677e-05
149	0.0616882	0.0617841	9.7213e-05
150	0.0618435	0.0617845	9.65658e-05
151	0.0624011	0.0617886	9.60125e-05
152	0.0625116	0.0617933	9.54987e-05
153	0.0632979	0.0618032	9.53795e-05
154	0.06202	0.0618046	9.47705e-05
155	0.0615222	0.0618027	9.41766e-05
156	0.0605835	0.0617949	9.38966e-05
157	0.0622328	0.0617977	9.334e-05
158	0.0628828	0.0618046	9.30015e-05
159	0.0645353	0.0618218	9.3989e-05
160	0.0621132	0.0618236	9.34192e-05
161	0.0624703	0.0618276	9.29253e-05
162	0.0640811	0.0618415	9.33871e-05
163	0.0639507	0.0618544	9.37063e-05
164	0.0643384	0.0618696	9.4351e-05
165	0.0623683	0.0618726	9.38276e-05
166	0.0629429	0.0618791	9.34836e-05
167	0.0643925	0.0618941	9.41276e-05
168	0.0636188	0.0619044	9.41254e-05
169	0.0625564	0.0619082	9.36475e-05
170	0.0645534	0.0619238	9.43804e-05
171	0.0658416	0.0619467	9.65694e-05
172	0.0652973	0.0619662	9.7953e-05
173	0.0646564	0.0619817	9.86134e-05
174	0.064856	0.0619983	9.94206e-05
175	0.0652501	0.0620168	0.000100574
176	0.063119	0.0620231	0.000100197
177	0.0623758	0.0620251	9.9651e-05
178	0.062108	0.0620256	9.90923e-05
179	0.0639963	0.0620366	9.91484e-05
180	0.0637457	0.0620461	9.90512e-05
181	0.063553	0.0620544	9.88532e-05
182	0.0616449	0.0620521	9.83357e-05
183	0.0605737	0.0620441	9.81296e-05
184	0.0609914	0.0620383	9.77629e-05
185	0.0619121	0.0620377	9.72368e-05
186	0.0625813	0.0620406	9.6758e-05
187	0.0615648	0.062038	9.6274e-05
188	0.0601701	0.0620281	9.62732e-05
189	0.0607654	0.0620214	9.59954e-05
190	0.0613253	0.0620178	9.55601e-05
191	0.0601041	0.0620077	9.55835e-05
192	0.0589646	0.0619919	9.63908e-05
193	0.0618328	0.0619911	9.58949e-05
194	0.0620311	0.0619913	9.54008e-05
195	0.061495	0.0619887	9.49455e-05
196	0.0611482	0.0619844	9.45579e-05
197	0.0604088	0.0619764	9.44156e-05
198	0.0612377	0.0619727	9.40124e-05
199	0.0631998	0.0619789	9.3742e-05
200	0.0623692	0.0619808	9.32936e-05
201	0.0620313	0.0619811	9.28298e-05
202	0.0611843	0.0619771	9.2454e-05
203	0.061438	0.0619745	9.20367e-05
204	0.0615629	0.0619725	9.16077e-05
205	0.0619627	0.0619724	9.11608e-05
206	0.060501	0.0619653	9.09977e-05
207	0.0612977	0.061962	9.06152e-05
208	0.0604778	0.0619549	9.04601e-05
209	0.0595337	0.0619433	9.0766e-05
210	0.0620964	0.061944	9.03368e-05
211	0.0632276	0.0619501	9.01132e-05
212	0.0612494	0.0619468	8.97488e-05
213	0.0604599	0.0619398	8.95985e-05
214	0.0607144	0.0619341	8.93626e-05
215	0.0603489	0.0619267	8.92506e-05
216	0.060688	0.061921	8.90215e-05
217	0.0609461	0.0619165	8.87245e-05
218	0.061118	0.0619129	8.83931e-05
219	0.0616001	0.0619114	8.8001e-05
220	0.0605351	0.0619052	8.78231e-05
221	0.0615912	0.0619038	8.74372e-05
222	0.0607907	0.0618987	8.7187e-05
223	0.0609575	0.0618945	8.68981e-05
224	0.0607478	0.0618894	8.66608e-05
225	0.0600617	0.0618813	8.66556e-05
226	0.0610711	0.0618777	8.63462e-05
227	0.0637912	0.0618861	8.63764e-05
228	0.0630969	0.0618914	8.61606e-05
229	0.0631622	0.061897	8.59629e-05
230	0.0629076	0.0619014	8.57014e-05
231	0.0620182	0.0619019	8.53319e-05
232	0.0620007	0.0619023	8.49651e-05
233	0.0621945	0.0619036	8.46097e-05
234	0.0618151	0.0619032	8.4249e-05
235	0.0620843	0.061904	8.3894e-05
236	0.0616764	0.061903	8.35441e-05
237	0.0623453	0.0619049	8.32124e-05
238	0.0623172	0.0619066	8.28808e-05
239	0.0602133	0.0618995	8.28363e-05
240	0.0613438	0.0618972	8.25235e-05
241	0.060969	0.0618933	8.22709e-05
242	0.0606004	0.061888	8.21042e-05
243	0.0611895	0.0618851	8.18167e-05
244	0.0613318	0.0618828	8.15128e-05
245	0.0616226	0.0618818	8.1187e-05
246	0.0608116	0.0618774	8.09734e-05
247	0.0617701	0.061877	8.06468e-05
248	0.060642	0.061872	8.04752e-05
249	0.0613576	0.06187	8.01785e-05
250	0.0629837	0.0618744	7.99814e-05
251	0.0606223	0.0618694	7.98182e-05
252	0.0600062	0.061862	7.98432e-05
253	0.0616297	0.0618611	7.95329e-05
254	0.0616155	0.0618601	7.92256e-05
255	0.0604429	0.0618546	7.91097e-05
256	0.0601979	0.0618481	7.90649e-05
257	0.0600644	0.0618412	7.90613e-05
258	0.0604937	0.061836	7.89272e-05
259	0.0623382	0.0618379	7.86462e-05
260	0.0623116	0.0618397	7.83648e-05
261	0.0619692	0.0618402	7.80662e-05
262	0.0610242	0.0618371	7.78303e-05
263	0.0604627	0.0618319	7.77096e-05
264	0.0612664	0.0618297	7.74448e-05
265	0.0613537	0.0618279	7.71734e-05
266	0.0611706	0.0618255	7.69228e-05
267	0.0605207	0.0618206	7.67898e-05
268	0.0595876	0.0618122	7.69539e-05
269	0.0608961	0.0618088	7.67432e-05
270	0.0614759	0.0618076	7.64689e-05
271	0.0622552	0.0618093	7.62045e-05
272	0.0623991	0.0618114	7.59552e-05
273	0.0620943	0.0618125	7.5684e-05
274	0.0605462	0.0618078	7.55488e-05
275	0.0588437	0.0617971	7.60391e-05
276	0.0593507	0.0617882	7.62785e-05
277	0.0605359	0.0617837	7.6137e-05
278	0.0610005	0.0617809	7.59152e-05
279	0.0640613	0.061789	7.60818e-05
280	0.0618895	0.0617894	7.58109e-05
281	0.0618247	0.0617895	7.55413e-05
282	0.0629817	0.0617937	7.53916e-05
283	0.0623605	0.0617957	7.51518e-05
284	0.0652574	0.0618079	7.58692e-05
285	0.0635311	0.061814	7.58435e-05
286	0.0628006	0.0618174	7.56567e-05
287	0.0618378	0.0618175	7.53932e-05
288	0.0607538	0.0618138	7.52218e-05
289	0.061568	0.061813	7.49663e-05
290	0.0624886	0.0618153	7.4744e-05
291	0.0631434	0.0618198	7.46264e-05
292	0.0620322	0.0618206	7.43743e-05
293	0.0632002	0.0618253	7.42694e-05
294	0.0624587	0.0618274	7.4048e-05
295	0.0611239	0.0618251	7.38354e-05
296	0.0623506	0.0618268	7.36073e-05
297	0.0609411	0.0618238	7.34199e-05
298	0.0615965	0.0618231	7.31775e-05
299	0.0618378	0.0618231	7.29327e-05
300	0.0618068	0.0618231	7.26896e-05
301	0.0618999	0.0618233	7.24486e-05
302	0.0612899	0.0618216	7.22302e-05
303	0.0613489	0.06182	7.20087e-05
304	0.0616677	0.0618195	7.17736e-05
305	0.0622712	0.061821	7.15535e-05
306	0.0620676	0.0618218	7.13242e-05
307	0.0615352	0.0618209	7.1098e-05
308	0.0617017	0.0618205	7.08682e-05
309	0.0632062	0.061825	7.07806e-05
310	0.062861	0.0618283	7.06312e-05
311	0.060899	0.0618253	7.04672e-05
312	0.0607794	0.061822	7.03211e-05
313	0.0602804	0.061817	7.02687e-05
314	0.060607	0.0618132	7.01505e-05
315	0.0602571	0.0618082	7.01015e-05
316	0.0626252	0.0618108	6.99273e-05
317	0.0613828	0.0618095	6.97198e-05
318	0.0617109	0.0618092	6.95012e-05
319	0.0630572	0.0618131	6.93933e-05
320	0.0617388	0.0618128	6.91769e-05
321	0.0608414	0.0618098	6.90275e-05
322	0.0604272	0.0618055	6.89466e-05
323	0.0609061	0.0618027	6.87893e-05
324	0.0627803	0.0618058	6.86432e-05
325	0.0625322	0.061808	6.84683e-05
326	0.060595	0.0618043	6.83593e-05
327	0.0604745	0.0618002	6.82711e-05
328	0.060335	0.0617957	6.8209e-05
329	0.0602508	0.061791	6.81631e-05
330	0.0616841	0.0617907	6.79573e-05
331	0.061815	0.0617908	6.77521e-05
332	0.0614729	0.0617898	6.75548e-05
333	0.0604459	0.0617858	6.74723e-05
334	0.0612199	0.0617841	6.72916e-05
335	0.0613829	0.0617829	6.71014e-05
336	0.061712	0.0617827	6.6902e-05
337	0.0621388	0.0617838	6.67118e-05
338	0.0622374	0.0617851	6.6528e-05
339	0.0623634	0.0617868	6.63536e-05
340	0.0605289	0.0617831	6.62615e-05
341	0.0622042	0.0617843	6.60787e-05
342	0.0647545	0.061793	6.64537e-05
343	0.063906	0.0617992	6.65449e-05
344	0.0631602	0.0618031	6.6469e-05
345	0.0625956	0.0618054	6.6316e-05
346	0.0625027	0.0618074	6.61549e-05
347	0.0611552	0.0618056	6.5991e-05
348	0.0615031	0.0618047	6.58071e-05
349	0.0608477	0.061802	6.56756e-05
350	0.0618219	0.061802	6.5488e-05
351	0.0619523	0.0618024	6.53028e-05
352	0.0633118	0.0618067	6.52579e-05
353	0.0628111	0.0618096	6.51351e-05
354	0.06446	0.0618171	6.538e-05
355	0.0646697	0.0618251	6.56878e-05
356	0.063368	0.0618294	6.56461e-05
357	0.0632293	0.0618334	6.55792e-05
358	0.0629502	0.0618365	6.54702e-05
359	0.0628259	0.0618392	6.53458e-05
360	0.0636686	0.0618443	6.53616e-05
361	0.0649965	0.061853	6.57612e-05
362	0.065463	0.061863	6.63313e-05
363	0.0640485	0.061869	6.64213e-05
364	0.0641663	0.0618753	6.65379e-05
365	0.063868	0.0618808	6.65792e-05
366	0.0628879	0.0618836	6.64542e-05
367	0.0640568	0.0618895	6.65364e-05
368	0.0628301	0.061892	6.64047e-05
369	0.0650993	0.0619007	6.67911e-05
370	0.063817	0.0619059	6.68111e-05
371	0.0625681	0.0619077	6.66549e-05
372	0.0621307	0.0619083	6.64784e-05
373	0.0618191	0.0619081	6.63006e-05
374	0.0596492	0.061902	6.63978e-05
375	0.0619639	0.0619022	6.6221e-05
376	0.0625917	0.061904	6.60703e-05
377	0.0626065	0.0619059	6.59213e-05
378	0.062403	0.0619072	6.576e-05
379	0.0640972	0.061913	6.58399e-05
380	0.0632813	0.0619166	6.5765e-05
381	0.0622147	0.0619174	6.5597e-05
382	0.0631861	0.0619207	6.55094e-05
383	0.0628866	0.0619232	6.53868e-05
384	0.0631184	0.0619263	6.52906e-05
385	0.0656941	0.0619361	6.58504e-05
386	0.0644333	0.0619426	6.59968e-05
387	0.0631618	0.0619457	6.59015e-05
388	0.0628674	0.0619481	6.57744e-05
389	0.0641499	0.0619538	6.58484e-05
390	0.0636131	0.061958	6.58169e-05
391	0.0643285	0.0619641	6.59272e-05
392	0.0626365	0.0619658	6.57813e-05
393	0.0632517	0.0619691	6.56953e-05
394	0.0623518	0.06197	6.55357e-05
395	0.0618544	0.0619697	6.53704e-05
396	0.0611833	0.0619677	6.52355e-05
397	0.0620263	0.0619679	6.50714e-05
398	0.0631353	0.0619708	6.4974e-05
399	0.0642372	0.0619765	6.50589e-05
400	0.0636496	0.0619807	6.50306e-05
401	0.0638144	0.0619853	6.5029e-05
402	0.0647592	0.0619922	6.52323e-05
403	0.0637057	0.0619964	6.52089e-05
404	0.0636731	0.0620006	6.51794e-05
405	0.0646282	0.0620071	6.53406e-05
406	0.0647387	0.0620138	6.55251e-05
407	0.0653885	0.0620221	6.58867e-05
408	0.0642239	0.0620275	6.59458e-05
409	0.0626768	0.0620291	6.58037e-05
410	0.0623387	0.0620298	6.56475e-05
411	0.0628075	0.0620317	6.5515e-05
412	0.0616204	0.0620307	6.53636e-05
413	0.0628102	0.0620326	6.52326e-05
414	0.0622447	0.0620331	6.50771e-05
415	0.0622291	0.0620336	6.4922e-05
416	0.06227	0.0620341	6.47684e-05
417	0.0612706	0.0620323	6.46389e-05
418	0.0621244	0.0620325	6.44847e-05
419	0.0608557	0.0620297	6.43919e-05
420	0.0615346	0.0620285	6.42494e-05
421	0.0623493	0.0620293	6.41013e-05
422	0.0622484	0.0620298	6.39515e-05
423	0.0618975	0.0620295	6.38011e-05
424	0.0597014	0.062024	6.38865e-05
425	0.0587213	0.0620163	6.4207e-05
426	0.0603661	0.0620124	6.4173e-05
427	0.0605429	0.0620089	6.4115e-05
428	0.0595239	0.0620031	6.42275e-05
429	0.0632074	0.0620059	6.41391e-05
430	0.0634087	0.0620092	6.40729e-05
431	0.0613379	0.0620076	6.39431e-05
432	0.0605617	0.0620043	6.38827e-05
433	0.0613269	0.0620027	6.37543e-05
434	0.0618719	0.0620024	6.36081e-05
435	0.0617839	0.0620019	6.34639e-05
436	0.0623586	0.0620027	6.33236e-05
437	0.0620118	0.0620028	6.31787e-05
438	0.0624635	0.0620038	6.30432e-05
439	0.0625841	0.0620051	6.29134e-05
440	0.0624997	0.0620063	6.27805e-05
441	0.0627815	0.062008	6.26627e-05
442	0.0624247	0.062009	6.2528e-05
443	0.0626091	0.0620103	6.24016e-05
444	0.0621971	0.0620107	6.22624e-05
445	0.0610136	0.0620085	6.21628e-05
446	0.0619829	0.0620084	6.20235e-05
447	0.0618171	0.062008	6.18862e-05
448	0.062173	0.0620084	6.17492e-05
449	0.0633593	0.0620114	6.16849e-05
450	0.0631229	0.0620139	6.15972e-05
451	0.0635892	0.0620174	6.15596e-05
452	0.0625387	0.0620185	6.14342e-05
453	0.0625396	0.0620197	6.13094e-05
454	0.0625309	0.0620208	6.11847e-05
455	0.0619686	0.0620207	6.10503e-05
456	0.0612572	0.062019	6.09394e-05
457	0.0611695	0.0620171	6.08344e-05
458	0.0600723	0.0620129	6.08496e-05
459	0.0599134	0.0620083	6.08887e-05
460	0.0607659	0.0620056	6.08162e-05
461	0.0630911	0.062008	6.07298e-05
462	0.0642294	0.0620128	6.07884e-05
463	0.0615018	0.0620117	6.06672e-05
464	0.0638669	0.0620157	6.0668e-05
465	0.0628039	0.0620174	6.05612e-05
466	0.0608152	0.0620148	6.04862e-05
467	0.0606005	0.0620118	6.04324e-05
468	0.0626017	0.062013	6.03165e-05
469	0.0629283	0.062015	6.02194e-05
470	0.0618381	0.0620146	6.00925e-05
471	0.0618749	0.0620143	5.99656e-05
472	0.0613716	0.0620129	5.9854e-05
473	0.0622672	0.0620135	5.97299e-05
474	0.0633342	0.0620163	5.96688e-05
475	0.0622894	0.0620168	5.9546e-05
476	0.062058	0.0620169	5.94209e-05
477	0.0607641	0.0620143	5.93544e-05
478	0.0618504	0.062014	5.92312e-05
479	0.0602942	0.0620104	5.92163e-05
480	0.0619121	0.0620102	5.90933e-05
481	0.0628944	0.062012	5.8999e-05
482	0.0610479	0.06201	5.89105e-05
483	0.0605553	0.062007	5.88655e-05
484	0.0612616	0.0620054	5.8764e-05
485	0.062105	0.0620057	5.86432e-05
486	0.0616424	0.0620049	5.85273e-05
487	0.0603911	0.0620016	5.85008e-05
488	0.0611486	0.0619998	5.84071e-05
489	0.0614945	0.0619988	5.82968e-05
490	0.0645703	0.0620041	5.84135e-05
491	0.0641358	0.0620084	5.84557e-05
492	0.0637668	0.062012	5.8446e-05
493	0.0630545	0.0620141	5.83657e-05
494	0.0609891	0.062012	5.82844e-05
495	0.0602028	0.0620084	5.82811e-05
496	0.0608572	0.062006	5.82098e-05
497	0.0612811	0.0620046	5.8111e-05
498	0.0607968	0.0620022	5.80449e-05
499	0.0592958	0.0619967	5.81814e-05
500	0.059975	0.0619927	5.82054e-05
501	0.0603085	0.0619893	5.81862e-05
502	0.0615647	0.0619885	5.80764e-05
503	0.0633893	0.0619913	5.80277e-05
504	0.0624415	0.0619922	5.79194e-05
505	0.0629118	0.061994	5.78334e-05
506	0.0637041	0.0619974	5.78177e-05
507	0.0635141	0.0620003	5.7781e-05
508	0.0630204	0.0620024	5.77022e-05
509	0.0629909	0.0620043	5.76215e-05
510	0.0633805	0.062007	5.75717e-05
511	0.0621718	0.0620073	5.74599e-05
512	0.0618298	0.062007	5.73487e-05
513	0.0613936	0.0620058	5.72494e-05
514	0.0622809	0.0620063	5.71405e-05
515	0.0629325	0.0620081	5.70579e-05
516	0.0619191	0.0620079	5.69475e-05
517	0.0611092	0.0620062	5.68639e-05
518	0.0594739	0.0620013	5.69639e-05
519	0.0612315	0.0619998	5.68734e-05
520	0.0629288	0.0620016	5.67921e-05
521	0.0628401	0.0620032	5.67059e-05
522	0.0628928	0.0620049	5.66229e-05
523	0.0636776	0.0620081	5.66049e-05
524	0.0618495	0.0620078	5.64976e-05
525	0.0629284	0.0620096	5.64172e-05
526	0.0636128	0.0620126	5.63922e-05
527	0.0653982	0.0620191	5.665e-05
528	0.0637504	0.0620223	5.66375e-05
529	0.0628575	0.0620239	5.65524e-05
530	0.0611684	0.0620223	5.64688e-05
531	0.0625289	0.0620232	5.63705e-05
532	0.0646318	0.0620282	5.64774e-05
533	0.0632443	0.0620304	5.64175e-05
534	0.0639465	0.062034	5.64258e-05
535	0.0646869	0.062039	5.65378e-05
536	0.0643115	0.0620432	5.65911e-05
537	0.0621126	0.0620433	5.64858e-05
538	0.0620584	0.0620434	5.63809e-05
539	0.063805	0.0620466	5.63709e-05
540	0.0633311	0.062049	5.63167e-05
541	0.061616	0.0620482	5.62183e-05
542	0.0623833	0.0620488	5.61179e-05
543	0.0625349	0.0620497	5.60217e-05
544	0.0619606	0.0620496	5.5919e-05
545	0.0600026	0.0620458	5.59424e-05
546	0.0610601	0.062044	5.5869e-05
547	0.062348	0.0620446	5.57697e-05
548	0.0619907	0.0620445	5.5668e-05
549	0.0603871	0.0620414	5.56484e-05
550	0.0610328	0.0620396	5.55774e-05
551	0.0624648	0.0620404	5.54819e-05
552	0.0615078	0.0620394	5.53898e-05
553	0.0622401	0.0620398	5.52908e-05
554	0.0621993	0.0620401	5.51918e-05
555	0.0634917	0.0620427	5.51543e-05
556	0.0633862	0.0620451	5.5108e-05
557	0.0644535	0.0620494	5.51784e-05
558	0.0620841	0.0620495	5.50795e-05
559	0.0595172	0.062045	5.5167e-05
560	0.0610443	0.0620432	5.50974e-05
561	0.0602477	0.06204	5.50921e-05
562	0.0608794	0.0620379	5.50327e-05
563	0.0619179	0.0620377	5.49354e-05
564	0.0611367	0.0620361	5.48612e-05
565	0.0613632	0.0620349	5.4777e-05
566	0.0609346	0.062033	5.47147e-05
567	0.0617714	0.0620325	5.46202e-05
568	0.06357	0.0620352	5.45911e-05
569	0.0654231	0.0620412	5.48189e-05
570	0.0647547	0.0620459	5.4929e-05
571	0.0617833	0.0620455	5.48347e-05
572	0.0612161	0.062044	5.4758e-05
573	0.0631689	0.062046	5.46976e-05
574	0.0622063	0.0620463	5.46031e-05
575	0.0600814	0.0620428	5.46149e-05
576	0.0608954	0.0620408	5.45564e-05
577	0.0617037	0.0620403	5.4465e-05
578	0.0606542	0.0620379	5.44235e-05
579	0.0613795	0.0620367	5.43414e-05
580	0.0633993	0.0620391	5.42985e-05
581	0.0624095	0.0620397	5.42088e-05
582	0.0608968	0.0620378	5.41512e-05
583	0.0609066	0.0620358	5.40931e-05
584	0.059999	0.0620323	5.41127e-05
585	0.0605433	0.0620298	5.40801e-05
586	0.0607317	0.0620276	5.40331e-05
587	0.0632536	0.0620297	5.39814e-05
588	0.0636769	0.0620325	5.39623e-05
589	0.0613561	0.0620313	5.38829e-05
590	0.0616048	0.0620306	5.37964e-05
591	0.0613366	0.0620294	5.37182e-05
592	0.0608572	0.0620274	5.36639e-05
593	0.060727	0.0620252	5.36182e-05
594	0.062963	0.0620268	5.35512e-05
595	0.063737	0.0620297	5.35383e-05
596	0.0632517	0.0620317	5.34877e-05
597	0.0617976	0.0620313	5.33995e-05
598	0.0623205	0.0620318	5.33124e-05
599	0.0615069	0.062031	5.32306e-05
600	0.0607475	0.0620288	5.31849e-05
601	0.0600791	0.0620256	5.31952e-05
602	0.0601173	0.0620224	5.32012e-05
603	0.062002	0.0620224	5.3113e-05
604	0.0632375	0.0620244	5.30632e-05
605	0.0620929	0.0620245	5.29756e-05
606	0.0617336	0.062024	5.28903e-05
607	0.0635084	0.0620265	5.28597e-05
608	0.0639961	0.0620297	5.28719e-05
609	0.0619762	0.0620296	5.27852e-05
610	0.0606996	0.0620274	5.27437e-05
611	0.0612858	0.0620262	5.26713e-05
612	0.0589661	0.0620212	5.28221e-05
613	0.0595377	0.0620172	5.2891e-05
614	0.0612854	0.062016	5.28183e-05
615	0.0611666	0.0620146	5.27505e-05
616	0.0618529	0.0620143	5.26655e-05
617	0.060486	0.0620118	5.26384e-05
618	0.0617834	0.0620115	5.25545e-05
619	0.0626162	0.0620125	5.24787e-05
620	0.0631806	0.0620143	5.24278e-05
621	0.0621449	0.0620146	5.23438e-05
622	0.0606738	0.0620124	5.2304e-05
623	0.0610015	0.0620108	5.22452e-05
624	0.0611094	0.0620093	5.21815e-05
625	0.0610258	0.0620078	5.21217e-05
626	0.0616137	0.0620071	5.20423e-05
627	0.062866	0.0620085	5.19773e-05
628	0.063242	0.0620105	5.19316e-05
629	0.0617457	0.06201	5.18508e-05
630	0.0621771	0.0620103	5.17691e-05
631	0.0618976	0.0620101	5.16874e-05
632	0.0622066	0.0620104	5.16066e-05
633	0.0619446	0.0620103	5.15251e-05
634	0.0626721	0.0620114	5.14544e-05
635	0.0623391	0.0620119	5.1376e-05
636	0.0627478	0.062013	5.13082e-05
637	0.0628812	0.0620144	5.12458e-05
638	0.0637577	0.0620171	5.12383e-05
639	0.0633748	0.0620193	5.12021e-05
640	0.061259	0.0620181	5.11359e-05
641	0.0615486	0.0620173	5.10614e-05
642	0.062258	0.0620177	5.09832e-05
643	0.060226	0.0620149	5.098e-05
644	0.0612643	0.0620138	5.09142e-05
645	0.060793	0.0620119	5.08704e-05
646	0.0597524	0.0620084	5.09117e-05
647	0.0601566	0.0620055	5.09134e-05
648	0.0600945	0.0620026	5.09202e-05
649	0.0602215	0.0619998	5.09156e-05
650	0.0600188	0.0619968	5.09284e-05
651	0.0606154	0.0619947	5.08944e-05
652	0.060025	0.0619916	5.09059e-05
653	0.0621496	0.0619919	5.08285e-05
654	0.0617354	0.0619915	5.07523e-05
655	0.0622568	0.0619919	5.06765e-05
656	0.0610359	0.0619904	5.06202e-05
657	0.0616887	0.06199	5.05452e-05
658	0.0615467	0.0619893	5.04729e-05
659	0.0607849	0.0619875	5.04294e-05
660	0.0615621	0.0619868	5.03571e-05
661	0.061	0.0619853	5.0303e-05
662	0.0611217	0.061984	5.02439e-05
663	0.0627571	0.0619852	5.01817e-05
664	0.0622787	0.0619856	5.01081e-05
665	0.0608347	0.0619839	5.00626e-05
666	0.06149	0.0619832	4.99929e-05
667	0.0606521	0.0619812	4.99578e-05
668	0.0614627	0.0619804	4.9889e-05
669	0.0623953	0.061981	4.98183e-05
670	0.0609124	0.0619794	4.97695e-05
671	0.0621371	0.0619797	4.96959e-05
672	0.0628396	0.0619809	4.96384e-05
673	0.0633972	0.061983	4.96092e-05
674	0.0632392	0.0619849	4.95706e-05
675	0.0619327	0.0619848	4.94972e-05
676	0.0614768	0.0619841	4.94297e-05
677	0.062194	0.0619844	4.93577e-05
678	0.0645152	0.0619881	4.94258e-05
679	0.063695	0.0619906	4.94169e-05
680	0.0611501	0.0619894	4.93597e-05
681	0.0635315	0.0619917	4.93391e-05
682	0.0645598	0.0619954	4.94103e-05
683	0.0644752	0.0619991	4.94711e-05
684	0.062336	0.0619995	4.94013e-05
685	0.0614906	0.0619988	4.93347e-05
686	0.0625506	0.0619996	4.92694e-05
687	0.0634687	0.0620017	4.9244e-05
688	0.0627242	0.0620028	4.91837e-05
689	0.0619568	0.0620027	4.91123e-05
690	0.0616238	0.0620022	4.90442e-05
691	0.0601807	0.0619995	4.9044e-05
692	0.0605073	0.0619974	4.90205e-05
693	0.0605359	0.0619953	4.89951e-05
694	0.0594463	0.0619916	4.9062e-05
695	0.0604433	0.0619894	4.9042e-05
696	0.0620479	0.0619895	4.89716e-05
697	0.0629455	0.0619908	4.89205e-05
698	0.062718	0.0619919	4.88615e-05
699	0.0622867	0.0619923	4.87934e-05
700	0.0610532	0.061991	4.87422e-05
701	0.0606656	0.0619891	4.87093e-05
702	0.0616854	0.0619886	4.86418e-05
703	0.0618605	0.0619885	4.8573e-05
704	0.0595815	0.061985	4.86242e-05
705	0.0585134	0.0619801	4.88039e-05
706	0.0602185	0.0619776	4.87985e-05
707	0.0619448	0.0619776	4.87295e-05
708	0.0611129	0.0619763	4.8676e-05
709	0.0620318	0.0619764	4.86074e-05
710	0.0626729	0.0619774	4.85489e-05
711	0.0614937	0.0619767	4.84853e-05
712	0.0593541	0.061973	4.85569e-05
713	0.0612091	0.061972	4.85007e-05
714	0.0620884	0.0619721	4.8433e-05
715	0.0599793	0.0619693	4.84454e-05
716	0.0618086	0.0619691	4.83783e-05
717	0.061277	0.0619682	4.83204e-05
718	0.0609321	0.0619667	4.82747e-05
719	0.0626713	0.0619677	4.82175e-05
720	0.0601413	0.0619652	4.82172e-05
721	0.0592064	0.0619613	4.83019e-05
722	0.0595693	0.061958	4.83485e-05
723	0.0595629	0.0619547	4.83949e-05
724	0.0620128	0.0619548	4.83282e-05
725	0.0621061	0.061955	4.8262e-05
726	0.0618079	0.0619548	4.81959e-05
727	0.060629	0.061953	4.81641e-05
728	0.0611758	0.0619519	4.81098e-05
729	0.0602433	0.0619496	4.81008e-05
730	0.0604778	0.0619475	4.80772e-05
731	0.0598779	0.0619447	4.80947e-05
732	0.061953	0.0619447	4.8029e-05
733	0.0617202	0.0619444	4.79645e-05
734	0.062204	0.0619448	4.79004e-05
735	0.0619185	0.0619447	4.78353e-05
736	0.0619569	0.0619447	4.77703e-05
737	0.0619342	0.0619447	4.77054e-05
738	0.0635255	0.0619469	4.76889e-05
739	0.0638534	0.0619495	4.76941e-05
740	0.0622685	0.0619499	4.76316e-05
741	0.0602333	0.0619476	4.76236e-05
742	0.0600997	0.0619451	4.76245e-05
743	0.0617147	0.0619448	4.75614e-05
744	0.0629339	0.0619461	4.7516e-05
745	0.0638663	0.0619487	4.75221e-05
746	0.0629315	0.06195	4.74767e-05
747	0.0621774	0.0619503	4.74141e-05
748	0.0618573	0.0619502	4.73509e-05
749	0.0609163	0.0619488	4.73078e-05
750	0.0601953	0.0619465	4.73024e-05
751	0.0623018	0.0619469	4.72418e-05
752	0.0622053	0.0619473	4.71802e-05
753	0.0628002	0.0619484	4.71312e-05
754	0.0622635	0.0619488	4.70705e-05
755	0.0633296	0.0619507	4.70437e-05
756	0.0640738	0.0619535	4.70652e-05
757	0.0638279	0.0619559	4.70681e-05
758	0.0651825	0.0619602	4.71981e-05
759	0.0639414	0.0619628	4.72081e-05
760	0.06494	0.0619667	4.73082e-05
761	0.0655225	0.0619714	4.74762e-05
762	0.0640846	0.0619742	4.74948e-05
763	0.0621631	0.0619744	4.74332e-05
764	0.0610337	0.0619732	4.73871e-05
765	0.0619087	0.0619731	4.73253e-05
766	0.0633656	0.0619749	4.72984e-05
767	0.0631502	0.0619764	4.72615e-05
768	0.0626196	0.0619773	4.72074e-05
769	0.0639918	0.0619799	4.72186e-05
770	0.0633261	0.0619817	4.71897e-05
771	0.0635188	0.0619836	4.71706e-05
772	0.063802	0.061986	4.71682e-05
773	0.0633221	0.0619877	4.71389e-05
774	0.0629839	0.061989	4.70955e-05
775	0.0634295	0.0619909	4.70714e-05
776	0.0635299	0.0619929	4.70525e-05
777	0.0647888	0.0619965	4.71294e-05
778	0.0636205	0.0619985	4.7115e-05
779	0.0630932	0.062	4.70755e-05
780	0.0629832	0.0620012	4.7032e-05
781	0.0634601	0.0620031	4.70089e-05
782	0.0642489	0.062006	4.70364e-05
783	0.0656934	0.0620107	4.72115e-05
784	0.0646486	0.062014	4.7271e-05
785	0.0651057	0.062018	4.73746e-05
786	0.063362	0.0620197	4.73452e-05
787	0.0623612	0.0620201	4.7287e-05
788	0.0610345	0.0620189	4.72435e-05
789	0.0614043	0.0620181	4.71901e-05
790	0.061388	0.0620173	4.71371e-05
791	0.0612534	0.0620163	4.70874e-05
792	0.0606515	0.0620146	4.70594e-05
793	0.0617468	0.0620143	4.70013e-05
794	0.0617815	0.062014	4.6943e-05
795	0.062121	0.0620141	4.68842e-05
796	0.0624904	0.0620147	4.68291e-05
797	0.0636297	0.0620167	4.68141e-05
798	0.063485	0.0620186	4.67916e-05
799	0.0657512	0.0620232	4.69657e-05
800	0.063961	0.0620257	4.69694e-05
801	0.0637791	0.0620278	4.69618e-05
802	0.0634494	0.0620296	4.69366e-05
803	0.0638868	0.0620319	4.69351e-05
804	0.0646763	0.0620352	4.69918e-05
805	0.065888	0.06204	4.71766e-05
806	0.0630009	0.0620412	4.71331e-05
807	0.0619952	0.0620411	4.70747e-05
808	0.0627563	0.062042	4.70248e-05
809	0.0630599	0.0620433	4.69835e-05
810	0.0619436	0.0620432	4.69256e-05
811	0.0609674	0.0620418	4.68865e-05
812	0.0608132	0.0620403	4.68532e-05
813	0.0595909	0.0620373	4.68923e-05
814	0.0613989	0.0620365	4.68413e-05
815	0.0626145	0.0620372	4.67892e-05
816	0.0618491	0.062037	4.67324e-05
817	0.0620776	0.062037	4.66752e-05
818	0.0629166	0.0620381	4.66306e-05
819	0.0617227	0.0620377	4.65752e-05
820	0.0627461	0.0620386	4.65264e-05
821	0.0632793	0.0620401	4.64943e-05
822	0.0622748	0.0620404	4.64386e-05
823	0.0609288	0.062039	4.64018e-05
824	0.0611002	0.0620379	4.63595e-05
825	0.0608444	0.0620365	4.63259e-05
826	0.0616925	0.062036	4.62717e-05
827	0.0627955	0.062037	4.62248e-05
828	0.0601789	0.0620347	4.62234e-05
829	0.0597206	0.0620319	4.62519e-05
830	0.0606253	0.0620302	4.62272e-05
831	0.0612555	0.0620293	4.6181e-05
832	0.0618935	0.0620291	4.61257e-05
833	0.0639759	0.0620315	4.61295e-05
834	0.0621932	0.0620317	4.60746e-05
835	0.0605577	0.0620299	4.60533e-05
836	0.0599032	0.0620274	4.60684e-05
837	0.0623236	0.0620277	4.60147e-05
838	0.0634928	0.0620295	4.5993e-05
839	0.0639862	0.0620318	4.59973e-05
840	0.0631576	0.0620331	4.5962e-05
841	0.0622786	0.0620334	4.59083e-05
842	0.0616097	0.0620329	4.58565e-05
843	0.0626172	0.0620336	4.58074e-05
844	0.0623372	0.062034	4.57545e-05
845	0.0609608	0.0620327	4.5718e-05
846	0.0601107	0.0620304	4.57204e-05
847	0.0618591	0.0620302	4.56668e-05
848	0.0611319	0.0620292	4.56253e-05
849	0.0612779	0.0620283	4.55801e-05
850	0.0598849	0.0620258	4.55962e-05
851	0.0605348	0.062024	4.55763e-05
852	0.0605412	0.0620223	4.5556e-05
853	0.0605091	0.0620205	4.55371e-05
854	0.0600505	0.0620182	4.55422e-05
855	0.061874	0.062018	4.54892e-05
856	0.0623587	0.0620184	4.54378e-05
857	0.0631839	0.0620198	4.54051e-05
858	0.0635747	0.0620216	4.53884e-05
859	0.0624585	0.0620221	4.53384e-05
860	0.0614435	0.0620214	4.52907e-05
861	0.0630455	0.0620226	4.52537e-05
862	0.0640934	0.062025	4.52649e-05
863	0.0643345	0.0620277	4.52915e-05
864	0.0638033	0.0620298	4.52857e-05
865	0.0626354	0.0620305	4.52387e-05
866	0.0629159	0.0620315	4.5198e-05
867	0.0619329	0.0620314	4.51461e-05
868	0.0603607	0.0620294	4.51351e-05
869	0.0612958	0.0620286	4.5091e-05
870	0.0613143	0.0620278	4.50467e-05
871	0.0619484	0.0620277	4.4995e-05
872	0.062239	0.0620279	4.49441e-05
873	0.0631207	0.0620292	4.491e-05
874	0.0623462	0.0620295	4.48601e-05
875	0.0618178	0.0620293	4.48095e-05
876	0.0622999	0.0620296	4.47594e-05
877	0.0623938	0.06203	4.47103e-05
878	0.0631185	0.0620313	4.46766e-05
879	0.0614248	0.0620306	4.46311e-05
880	0.0633556	0.0620321	4.46057e-05
881	0.0631203	0.0620333	4.45722e-05
882	0.0619389	0.0620332	4.45218e-05
883	0.0605365	0.0620315	4.45036e-05
884	0.0597758	0.062029	4.45264e-05
885	0.0586144	0.0620251	4.46429e-05
886	0.0599735	0.0620228	4.46525e-05
887	0.0615737	0.0620223	4.46051e-05
888	0.061852	0.0620221	4.45552e-05
889	0.0631419	0.0620233	4.45229e-05
890	0.0639979	0.0620256	4.45281e-05
891	0.0624988	0.0620261	4.44813e-05
892	0.062296	0.0620264	4.44325e-05
893	0.0620348	0.0620264	4.43827e-05
894	0.0617199	0.0620261	4.43344e-05
895	0.0603793	0.0620242	4.4323e-05
896	0.0606898	0.0620227	4.42986e-05
897	0.0616017	0.0620223	4.42517e-05
898	0.0606444	0.0620207	4.4229e-05
899	0.060384	0.0620189	4.42173e-05
900	0.0606421	0.0620174	4.41946e-05
901	0.0613961	0.0620167	4.41509e-05
902	0.062191	0.0620169	4.41024e-05
903	0.0615181	0.0620163	4.4057e-05
904	0.059687	0.0620138	4.40836e-05
905	0.0601829	0.0620117	4.40812e-05
906	0.0596062	0.0620091	4.41125e-05
907	0.061141	0.0620081	4.40742e-05
908	0.0614173	0.0620075	4.40305e-05
909	0.0611477	0.0620065	4.39922e-05
910	0.0603886	0.0620047	4.39798e-05
911	0.0611795	0.0620038	4.39408e-05
912	0.0623385	0.0620042	4.38942e-05
913	0.0628317	0.0620051	4.38555e-05
914	0.0632382	0.0620065	4.38282e-05
915	0.0626728	0.0620072	4.37864e-05
916	0.0633293	0.0620086	4.37624e-05
917	0.0644463	0.0620113	4.37953e-05
918	0.0622896	0.0620116	4.37486e-05
919	0.0610912	0.0620106	4.37125e-05
920	0.0607825	0.0620093	4.36854e-05
921	0.0621989	0.0620095	4.36384e-05
922	0.0628999	0.0620104	4.36018e-05
923	0.062759	0.0620112	4.35621e-05
924	0.061884	0.0620111	4.35151e-05
925	0.0618952	0.062011	4.34683e-05
926	0.0619037	0.0620109	4.34215e-05
927	0.0617546	0.0620106	4.33755e-05
928	0.062355	0.062011	4.33304e-05
929	0.0629356	0.062012	4.32952e-05
930	0.0646571	0.0620148	4.33419e-05
931	0.063063	0.0620159	4.331e-05
932	0.0635567	0.0620176	4.32951e-05
933	0.0627789	0.0620184	4.32564e-05
934	0.0651256	0.0620217	4.33378e-05
935	0.0623821	0.0620221	4.32931e-05
936	0.0634207	0.0620236	4.32727e-05
937	0.062926	0.0620246	4.32372e-05
938	0.0622829	0.0620248	4.3192e-05
939	0.0613777	0.0620241	4.31515e-05
940	0.0609873	0.062023	4.31197e-05
941	0.0625764	0.0620236	4.30779e-05
942	0.0653862	0.0620272	4.31798e-05
943	0.0642156	0.0620295	4.31963e-05
944	0.0643701	0.062032	4.32217e-05
945	0.0643956	0.0620345	4.32482e-05
946	0.0651348	0.0620378	4.33265e-05
947	0.065351	0.0620413	4.34218e-05
948	0.0648401	0.0620442	4.34762e-05
949	0.0647555	0.0620471	4.35242e-05
950	0.0631751	0.0620483	4.34946e-05
951	0.0625555	0.0620488	4.34521e-05
952	0.0637635	0.0620506	4.34438e-05
953	0.0626387	0.0620512	4.34026e-05
954	0.0619746	0.0620511	4.33571e-05
955	0.0626969	0.0620518	4.3317e-05
956	0.061415	0.0620512	4.32768e-05
957	0.0623256	0.0620514	4.32326e-05
958	0.063254	0.0620527	4.32056e-05
959	0.061341	0.062052	4.3167e-05
960	0.0615493	0.0620514	4.31252e-05
961	0.061249	0.0620506	4.30884e-05
962	0.0611712	0.0620497	4.30533e-05
963	0.0618611	0.0620495	4.3009e-05
964	0.0633039	0.0620508	4.29841e-05
965	0.0626663	0.0620514	4.29443e-05
966	0.0639487	0.0620534	4.29447e-05
967	0.0639134	0.0620553	4.29434e-05
968	0.0630626	0.0620564	4.29116e-05
969	0.0628389	0.0620572	4.28749e-05
970	0.0634809	0.0620586	4.28558e-05
971	0.064094	0.0620607	4.28629e-05
972	0.0640095	0.0620627	4.28657e-05
973	0.0632765	0.062064	4.28398e-05
974	0.0638254	0.0620658	4.28339e-05
975	0.0670619	0.0620709	4.30954e-05
976	0.0646338	0.0620735	4.31312e-05
977	0.0626185	0.0620741	4.30907e-05
978	0.062593	0.0620746	4.30499e-05
979	0.0630515	0.0620756	4.30175e-05
980	0.0640894	0.0620777	4.30226e-05
981	0.0629923	0.0620786	4.29889e-05
982	0.0637906	0.0620804	4.29804e-05
983	0.0624583	0.0620807	4.29384e-05
984	0.0611504	0.0620798	4.29052e-05
985	0.061569	0.0620793	4.28648e-05
986	0.062367	0.0620796	4.28223e-05
987	0.0618528	0.0620793	4.27795e-05
988	0.0630619	0.0620803	4.27478e-05
989	0.0618975	0.0620801	4.2705e-05
990	0.0625866	0.0620807	4.26649e-05
991	0.0621504	0.0620807	4.26219e-05
992	0.0603314	0.062079	4.26154e-05
993	0.0615375	0.0620784	4.2576e-05
994	0.0639699	0.0620803	4.25756e-05
995	0.0646167	0.0620829	4.26091e-05
996	0.0635575	0.0620844	4.2592e-05
997	0.0624067	0.0620847	4.25505e-05
998	0.0611663	0.0620838	4.25178e-05
999	0.0619009	0.0620836	4.24757e-05
1000	0.0609034	0.0620824	4.24496e-05
