BLOCK:	ACTUAL_T:	T_AVE:	ERROR:
1	1.21822	1.21822	0
2	1.20337	1.2108	0.00524948
3	1.20797	1.20985	0.00358329
4	1.22285	1.2131	0.00389148
5	1.20478	1.21144	0.00345116
6	1.20367	1.21014	0.00310906
7	1.2029	1.20911	0.00283204
8	1.18697	1.20634	0.00358335
9	1.22128	1.208	0.00354884
10	1.23618	1.21082	0.00416528
11	1.24503	1.21393	0.00480948
12	1.25535	1.21738	0.00551002
13	1.24185	1.21926	0.00539804
14	1.26021	1.22219	0.00575038
15	1.28337	1.22627	0.0066581
16	1.23492	1.22681	0.00626388
17	1.22505	1.2267	0.00589627
18	1.21362	1.22598	0.00561331
19	1.23285	1.22634	0.0053295
20	1.25172	1.22761	0.00521193
21	1.23373	1.2279	0.0049719
22	1.21649	1.22738	0.0047729
23	1.21794	1.22697	0.00458298
24	1.24833	1.22786	0.00447759
25	1.25463	1.22893	0.00442467
26	1.23305	1.22909	0.00425733
27	1.22083	1.22878	0.00411062
28	1.20579	1.22796	0.00404499
29	1.22657	1.22791	0.0039058
30	1.23111	1.22802	0.00377706
31	1.23128	1.22813	0.00365668
32	1.21434	1.2277	0.0035677
33	1.22987	1.22776	0.00346019
34	1.22364	1.22764	0.00336054
35	1.23737	1.22792	0.00327599
36	1.22601	1.22786	0.00318542
37	1.24193	1.22824	0.00312192
38	1.25237	1.22888	0.00310363
39	1.27285	1.23001	0.00322234
40	1.25176	1.23055	0.00318732
41	1.24514	1.23091	0.0031294
42	1.22476	1.23076	0.00305831
43	1.25561	1.23134	0.00304127
44	1.30226	1.23295	0.00337238
45	1.26443	1.23365	0.0033692
46	1.24004	1.23379	0.00329882
47	1.2609	1.23437	0.00327868
48	1.26538	1.23501	0.0032734
49	1.23027	1.23491	0.00320803
50	1.23629	1.23494	0.00314398
51	1.26018	1.23544	0.00312104
52	1.27998	1.23629	0.00317639
53	1.26169	1.23677	0.0031524
54	1.27005	1.23739	0.00315368
55	1.26126	1.23782	0.00312606
56	1.28538	1.23867	0.0031835
57	1.26908	1.23921	0.00317202
58	1.27978	1.23991	0.00319353
59	1.23563	1.23983	0.00314022
60	1.22911	1.23965	0.00309297
61	1.24751	1.23978	0.00304494
62	1.24416	1.23985	0.00299665
63	1.20323	1.23927	0.00300494
64	1.19606	1.2386	0.00303289
65	1.20134	1.23802	0.00303993
66	1.18817	1.23727	0.00308628
67	1.20317	1.23676	0.00308189
68	1.23055	1.23667	0.00303792
69	1.23151	1.23659	0.00299482
70	1.26175	1.23695	0.00297351
71	1.26636	1.23737	0.00296034
72	1.26087	1.23769	0.00293717
73	1.2702	1.23814	0.0029305
74	1.28148	1.23872	0.00294886
75	1.24468	1.2388	0.00291061
76	1.2302	1.23869	0.00287452
77	1.22881	1.23856	0.00284005
78	1.24372	1.23863	0.00280441
79	1.24	1.23865	0.00276897
80	1.2393	1.23865	0.00273437
81	1.2536	1.23884	0.00270683
82	1.27517	1.23928	0.00270983
83	1.23274	1.2392	0.00267833
84	1.24137	1.23923	0.00264657
85	1.20753	1.23886	0.00264158
86	1.24073	1.23888	0.00261096
87	1.22546	1.23872	0.0025855
88	1.25267	1.23888	0.00256097
89	1.26795	1.23921	0.00255293
90	1.27654	1.23962	0.00255803
91	1.31309	1.24043	0.00265425
92	1.29241	1.241	0.00268486
93	1.2604	1.2412	0.00266409
94	1.259	1.24139	0.00264247
95	1.24228	1.2414	0.00261467
96	1.20868	1.24106	0.00260956
97	1.21391	1.24078	0.00259762
98	1.20782	1.24045	0.00259281
99	1.23604	1.2404	0.002567
100	1.25204	1.24052	0.00254396
101	1.20516	1.24017	0.00254274
102	1.21051	1.23988	0.00253438
103	1.24013	1.23988	0.00250978
104	1.2077	1.23957	0.00250465
105	1.19364	1.23913	0.0025187
106	1.19014	1.23867	0.00253699
107	1.20736	1.23838	0.0025301
108	1.2453	1.23844	0.00250748
109	1.23555	1.23841	0.00248462
110	1.24035	1.23843	0.00246209
111	1.2518	1.23855	0.00244286
112	1.22808	1.23846	0.00242284
113	1.22882	1.23837	0.0024029
114	1.20771	1.23811	0.00239683
115	1.20137	1.23779	0.00239718
116	1.22932	1.23771	0.00237762
117	1.22313	1.23759	0.00236057
118	1.23507	1.23757	0.00234066
119	1.23044	1.23751	0.00232176
120	1.24331	1.23756	0.00230291
121	1.2552	1.2377	0.00228849
122	1.26744	1.23794	0.00228268
123	1.25558	1.23809	0.00226862
124	1.2724	1.23836	0.00226714
125	1.27692	1.23867	0.00226989
126	1.24413	1.23872	0.00225229
127	1.23752	1.23871	0.00223457
128	1.22814	1.23862	0.00221864
129	1.23956	1.23863	0.00220145
130	1.23273	1.23859	0.00218499
131	1.25645	1.23872	0.00217256
132	1.23859	1.23872	0.0021561
133	1.21169	1.23852	0.00214945
134	1.22945	1.23845	0.00213447
135	1.24336	1.23849	0.00211897
136	1.22041	1.23835	0.00210756
137	1.21053	1.23815	0.00210194
138	1.22905	1.23809	0.00208774
139	1.23738	1.23808	0.00207273
140	1.23998	1.23809	0.00205797
141	1.23684	1.23808	0.00204339
142	1.22925	1.23802	0.00202995
143	1.23179	1.23798	0.00201622
144	1.22586	1.2379	0.00200397
145	1.22268	1.23779	0.0019929
146	1.21951	1.23766	0.00198318
147	1.2187	1.23754	0.00197388
148	1.2372	1.23753	0.00196054
149	1.23479	1.23752	0.00194747
150	1.23881	1.23752	0.00193451
151	1.25019	1.23761	0.00192351
152	1.25274	1.23771	0.00191343
153	1.26866	1.23791	0.00191159
154	1.2428	1.23794	0.00189944
155	1.2324	1.23791	0.00188752
156	1.21367	1.23775	0.00188181
157	1.24691	1.23781	0.00187073
158	1.2597	1.23795	0.00186401
159	1.2912	1.23828	0.00188213
160	1.24406	1.23832	0.00187072
161	1.25172	1.2384	0.00186095
162	1.28327	1.23868	0.00186996
163	1.28099	1.23894	0.00187642
164	1.28789	1.23924	0.00188857
165	1.24971	1.2393	0.00187819
166	1.26096	1.23943	0.0018714
167	1.28922	1.23973	0.00188379
168	1.27528	1.23994	0.00188443
169	1.25407	1.24002	0.00187513
170	1.2929	1.24033	0.00188973
171	1.31878	1.24079	0.00193356
172	1.30739	1.24118	0.0019607
173	1.29552	1.24149	0.00197436
174	1.30017	1.24183	0.00199161
175	1.30647	1.2422	0.00201418
176	1.26504	1.24233	0.00200691
177	1.2497	1.24237	0.00199601
178	1.24419	1.24238	0.00198482
179	1.28115	1.2426	0.00198551
180	1.27636	1.24279	0.00198332
181	1.27268	1.24295	0.00197923
182	1.23496	1.24291	0.00196884
183	1.21423	1.24275	0.00196431
184	1.22104	1.24263	0.00195717
185	1.23955	1.24262	0.00194667
186	1.25363	1.24268	0.0019371
187	1.23296	1.24262	0.00192744
188	1.20583	1.24243	0.0019271
189	1.21594	1.24229	0.00192199
190	1.2283	1.24221	0.00191328
191	1.20343	1.24201	0.00191401
192	1.18154	1.2417	0.00192978
193	1.23783	1.24168	0.00191989
194	1.24247	1.24168	0.00190999
195	1.23164	1.24163	0.00190089
196	1.22484	1.24154	0.00189312
197	1.21018	1.24138	0.0018902
198	1.22724	1.24131	0.001882
199	1.26618	1.24144	0.00187669
200	1.25079	1.24148	0.00186789
201	1.24267	1.24149	0.0018586
202	1.22529	1.24141	0.00185113
203	1.23133	1.24136	0.00184268
204	1.23307	1.24132	0.00183409
205	1.24142	1.24132	0.00182515
206	1.21245	1.24118	0.00182166
207	1.22824	1.24112	0.00181393
208	1.21083	1.24097	0.00181105
209	1.19287	1.24074	0.00181695
210	1.24295	1.24075	0.00180832
211	1.26653	1.24087	0.00180387
212	1.22673	1.24081	0.0017966
213	1.21129	1.24067	0.0017935
214	1.21689	1.24056	0.00178856
215	1.20903	1.24041	0.00178624
216	1.21616	1.2403	0.0017815
217	1.22052	1.24021	0.00177562
218	1.2241	1.24013	0.00176901
219	1.23337	1.2401	0.0017612
220	1.21306	1.23998	0.00175748
221	1.23312	1.23995	0.0017498
222	1.21863	1.23985	0.00174455
223	1.2204	1.23977	0.00173891
224	1.21617	1.23966	0.00173433
225	1.20293	1.2395	0.00173429
226	1.22336	1.23943	0.00172809
227	1.27722	1.23959	0.00172848
228	1.26392	1.2397	0.00172419
229	1.26607	1.23981	0.0017205
230	1.25946	1.2399	0.00171514
231	1.2424	1.23991	0.00170775
232	1.24164	1.23992	0.0017004
233	1.24592	1.23994	0.0016933
234	1.23798	1.23994	0.00168609
235	1.24366	1.23995	0.00167899
236	1.23643	1.23994	0.00167194
237	1.24854	1.23997	0.00166528
238	1.24706	1.24	0.00165855
239	1.20624	1.23986	0.00165761
240	1.22876	1.23982	0.00165135
241	1.22151	1.23974	0.00164624
242	1.21423	1.23963	0.00164281
243	1.22523	1.23957	0.00163712
244	1.22826	1.23953	0.00163107
245	1.23374	1.2395	0.00162458
246	1.2177	1.23942	0.00162039
247	1.23648	1.2394	0.00161388
248	1.21528	1.23931	0.0016103
249	1.22911	1.23927	0.00160435
250	1.26166	1.23936	0.00160043
251	1.21509	1.23926	0.00159697
252	1.2021	1.23911	0.00159743
253	1.23312	1.23909	0.00159129
254	1.23425	1.23907	0.00158514
255	1.21132	1.23896	0.00158265
256	1.20537	1.23883	0.0015819
257	1.20344	1.23869	0.00158173
258	1.21228	1.23859	0.00157891
259	1.2488	1.23863	0.0015733
260	1.24859	1.23867	0.00156772
261	1.24175	1.23868	0.00156176
262	1.2226	1.23862	0.001557
263	1.2111	1.23851	0.00155459
264	1.22718	1.23847	0.0015493
265	1.22938	1.23843	0.00154383
266	1.22486	1.23838	0.00153887
267	1.21199	1.23828	0.00153628
268	1.19387	1.23812	0.00153946
269	1.21932	1.23805	0.00153532
270	1.23034	1.23802	0.0015299
271	1.24755	1.23806	0.00152466
272	1.24933	1.2381	0.00151962
273	1.24423	1.23812	0.00151422
274	1.21243	1.23803	0.00151159
275	1.1789	1.23781	0.00152131
276	1.18848	1.23763	0.00152626
277	1.21268	1.23754	0.00152341
278	1.22101	1.23748	0.00151909
279	1.28296	1.23765	0.00152236
280	1.23993	1.23765	0.00151695
281	1.23872	1.23766	0.00151155
282	1.26083	1.23774	0.00150842
283	1.24952	1.23778	0.00150367
284	1.30575	1.23802	0.0015173
285	1.27337	1.23814	0.00151704
286	1.25846	1.23822	0.00151339
287	1.23809	1.23822	0.00150812
288	1.21782	1.23814	0.00150455
289	1.23325	1.23813	0.00149943
290	1.25212	1.23818	0.00149504
291	1.26484	1.23827	0.00149271
292	1.24323	1.23828	0.00148769
293	1.26457	1.23837	0.00148532
294	1.2508	1.23842	0.00148087
295	1.2245	1.23837	0.0014766
296	1.24791	1.2384	0.00147196
297	1.22141	1.23834	0.00146812
298	1.23481	1.23833	0.00146324
299	1.23854	1.23833	0.00145835
300	1.23775	1.23833	0.00145349
301	1.24027	1.23834	0.00144867
302	1.22801	1.2383	0.00144428
303	1.22969	1.23828	0.00143979
304	1.23523	1.23827	0.00143509
305	1.24616	1.23829	0.00143062
306	1.24393	1.23831	0.00142606
307	1.23295	1.23829	0.00142152
308	1.23569	1.23828	0.00141693
309	1.26481	1.23837	0.00141494
310	1.25832	1.23843	0.00141184
311	1.21986	1.23837	0.00140856
312	1.21678	1.2383	0.00140575
313	1.20711	1.23821	0.00140479
314	1.2132	1.23813	0.00140257
315	1.20646	1.23803	0.00140171
316	1.25377	1.23807	0.00139816
317	1.22884	1.23805	0.00139406
318	1.23601	1.23804	0.00138969
319	1.26279	1.23812	0.0013875
320	1.23639	1.23811	0.00138317
321	1.2182	1.23805	0.00138025
322	1.21101	1.23797	0.00137852
323	1.22045	1.23791	0.00137532
324	1.25653	1.23797	0.00137227
325	1.25247	1.23801	0.00136877
326	1.21363	1.23794	0.00136662
327	1.21106	1.23786	0.00136491
328	1.20898	1.23777	0.00136358
329	1.2074	1.23768	0.00136256
330	1.23558	1.23767	0.00135844
331	1.2376	1.23767	0.00135434
332	1.23078	1.23765	0.00135042
333	1.21132	1.23757	0.00134867
334	1.22672	1.23754	0.00134503
335	1.23014	1.23752	0.00134119
336	1.23648	1.23751	0.00133721
337	1.24511	1.23753	0.00133343
338	1.24629	1.23756	0.00132974
339	1.24835	1.23759	0.00132619
340	1.21301	1.23752	0.00132426
341	1.24633	1.23755	0.00132063
342	1.29708	1.23772	0.00132819
343	1.28034	1.23784	0.00133012
344	1.26475	1.23792	0.00132855
345	1.25492	1.23797	0.00132561
346	1.25099	1.23801	0.00132231
347	1.22476	1.23797	0.00131906
348	1.23111	1.23795	0.00131541
349	1.21908	1.2379	0.00131275
350	1.23741	1.2379	0.001309
351	1.24063	1.2379	0.0013053
352	1.26763	1.23799	0.00130432
353	1.2584	1.23805	0.0013019
354	1.29096	1.2382	0.00130678
355	1.29591	1.23836	0.00131317
356	1.26996	1.23845	0.00131248
357	1.26579	1.23852	0.00131104
358	1.26061	1.23859	0.00130883
359	1.2591	1.23864	0.00130643
360	1.27533	1.23874	0.00130677
361	1.30216	1.23892	0.0013149
362	1.31171	1.23912	0.00132656
363	1.28363	1.23924	0.00132856
364	1.28603	1.23937	0.00133111
365	1.27852	1.23948	0.00133178
366	1.25937	1.23953	0.00132925
367	1.28242	1.23965	0.00133075
368	1.2597	1.23971	0.00132825
369	1.30439	1.23988	0.00133617
370	1.27919	1.23999	0.00133678
371	1.25342	1.24002	0.00133366
372	1.24475	1.24004	0.00133014
373	1.23829	1.24003	0.00132658
374	1.19574	1.23991	0.00132831
375	1.24186	1.23992	0.00132478
376	1.25467	1.23996	0.00132183
377	1.25405	1.23999	0.00131886
378	1.25068	1.24002	0.00131567
379	1.28347	1.24014	0.00131718
380	1.26693	1.24021	0.0013156
381	1.24685	1.24023	0.00131226
382	1.26519	1.24029	0.00131045
383	1.26008	1.24034	0.00130805
384	1.26471	1.24041	0.00130618
385	1.31555	1.2406	0.00131729
386	1.29116	1.24073	0.00132038
387	1.26565	1.2408	0.00131853
388	1.25999	1.24085	0.00131606
389	1.28398	1.24096	0.00131734
390	1.27443	1.24104	0.00131676
391	1.28767	1.24116	0.00131878
392	1.25564	1.2412	0.00131593
393	1.26645	1.24126	0.00131415
394	1.24924	1.24128	0.00131097
395	1.23906	1.24128	0.00130767
396	1.22611	1.24124	0.00130493
397	1.24243	1.24124	0.00130164
398	1.26536	1.2413	0.00129978
399	1.28673	1.24142	0.0013015
400	1.27607	1.2415	0.00130113
401	1.27823	1.24159	0.0013011
402	1.29665	1.24173	0.00130505
403	1.27613	1.24182	0.0013046
404	1.27598	1.2419	0.00130411
405	1.29486	1.24203	0.00130743
406	1.29696	1.24217	0.00131119
407	1.3102	1.24233	0.00131858
408	1.28711	1.24244	0.00131991
409	1.25478	1.24247	0.00131703
410	1.24861	1.24249	0.0013139
411	1.25805	1.24253	0.00131125
412	1.23459	1.24251	0.00130821
413	1.25772	1.24255	0.00130556
414	1.2465	1.24255	0.00130244
415	1.24711	1.24257	0.00129935
416	1.24715	1.24258	0.00129627
417	1.22704	1.24254	0.0012937
418	1.24342	1.24254	0.0012906
419	1.21947	1.24249	0.0012887
420	1.23226	1.24246	0.00128586
421	1.24828	1.24248	0.00128288
422	1.24646	1.24249	0.00127987
423	1.23991	1.24248	0.00127686
424	1.19555	1.24237	0.00127864
425	1.17546	1.24221	0.00128528
426	1.20864	1.24213	0.00128468
427	1.21131	1.24206	0.0012837
428	1.19281	1.24195	0.00128585
429	1.26558	1.242	0.00128403
430	1.26933	1.24206	0.00128262
431	1.22851	1.24203	0.00128002
432	1.21295	1.24197	0.00127883
433	1.22819	1.24193	0.00127627
434	1.23896	1.24193	0.00127335
435	1.23798	1.24192	0.00127046
436	1.24902	1.24193	0.00126765
437	1.24272	1.24194	0.00126475
438	1.25162	1.24196	0.00126205
439	1.25397	1.24198	0.00125947
440	1.2526	1.24201	0.00125684
441	1.25836	1.24205	0.00125454
442	1.24992	1.24206	0.00125183
443	1.25338	1.24209	0.00124926
444	1.24569	1.2421	0.00124648
445	1.22243	1.24205	0.00124446
446	1.24166	1.24205	0.00124167
447	1.23788	1.24204	0.00123892
448	1.24518	1.24205	0.00123618
449	1.2683	1.24211	0.00123481
450	1.26459	1.24216	0.00123307
451	1.27397	1.24223	0.00123236
452	1.25238	1.24225	0.00122983
453	1.253	1.24228	0.00122735
454	1.25247	1.2423	0.00122485
455	1.24156	1.2423	0.00122216
456	1.2276	1.24226	0.0012199
457	1.2242	1.24222	0.00121787
458	1.20445	1.24214	0.001218
459	1.2003	1.24205	0.00121876
460	1.21822	1.242	0.00121721
461	1.26398	1.24205	0.0012155
462	1.28691	1.24214	0.00121675
463	1.23287	1.24212	0.00121428
464	1.27889	1.2422	0.00121425
465	1.25783	1.24224	0.0012121
466	1.21778	1.24218	0.00121063
467	1.21425	1.24212	0.00120952
468	1.25412	1.24215	0.00120721
469	1.26099	1.24219	0.0012053
470	1.23849	1.24218	0.00120276
471	1.23938	1.24218	0.00120022
472	1.23024	1.24215	0.00119795
473	1.24707	1.24216	0.00119546
474	1.26807	1.24222	0.00119419
475	1.24834	1.24223	0.00119174
476	1.24355	1.24223	0.00118924
477	1.21812	1.24218	0.00118782
478	1.23914	1.24217	0.00118535
479	1.20772	1.2421	0.00118506
480	1.23944	1.2421	0.0011826
481	1.26011	1.24213	0.00118074
482	1.2234	1.2421	0.00117893
483	1.21253	1.24203	0.00117808
484	1.22649	1.242	0.00117608
485	1.24358	1.24201	0.00117366
486	1.23482	1.24199	0.00117134
487	1.21053	1.24193	0.00117071
488	1.22373	1.24189	0.00116891
489	1.23258	1.24187	0.00116667
490	1.29371	1.24198	0.00116908
491	1.28454	1.24206	0.00116991
492	1.27806	1.24214	0.00116982
493	1.26275	1.24218	0.00116819
494	1.22202	1.24214	0.00116654
495	1.20558	1.24206	0.00116652
496	1.21906	1.24202	0.00116509
497	1.22691	1.24199	0.00116314
498	1.21748	1.24194	0.00116184
499	1.18772	1.24183	0.00116458
500	1.20051	1.24175	0.00116518
501	1.20786	1.24168	0.00116482
502	1.23325	1.24166	0.00116262
503	1.26932	1.24172	0.00116161
504	1.25042	1.24173	0.00115943
505	1.26088	1.24177	0.00115775
506	1.27648	1.24184	0.0011575
507	1.27185	1.2419	0.00115673
508	1.26238	1.24194	0.00115515
509	1.26215	1.24198	0.00115357
510	1.26903	1.24203	0.00115252
511	1.24636	1.24204	0.0011503
512	1.23764	1.24203	0.00114808
513	1.23073	1.24201	0.00114606
514	1.24719	1.24202	0.00114387
515	1.26061	1.24206	0.00114222
516	1.24076	1.24205	0.00114001
517	1.22406	1.24202	0.00113834
518	1.19132	1.24192	0.00114034
519	1.22573	1.24189	0.00113857
520	1.26093	1.24193	0.00113697
521	1.25872	1.24196	0.00113524
522	1.26005	1.24199	0.00113359
523	1.27468	1.24206	0.00113315
524	1.23936	1.24205	0.001131
525	1.26055	1.24209	0.00112939
526	1.27577	1.24215	0.00112906
527	1.31031	1.24228	0.0011343
528	1.27723	1.24235	0.00113408
529	1.25824	1.24238	0.00113234
530	1.22648	1.24235	0.0011306
531	1.25367	1.24237	0.00112867
532	1.29439	1.24246	0.00113077
533	1.2671	1.24251	0.0011296
534	1.28099	1.24258	0.00112978
535	1.29647	1.24268	0.00113215
536	1.28765	1.24277	0.00113314
537	1.24444	1.24277	0.00113103
538	1.24272	1.24277	0.00112893
539	1.27707	1.24283	0.00112863
540	1.26846	1.24288	0.00112754
541	1.23533	1.24287	0.00112554
542	1.24891	1.24288	0.00112352
543	1.25243	1.2429	0.00112159
544	1.24092	1.24289	0.00111953
545	1.20202	1.24282	0.00111998
546	1.22223	1.24278	0.00111857
547	1.24858	1.24279	0.00111657
548	1.24068	1.24279	0.00111454
549	1.2095	1.24273	0.00111416
550	1.22293	1.24269	0.00111272
551	1.25117	1.24271	0.0011108
552	1.23263	1.24269	0.00110894
553	1.24602	1.24269	0.00110695
554	1.24615	1.2427	0.00110497
555	1.27155	1.24275	0.0011042
556	1.26961	1.2428	0.00110327
557	1.29176	1.24289	0.00110479
558	1.24348	1.24289	0.00110281
559	1.19263	1.2428	0.00110449
560	1.22141	1.24276	0.00110318
561	1.2068	1.2427	0.00110308
562	1.21939	1.24266	0.00110189
563	1.24046	1.24265	0.00109994
564	1.22502	1.24262	0.00109844
565	1.22947	1.2426	0.00109674
566	1.22032	1.24256	0.00109551
567	1.23796	1.24255	0.0010936
568	1.27474	1.24261	0.00109315
569	1.31104	1.24273	0.00109782
570	1.29748	1.24282	0.00110009
571	1.23743	1.24281	0.0010982
572	1.22553	1.24278	0.0010967
573	1.26469	1.24282	0.00109545
574	1.24622	1.24283	0.00109356
575	1.20418	1.24276	0.00109372
576	1.21913	1.24272	0.00109259
577	1.23557	1.24271	0.00109077
578	1.21523	1.24266	0.00108992
579	1.2305	1.24264	0.00108824
580	1.26913	1.24268	0.00108732
581	1.24967	1.2427	0.00108551
582	1.22037	1.24266	0.00108433
583	1.21995	1.24262	0.00108317
584	1.20142	1.24255	0.00108361
585	1.21227	1.2425	0.00108299
586	1.21705	1.24245	0.00108201
587	1.26657	1.24249	0.00108095
588	1.27461	1.24255	0.00108049
589	1.22898	1.24252	0.0010789
590	1.23353	1.24251	0.00107718
591	1.22863	1.24249	0.00107561
592	1.2187	1.24245	0.00107454
593	1.21709	1.2424	0.00107358
594	1.26069	1.24243	0.00107222
595	1.27546	1.24249	0.00107185
596	1.26715	1.24253	0.00107085
597	1.23736	1.24252	0.00106909
598	1.24773	1.24253	0.00106734
599	1.23222	1.24251	0.0010657
600	1.21658	1.24247	0.0010648
601	1.20221	1.2424	0.00106513
602	1.20355	1.24234	0.00106531
603	1.24117	1.24234	0.00106355
604	1.2667	1.24238	0.00106255
605	1.24349	1.24238	0.0010608
606	1.23637	1.24237	0.00105909
607	1.27228	1.24242	0.00105849
608	1.28251	1.24248	0.00105881
609	1.24157	1.24248	0.00105707
610	1.21624	1.24244	0.00105621
611	1.22721	1.24242	0.00105478
612	1.181	1.24231	0.00105782
613	1.19205	1.24223	0.00105926
614	1.22732	1.24221	0.00105782
615	1.22521	1.24218	0.00105646
616	1.2387	1.24218	0.00105476
617	1.21226	1.24213	0.00105416
618	1.23784	1.24212	0.00105248
619	1.25457	1.24214	0.00105097
620	1.26511	1.24218	0.00104993
621	1.24472	1.24218	0.00104825
622	1.21547	1.24214	0.00104744
623	1.22157	1.24211	0.00104628
624	1.22434	1.24208	0.00104499
625	1.22265	1.24205	0.00104378
626	1.23437	1.24203	0.00104218
627	1.25897	1.24206	0.00104087
628	1.26564	1.2421	0.00103989
629	1.23632	1.24209	0.00103828
630	1.24506	1.24209	0.00103664
631	1.24018	1.24209	0.001035
632	1.24663	1.2421	0.00103339
633	1.24169	1.2421	0.00103176
634	1.25582	1.24212	0.00103036
635	1.24932	1.24213	0.0010288
636	1.2573	1.24215	0.00102746
637	1.25923	1.24218	0.00102619
638	1.27647	1.24223	0.00102599
639	1.26939	1.24228	0.00102526
640	1.22677	1.24225	0.00102395
641	1.2327	1.24224	0.00102246
642	1.24628	1.24224	0.00102089
643	1.20654	1.24219	0.00102081
644	1.22676	1.24216	0.0010195
645	1.21722	1.24213	0.00101866
646	1.19689	1.24206	0.00101948
647	1.20537	1.242	0.00101948
648	1.20323	1.24194	0.00101966
649	1.206	1.24188	0.0010196
650	1.20195	1.24182	0.00101988
651	1.21389	1.24178	0.00101921
652	1.20314	1.24172	0.00101937
653	1.24444	1.24172	0.00101782
654	1.23722	1.24172	0.00101628
655	1.24703	1.24173	0.00101476
656	1.22254	1.2417	0.00101364
657	1.23553	1.24169	0.00101214
658	1.23283	1.24167	0.00101069
659	1.21812	1.24164	0.00100979
660	1.23276	1.24162	0.00100835
661	1.22124	1.24159	0.00100729
662	1.22466	1.24157	0.0010061
663	1.25673	1.24159	0.00100484
664	1.24722	1.2416	0.00100336
665	1.21821	1.24156	0.00100247
666	1.23201	1.24155	0.00100107
667	1.21421	1.24151	0.00100041
668	1.23094	1.24149	0.000999032
669	1.24925	1.2415	0.000997607
670	1.22022	1.24147	0.000996623
671	1.24419	1.24148	0.000995146
672	1.25859	1.2415	0.000993991
673	1.26999	1.24154	0.000993415
674	1.26731	1.24158	0.000992676
675	1.24066	1.24158	0.000991206
676	1.23153	1.24157	0.000989852
677	1.24643	1.24157	0.000988416
678	1.29172	1.24165	0.000989721
679	1.27553	1.2417	0.00098952
680	1.2253	1.24167	0.000988359
681	1.27317	1.24172	0.000987989
682	1.29289	1.24179	0.000989385
683	1.29053	1.24187	0.000990506
684	1.24919	1.24188	0.000989116
685	1.23318	1.24186	0.000987753
686	1.25392	1.24188	0.00098647
687	1.27089	1.24192	0.000985937
688	1.25645	1.24195	0.00098473
689	1.24107	1.24194	0.000983301
690	1.23361	1.24193	0.000981951
691	1.20582	1.24188	0.000981919
692	1.21166	1.24184	0.00098147
693	1.21153	1.24179	0.000981028
694	1.19035	1.24172	0.00098241
695	1.21094	1.24167	0.000981994
696	1.24285	1.24168	0.000980585
697	1.26053	1.2417	0.000979551
698	1.25693	1.24172	0.00097839
699	1.24771	1.24173	0.000977028
700	1.22295	1.24171	0.000976001
701	1.21516	1.24167	0.000975343
702	1.23609	1.24166	0.000973986
703	1.239	1.24166	0.000972608
704	1.19394	1.24159	0.000973585
705	1.17231	1.24149	0.000977151
706	1.20598	1.24144	0.00097706
707	1.24097	1.24144	0.000975679
708	1.22396	1.24141	0.000974613
709	1.24287	1.24142	0.000973241
710	1.25483	1.24144	0.000972053
711	1.231	1.24142	0.000970797
712	1.18975	1.24135	0.000972142
713	1.22534	1.24133	0.000971038
714	1.24305	1.24133	0.000969681
715	1.20229	1.24127	0.00096986
716	1.2379	1.24127	0.000968517
717	1.22733	1.24125	0.000967361
718	1.22114	1.24122	0.000966419
719	1.25527	1.24124	0.000965273
720	1.20566	1.24119	0.000965197
721	1.18548	1.24111	0.000966946
722	1.19257	1.24105	0.000967941
723	1.19385	1.24098	0.000968801
724	1.24129	1.24098	0.000967463
725	1.24423	1.24099	0.000966139
726	1.23768	1.24098	0.000964819
727	1.2145	1.24095	0.000964179
728	1.22472	1.24092	0.000963112
729	1.20655	1.24088	0.000962945
730	1.21164	1.24084	0.000962458
731	1.19912	1.24078	0.000962832
732	1.24071	1.24078	0.000961517
733	1.23588	1.24077	0.000960228
734	1.24507	1.24078	0.000958938
735	1.24029	1.24078	0.000957633
736	1.24105	1.24078	0.000956332
737	1.2415	1.24078	0.000955035
738	1.27194	1.24082	0.000954674
739	1.27907	1.24087	0.000954784
740	1.24671	1.24088	0.000953526
741	1.20599	1.24083	0.000953402
742	1.20369	1.24078	0.00095343
743	1.23632	1.24078	0.000952166
744	1.26001	1.2408	0.000951237
745	1.2788	1.24085	0.000951326
746	1.26069	1.24088	0.000950422
747	1.2453	1.24089	0.000949169
748	1.23893	1.24088	0.000947903
749	1.21942	1.24086	0.000947071
750	1.20589	1.24081	0.000946955
751	1.24795	1.24082	0.000945742
752	1.2458	1.24083	0.000944507
753	1.25753	1.24085	0.000943513
754	1.24808	1.24086	0.000942311
755	1.26946	1.24089	0.000941824
756	1.28263	1.24095	0.000942195
757	1.27838	1.241	0.000942246
758	1.30445	1.24108	0.000944714
759	1.2801	1.24113	0.000944867
760	1.30101	1.24121	0.000946903
761	1.31207	1.24131	0.000950226
762	1.28364	1.24136	0.000950602
763	1.2446	1.24137	0.000949365
764	1.22342	1.24134	0.000948413
765	1.23961	1.24134	0.000947176
766	1.26917	1.24138	0.000946636
767	1.26518	1.24141	0.00094591
768	1.25457	1.24143	0.000944834
769	1.28164	1.24148	0.000945051
770	1.26873	1.24151	0.000944487
771	1.2721	1.24155	0.000944094
772	1.27748	1.2416	0.000944018
773	1.26849	1.24163	0.000943437
774	1.26184	1.24166	0.00094258
775	1.26999	1.2417	0.000942072
776	1.2734	1.24174	0.000941743
777	1.29776	1.24181	0.000943287
778	1.27345	1.24185	0.000942951
779	1.26487	1.24188	0.000942204
780	1.26134	1.2419	0.000941326
781	1.27149	1.24194	0.000940883
782	1.28679	1.242	0.000941426
783	1.31572	1.24209	0.000944919
784	1.29476	1.24216	0.000946098
785	1.30493	1.24224	0.000948266
786	1.26981	1.24228	0.000947708
787	1.2487	1.24228	0.000946539
788	1.22293	1.24226	0.000945657
789	1.22929	1.24224	0.000944601
790	1.23024	1.24223	0.000943527
791	1.22642	1.24221	0.000942546
792	1.21549	1.24217	0.000941959
793	1.23597	1.24217	0.000940804
794	1.23709	1.24216	0.000939641
795	1.24429	1.24216	0.000938463
796	1.25137	1.24217	0.000937355
797	1.27438	1.24221	0.00093705
798	1.27269	1.24225	0.000936653
799	1.31676	1.24235	0.000940112
800	1.28147	1.2424	0.000940208
801	1.27761	1.24244	0.000940061
802	1.2716	1.24248	0.000939592
803	1.28001	1.24252	0.000939584
804	1.29614	1.24259	0.000940779
805	1.31891	1.24268	0.000944376
806	1.26273	1.24271	0.000943531
807	1.2419	1.24271	0.000942363
808	1.25606	1.24272	0.000941341
809	1.26373	1.24275	0.000940536
810	1.2416	1.24275	0.000939376
811	1.22149	1.24272	0.000938583
812	1.21821	1.24269	0.000937913
813	1.19392	1.24263	0.000938675
814	1.23027	1.24262	0.000937645
815	1.25343	1.24263	0.000936588
816	1.23863	1.24263	0.000935453
817	1.24478	1.24263	0.000934312
818	1.26015	1.24265	0.000933415
819	1.23612	1.24264	0.00093231
820	1.25653	1.24266	0.000931327
821	1.26711	1.24269	0.000930668
822	1.24796	1.24269	0.000929558
823	1.22034	1.24267	0.000928825
824	1.22361	1.24264	0.000927986
825	1.21823	1.24261	0.000927333
826	1.23502	1.24261	0.000926256
827	1.25761	1.24262	0.000925314
828	1.20505	1.24258	0.000925308
829	1.19585	1.24252	0.000925907
830	1.2146	1.24249	0.000925403
831	1.22653	1.24247	0.000924488
832	1.24065	1.24247	0.00092338
833	1.2807	1.24251	0.000923411
834	1.24597	1.24252	0.000922314
835	1.21328	1.24248	0.000921873
836	1.20048	1.24243	0.000922139
837	1.24773	1.24244	0.000921059
838	1.27178	1.24247	0.000920625
839	1.28063	1.24252	0.00092065
840	1.26537	1.24255	0.000919956
841	1.24705	1.24255	0.000918878
842	1.23354	1.24254	0.000917849
843	1.25439	1.24255	0.000916868
844	1.24873	1.24256	0.000915811
845	1.22175	1.24254	0.000915058
846	1.20475	1.24249	0.000915066
847	1.23818	1.24249	0.000914
848	1.22466	1.24247	0.000913164
849	1.22693	1.24245	0.000912271
850	1.20008	1.2424	0.000912559
851	1.21213	1.24236	0.000912179
852	1.21261	1.24233	0.000911777
853	1.21242	1.24229	0.000911382
854	1.203	1.24225	0.000911475
855	1.23964	1.24224	0.000910414
856	1.24922	1.24225	0.000909387
857	1.26536	1.24228	0.000908726
858	1.27261	1.24231	0.000908354
859	1.25093	1.24232	0.000907352
860	1.23106	1.24231	0.000906391
861	1.26311	1.24234	0.00090566
862	1.28338	1.24238	0.000905861
863	1.28787	1.24244	0.000906343
864	1.27805	1.24248	0.000906231
865	1.25511	1.24249	0.000905301
866	1.26018	1.24251	0.000904486
867	1.24029	1.24251	0.000903446
868	1.20956	1.24247	0.000903202
869	1.22787	1.24245	0.000902319
870	1.22854	1.24244	0.000901424
871	1.24139	1.24244	0.00090039
872	1.24673	1.24244	0.000899371
873	1.26397	1.24247	0.000898678
874	1.2488	1.24247	0.000897679
875	1.23854	1.24247	0.000896665
876	1.24807	1.24248	0.000895664
877	1.25049	1.24249	0.000894689
878	1.26423	1.24251	0.000894013
879	1.23083	1.2425	0.000893095
880	1.26908	1.24253	0.00089259
881	1.26442	1.24255	0.000891923
882	1.24071	1.24255	0.000890914
883	1.21359	1.24252	0.000890509
884	1.19806	1.24247	0.00089092
885	1.17436	1.24239	0.000893232
886	1.20153	1.24234	0.000893413
887	1.23265	1.24233	0.000892473
888	1.2392	1.24233	0.000891475
889	1.26521	1.24235	0.000890843
890	1.28196	1.2424	0.000890953
891	1.25279	1.24241	0.000890029
892	1.2483	1.24242	0.000889056
893	1.24268	1.24242	0.00088806
894	1.23645	1.24241	0.000887092
895	1.20961	1.24237	0.000886858
896	1.21585	1.24234	0.000886362
897	1.23314	1.24233	0.000885433
898	1.21477	1.2423	0.000884979
899	1.20979	1.24227	0.000884733
900	1.21537	1.24224	0.000884255
901	1.23064	1.24222	0.000883367
902	1.24459	1.24223	0.000882392
903	1.23119	1.24222	0.000881499
904	1.1954	1.24216	0.000882044
905	1.20539	1.24212	0.000882005
906	1.19446	1.24207	0.000882599
907	1.22468	1.24205	0.000881834
908	1.22979	1.24204	0.000880966
909	1.22462	1.24202	0.000880205
910	1.21019	1.24198	0.000879933
911	1.22618	1.24197	0.000879138
912	1.24917	1.24197	0.000878209
913	1.25835	1.24199	0.00087743
914	1.26642	1.24202	0.000876878
915	1.25585	1.24203	0.00087605
916	1.26818	1.24206	0.000875558
917	1.29066	1.24212	0.000876205
918	1.24732	1.24212	0.000875269
919	1.22352	1.2421	0.000874551
920	1.21836	1.24208	0.000873981
921	1.24582	1.24208	0.000873041
922	1.26058	1.2421	0.000872325
923	1.25739	1.24212	0.000871537
924	1.24038	1.24211	0.000870596
925	1.24009	1.24211	0.000869658
926	1.24023	1.24211	0.000868721
927	1.237	1.2421	0.000867801
928	1.24914	1.24211	0.000866899
929	1.26088	1.24213	0.000866201
930	1.2944	1.24219	0.000867091
931	1.26426	1.24221	0.000866484
932	1.27272	1.24224	0.000866172
933	1.2583	1.24226	0.000865415
934	1.30349	1.24233	0.000866968
935	1.24991	1.24234	0.000866078
936	1.26896	1.24236	0.00086562
937	1.26049	1.24238	0.000864913
938	1.24706	1.24239	0.000864005
939	1.22958	1.24237	0.000863192
940	1.22096	1.24235	0.000862575
941	1.2532	1.24236	0.000861735
942	1.30944	1.24243	0.000863757
943	1.28729	1.24248	0.00086415
944	1.28925	1.24253	0.000864653
945	1.29051	1.24258	0.000865228
946	1.30435	1.24265	0.000866773
947	1.30876	1.24272	0.000868665
948	1.29975	1.24278	0.000869829
949	1.29696	1.24283	0.000870785
950	1.26637	1.24286	0.000870221
951	1.25346	1.24287	0.000869377
952	1.27667	1.24291	0.000869188
953	1.25435	1.24292	0.000868359
954	1.2418	1.24292	0.00086745
955	1.2562	1.24293	0.000866653
956	1.23007	1.24292	0.000865851
957	1.24888	1.24292	0.000864968
958	1.26567	1.24295	0.000864391
959	1.22829	1.24293	0.000863625
960	1.23329	1.24292	0.000862784
961	1.22746	1.24291	0.000862036
962	1.22543	1.24289	0.000861331
963	1.23969	1.24288	0.000860443
964	1.26709	1.24291	0.000859917
965	1.25524	1.24292	0.000859121
966	1.28042	1.24296	0.000859108
967	1.27959	1.243	0.000859054
968	1.26272	1.24302	0.000858408
969	1.25929	1.24304	0.000857687
970	1.27209	1.24307	0.000857325
971	1.28346	1.24311	0.000857451
972	1.28239	1.24315	0.000857521
973	1.26682	1.24317	0.000856985
974	1.27878	1.24321	0.000856884
975	1.34202	1.24331	0.000861978
976	1.2948	1.24336	0.000862708
977	1.25488	1.24338	0.000861905
978	1.25391	1.24339	0.000861091
979	1.26191	1.2434	0.00086042
980	1.28324	1.24345	0.000860501
981	1.26174	1.24346	0.000859826
982	1.27778	1.2435	0.00085966
983	1.25067	1.24351	0.000858817
984	1.22488	1.24349	0.000858153
985	1.2332	1.24348	0.000857345
986	1.24969	1.24348	0.000856499
987	1.23871	1.24348	0.000855645
988	1.26261	1.2435	0.000854998
989	1.2402	1.24349	0.00085414
990	1.25359	1.2435	0.000853338
991	1.24499	1.24351	0.000852478
992	1.20932	1.24347	0.000852315
993	1.23098	1.24346	0.000851549
994	1.28128	1.2435	0.000851542
995	1.29478	1.24355	0.000852245
996	1.27258	1.24358	0.000851887
997	1.25016	1.24358	0.000851058
998	1.22591	1.24357	0.00085039
999	1.23915	1.24356	0.00084955
1000	1.22	1.24354	0.000849027
