BLOCK:	ACTUAL_KE:	KE_AVE:	ERROR:
1	1.16852	1.16852	0
2	1.1692	1.16886	0.000239892
3	1.16992	1.16921	0.000330595
4	1.18221	1.17246	0.00282468
5	1.15385	1.16874	0.00402294
6	1.15993	1.16727	0.00361031
7	1.17297	1.16808	0.00318508
8	1.16481	1.16768	0.00281316
9	1.16982	1.16791	0.00251066
10	1.16517	1.16764	0.00227451
11	1.16296	1.16721	0.00210718
12	1.16667	1.16717	0.00193207
13	1.17475	1.16775	0.00186934
14	1.15483	1.16683	0.00195054
15	1.16441	1.16667	0.00182714
16	1.15976	1.16624	0.00176323
17	1.17956	1.16702	0.0018255
18	1.1681	1.16708	0.00172507
19	1.16435	1.16694	0.00164023
20	1.16133	1.16666	0.00158198
21	1.17533	1.16707	0.00155966
22	1.17416	1.16739	0.00152173
23	1.15852	1.16701	0.00150362
24	1.16085	1.16675	0.00146269
25	1.17417	1.16705	0.00143399
26	1.15529	1.16659	0.0014484
27	1.15776	1.16627	0.00143126
28	1.16688	1.16629	0.00138032
29	1.17187	1.16648	0.00134606
30	1.16878	1.16656	0.00130337
31	1.17403	1.1668	0.00128342
32	1.17032	1.16691	0.00124802
33	1.17688	1.16721	0.00124622
34	1.15814	1.16694	0.00123778
35	1.15967	1.16674	0.00121974
36	1.17461	1.16695	0.00120532
37	1.16908	1.16701	0.00117412
38	1.17051	1.1671	0.00114682
39	1.16609	1.16708	0.00111771
40	1.16939	1.16714	0.00109126
41	1.15856	1.16693	0.00108451
42	1.17027	1.16701	0.00106161
43	1.17061	1.16709	0.00104023
44	1.14518	1.16659	0.00112953
45	1.17547	1.16679	0.00112151
46	1.17009	1.16686	0.00109942
47	1.15896	1.16669	0.0010888
48	1.18044	1.16698	0.00110312
49	1.15387	1.16671	0.00111256
50	1.175	1.16688	0.00110258
51	1.16285	1.1668	0.00108379
52	1.16818	1.16683	0.00106327
53	1.16894	1.16687	0.00104396
54	1.17295	1.16698	0.00103068
55	1.16197	1.16689	0.00101596
56	1.16384	1.16683	0.000999273
57	1.16067	1.16672	0.000987568
58	1.17921	1.16694	0.000993709
59	1.16605	1.16692	0.00097698
60	1.16553	1.1669	0.000960975
61	1.17138	1.16697	0.000948028
62	1.16681	1.16697	0.000932741
63	1.1724	1.16706	0.000921904
64	1.16259	1.16699	0.000910134
65	1.1672	1.16699	0.000896138
66	1.16771	1.167	0.000882626
67	1.17504	1.16712	0.000877565
68	1.16042	1.16702	0.000870177
69	1.16966	1.16706	0.000858401
70	1.1673	1.16707	0.000846145
71	1.17537	1.16718	0.000842279
72	1.16631	1.16717	0.000830666
73	1.16956	1.1672	0.000819934
74	1.15516	1.16704	0.00082486
75	1.17176	1.1671	0.000816261
76	1.16039	1.16702	0.00081028
77	1.16117	1.16694	0.000803309
78	1.16727	1.16694	0.000793021
79	1.16111	1.16687	0.000786414
80	1.1679	1.16688	0.000776689
81	1.1711	1.16693	0.000768839
82	1.17022	1.16697	0.000760506
83	1.16334	1.16693	0.000752603
84	1.16938	1.16696	0.00074421
85	1.16745	1.16697	0.000735477
86	1.17304	1.16704	0.000730311
87	1.16366	1.167	0.000722947
88	1.16643	1.16699	0.00071476
89	1.16762	1.167	0.000706765
90	1.1779	1.16712	0.000709221
91	1.1692	1.16714	0.000701794
92	1.16519	1.16712	0.000694486
93	1.17092	1.16716	0.000688217
94	1.15809	1.16707	0.000687624
95	1.17591	1.16716	0.000686653
96	1.16467	1.16713	0.000679989
97	1.1733	1.1672	0.000675946
98	1.15333	1.16705	0.000683706
99	1.1762	1.16715	0.000683015
100	1.16586	1.16713	0.000676306
101	1.17082	1.16717	0.000670592
102	1.17043	1.1672	0.000664777
103	1.17021	1.16723	0.000658965
104	1.16099	1.16717	0.000655356
105	1.16668	1.16717	0.000649131
106	1.16889	1.16718	0.000643211
107	1.16713	1.16718	0.0006372
108	1.16861	1.1672	0.000631437
109	1.16214	1.16715	0.000627348
110	1.17631	1.16723	0.000627146
111	1.16674	1.16723	0.000621512
112	1.16203	1.16718	0.000617694
113	1.17071	1.16721	0.000613015
114	1.15606	1.16712	0.000615389
115	1.17514	1.16719	0.000613977
116	1.15957	1.16712	0.00061218
117	1.17141	1.16716	0.000608046
118	1.16626	1.16715	0.000602941
119	1.17198	1.16719	0.000599242
120	1.16991	1.16721	0.000594677
121	1.17174	1.16725	0.00059094
122	1.17194	1.16729	0.000587344
123	1.16689	1.16728	0.000582578
124	1.1606	1.16723	0.000580366
125	1.17209	1.16727	0.000577024
126	1.15346	1.16716	0.000582753
127	1.16763	1.16716	0.000578176
128	1.16684	1.16716	0.000573665
129	1.16161	1.16712	0.000570831
130	1.15982	1.16706	0.000569195
131	1.1697	1.16708	0.000565206
132	1.16464	1.16706	0.000561226
133	1.1639	1.16704	0.00055751
134	1.17642	1.16711	0.000557724
135	1.16523	1.1671	0.000553766
136	1.1651	1.16708	0.000549889
137	1.17099	1.16711	0.000546616
138	1.17295	1.16715	0.000544291
139	1.16682	1.16715	0.000540381
140	1.16283	1.16712	0.000537401
141	1.16497	1.1671	0.000533807
142	1.16236	1.16707	0.000531094
143	1.17225	1.16711	0.000528612
144	1.15779	1.16704	0.000528889
145	1.17035	1.16706	0.000525735
146	1.161	1.16702	0.000523771
147	1.17272	1.16706	0.000521638
148	1.1669	1.16706	0.000518114
149	1.16318	1.16703	0.00051529
150	1.16968	1.16705	0.000512157
151	1.16149	1.16702	0.000510087
152	1.15916	1.16696	0.000509341
153	1.17064	1.16699	0.000506577
154	1.16352	1.16697	0.000503787
155	1.17024	1.16699	0.000500979
156	1.17509	1.16704	0.000500451
157	1.17058	1.16706	0.00049777
158	1.15806	1.167	0.000497869
159	1.16928	1.16702	0.000494943
160	1.15816	1.16696	0.000494938
161	1.17219	1.167	0.000492927
162	1.16431	1.16698	0.000490163
163	1.17042	1.167	0.000487611
164	1.16971	1.16702	0.000484918
165	1.17545	1.16707	0.000484663
166	1.16603	1.16706	0.000481784
167	1.15704	1.167	0.000482621
168	1.16803	1.16701	0.000479787
169	1.16694	1.16701	0.000476948
170	1.16862	1.16702	0.000474237
171	1.17114	1.16704	0.000472076
172	1.17043	1.16706	0.000469742
173	1.15644	1.167	0.000471021
174	1.1709	1.16702	0.000468847
175	1.15603	1.16696	0.000470358
176	1.16065	1.16692	0.000469049
177	1.17193	1.16695	0.000467251
178	1.17209	1.16698	0.000465516
179	1.16859	1.16699	0.000463003
180	1.14973	1.16689	0.000470259
181	1.17847	1.16696	0.000471989
182	1.16757	1.16696	0.000469408
183	1.1665	1.16696	0.000466849
184	1.16311	1.16694	0.000464779
185	1.16614	1.16693	0.000462286
186	1.1656	1.16692	0.000459857
187	1.15821	1.16688	0.000459755
188	1.17982	1.16695	0.000462436
189	1.16491	1.16694	0.000460115
190	1.16352	1.16692	0.000458045
191	1.16952	1.16693	0.000455849
192	1.1572	1.16688	0.000456283
193	1.18152	1.16696	0.000460178
194	1.17154	1.16698	0.000458411
195	1.15467	1.16692	0.00046039
196	1.17201	1.16694	0.000458772
197	1.16178	1.16692	0.000457191
198	1.18207	1.16699	0.000461246
199	1.16113	1.16696	0.000459868
200	1.17546	1.16701	0.000459525
201	1.17348	1.16704	0.000458367
202	1.15136	1.16696	0.000462621
203	1.17019	1.16698	0.000460615
204	1.18202	1.16705	0.000464223
205	1.16682	1.16705	0.00046196
206	1.15932	1.16701	0.00046124
207	1.16695	1.16701	0.000459012
208	1.17411	1.16705	0.000458071
209	1.15763	1.167	0.000458089
210	1.17434	1.16704	0.000457238
211	1.17048	1.16705	0.000455362
212	1.1515	1.16698	0.000459087
213	1.17414	1.16701	0.000458161
214	1.15598	1.16696	0.000458912
215	1.16746	1.16696	0.000456784
216	1.16822	1.16697	0.000454706
217	1.16693	1.16697	0.000452611
218	1.17885	1.16702	0.000453803
219	1.16577	1.16702	0.000451767
220	1.1677	1.16702	0.000449724
221	1.16986	1.16703	0.000447873
222	1.1667	1.16703	0.000445858
223	1.17499	1.16707	0.000445284
224	1.16751	1.16707	0.0004433
225	1.16157	1.16705	0.000442003
226	1.17519	1.16708	0.000441514
227	1.16874	1.16709	0.00043963
228	1.17678	1.16713	0.000439751
229	1.16871	1.16714	0.000437884
230	1.16299	1.16712	0.000436352
231	1.17668	1.16716	0.00043642
232	1.16739	1.16716	0.00043454
233	1.16406	1.16715	0.00043288
234	1.16755	1.16715	0.000431033
235	1.16246	1.16713	0.000429662
236	1.16172	1.16711	0.000428452
237	1.18557	1.16719	0.000433669
238	1.16384	1.16717	0.000432075
239	1.15904	1.16714	0.000431604
240	1.15777	1.1671	0.000431568
241	1.17201	1.16712	0.000430258
242	1.17214	1.16714	0.00042898
243	1.17479	1.16717	0.000428368
244	1.16229	1.16715	0.000427079
245	1.1635	1.16714	0.000425596
246	1.1726	1.16716	0.000424444
247	1.16688	1.16716	0.000422728
248	1.1638	1.16714	0.000421239
249	1.15002	1.16708	0.000425123
250	1.17287	1.1671	0.000424053
251	1.1608	1.16707	0.000423105
252	1.16238	1.16705	0.000421836
253	1.16621	1.16705	0.000420182
254	1.17463	1.16708	0.000419585
255	1.16439	1.16707	0.000418072
256	1.16816	1.16708	0.000416461
257	1.16905	1.16708	0.000414911
258	1.16767	1.16709	0.000413309
259	1.17861	1.16713	0.000414101
260	1.16461	1.16712	0.000412622
261	1.17022	1.16713	0.000411212
262	1.1524	1.16708	0.000413469
263	1.16765	1.16708	0.000411903
264	1.16255	1.16706	0.0004107
265	1.17024	1.16707	0.000409325
266	1.16398	1.16706	0.000407951
267	1.16875	1.16707	0.000406473
268	1.16624	1.16706	0.000404968
269	1.17694	1.1671	0.000405122
270	1.17392	1.16713	0.000404407
271	1.16596	1.16712	0.000402938
272	1.16233	1.1671	0.000401842
273	1.15874	1.16707	0.000401537
274	1.16147	1.16705	0.000400592
275	1.18032	1.1671	0.000402028
276	1.16631	1.1671	0.000400582
277	1.16278	1.16708	0.000399439
278	1.15685	1.16705	0.000399694
279	1.17138	1.16706	0.000398562
280	1.17379	1.16709	0.000397862
281	1.15782	1.16705	0.00039781
282	1.16839	1.16706	0.000396427
283	1.1743	1.16708	0.000395853
284	1.16773	1.16709	0.000394465
285	1.16938	1.16709	0.000393163
286	1.15377	1.16705	0.000394539
287	1.16299	1.16703	0.000393418
288	1.17211	1.16705	0.000392446
289	1.17033	1.16706	0.000391252
290	1.16849	1.16707	0.000389934
291	1.18329	1.16712	0.000392558
292	1.15615	1.16708	0.000393009
293	1.17157	1.1671	0.000391965
294	1.16659	1.1671	0.000390636
295	1.16233	1.16708	0.000389646
296	1.1678	1.16708	0.000388337
297	1.17429	1.16711	0.000387786
298	1.16623	1.16711	0.000386496
299	1.16988	1.16711	0.000385315
300	1.1683	1.16712	0.000384051
301	1.16198	1.1671	0.000383155
302	1.16492	1.16709	0.000381954
303	1.16036	1.16707	0.00038134
304	1.17022	1.16708	0.000380225
305	1.17497	1.16711	0.000379857
306	1.16001	1.16709	0.000379324
307	1.17146	1.1671	0.000378356
308	1.15783	1.16707	0.000378321
309	1.15947	1.16704	0.000377896
310	1.16358	1.16703	0.000376842
311	1.16104	1.16701	0.000376123
312	1.17091	1.16703	0.000375125
313	1.16889	1.16703	0.000373973
314	1.17168	1.16705	0.000373075
315	1.16502	1.16704	0.000371946
316	1.16629	1.16704	0.000370776
317	1.16421	1.16703	0.000369714
318	1.17142	1.16704	0.00036881
319	1.1522	1.167	0.000370577
320	1.1863	1.16706	0.000374294
321	1.16484	1.16705	0.000373191
322	1.1787	1.16709	0.000373781
323	1.16479	1.16708	0.000372691
324	1.16541	1.16707	0.000371576
325	1.1775	1.16711	0.000371814
326	1.16571	1.1671	0.000370698
327	1.16059	1.16708	0.000370098
328	1.17396	1.1671	0.000369563
329	1.15975	1.16708	0.000369116
330	1.17152	1.16709	0.000368243
331	1.16864	1.1671	0.00036716
332	1.16206	1.16708	0.000366367
333	1.16652	1.16708	0.000365271
334	1.16633	1.16708	0.000364184
335	1.16606	1.16708	0.00036311
336	1.15995	1.16706	0.000362648
337	1.17113	1.16707	0.000361774
338	1.16408	1.16706	0.000360811
339	1.15893	1.16704	0.000360542
340	1.17596	1.16706	0.000360437
341	1.15159	1.16702	0.000362224
342	1.17588	1.16704	0.000362091
343	1.16756	1.16704	0.000361038
344	1.16726	1.16704	0.000359989
345	1.16449	1.16704	0.000359022
346	1.16663	1.16704	0.000357987
347	1.17687	1.16706	0.000358075
348	1.15876	1.16704	0.00035784
349	1.16856	1.16704	0.000356841
350	1.17213	1.16706	0.000356117
351	1.16472	1.16705	0.000355165
352	1.16458	1.16705	0.000354225
353	1.16721	1.16705	0.000353222
354	1.17139	1.16706	0.000352438
355	1.16086	1.16704	0.000351878
356	1.17023	1.16705	0.000351003
357	1.17535	1.16707	0.000350789
358	1.15276	1.16703	0.000352079
359	1.17002	1.16704	0.000351197
360	1.16864	1.16705	0.000350249
361	1.16215	1.16703	0.000349541
362	1.15905	1.16701	0.00034927
363	1.17964	1.16704	0.000350036
364	1.16783	1.16705	0.000349081
365	1.17087	1.16706	0.000348282
366	1.15184	1.16702	0.000349804
367	1.17748	1.16704	0.000350011
368	1.16134	1.16703	0.000349403
369	1.17934	1.16706	0.000350046
370	1.15856	1.16704	0.000349853
371	1.1657	1.16704	0.000348929
372	1.17759	1.16706	0.000349142
373	1.16682	1.16706	0.000348206
374	1.16027	1.16705	0.000347748
375	1.16885	1.16705	0.000346854
376	1.17071	1.16706	0.000346068
377	1.16241	1.16705	0.000345369
378	1.16026	1.16703	0.000344921
379	1.17645	1.16705	0.000344906
380	1.17501	1.16708	0.000344634
381	1.16675	1.16707	0.00034373
382	1.16835	1.16708	0.000342847
383	1.16464	1.16707	0.000342011
384	1.17756	1.1671	0.000342209
385	1.16365	1.16709	0.000341438
386	1.14445	1.16703	0.000345554
387	1.17874	1.16706	0.000345983
388	1.16345	1.16705	0.000345217
389	1.17539	1.16707	0.000344994
390	1.16058	1.16706	0.00034451
391	1.17193	1.16707	0.000343855
392	1.17649	1.16709	0.000343817
393	1.16994	1.1671	0.000343018
394	1.16903	1.16711	0.000342183
395	1.1685	1.16711	0.000341335
396	1.16782	1.16711	0.000340478
397	1.16885	1.16712	0.000339648
398	1.16313	1.16711	0.000338943
399	1.17516	1.16713	0.000338694
400	1.17032	1.16713	0.000337942
401	1.15915	1.16711	0.000337685
402	1.17097	1.16712	0.000336981
403	1.16567	1.16712	0.000336165
404	1.16363	1.16711	0.000335444
405	1.16553	1.16711	0.000334638
406	1.17502	1.16713	0.000334381
407	1.16998	1.16713	0.000333633
408	1.16263	1.16712	0.000332998
409	1.17029	1.16713	0.000332273
410	1.16916	1.16713	0.0003315
411	1.17518	1.16715	0.00033127
412	1.17471	1.16717	0.000330973
413	1.16427	1.16717	0.000330246
414	1.16401	1.16716	0.000329536
415	1.16982	1.16716	0.000328805
416	1.16803	1.16717	0.000328021
417	1.1567	1.16714	0.000328193
418	1.16255	1.16713	0.000327592
419	1.15934	1.16711	0.000327337
420	1.1711	1.16712	0.000326696
421	1.15718	1.1671	0.000326772
422	1.16953	1.1671	0.000326048
423	1.16284	1.16709	0.000325433
424	1.17411	1.16711	0.000325086
425	1.1577	1.16709	0.000325073
426	1.17677	1.16711	0.000325104
427	1.17309	1.16712	0.000324644
428	1.14912	1.16708	0.000326599
429	1.17	1.16709	0.000325908
430	1.16712	1.16709	0.000325151
431	1.16407	1.16708	0.000324472
432	1.16676	1.16708	0.000323722
433	1.17516	1.1671	0.000323512
434	1.14656	1.16705	0.00032621
435	1.17282	1.16707	0.00032573
436	1.17366	1.16708	0.000325333
437	1.15642	1.16706	0.000325502
438	1.17173	1.16707	0.000324934
439	1.15813	1.16705	0.000324831
440	1.17947	1.16708	0.000325318
441	1.16314	1.16707	0.000324703
442	1.17805	1.16709	0.000324918
443	1.16026	1.16708	0.00032455
444	1.16769	1.16708	0.000323822
445	1.17089	1.16709	0.000323208
446	1.16466	1.16708	0.000322529
447	1.17162	1.16709	0.000321967
448	1.1691	1.1671	0.00032128
449	1.15405	1.16707	0.000321875
450	1.16947	1.16707	0.000321204
451	1.16452	1.16707	0.000320542
452	1.1553	1.16704	0.000320887
453	1.17827	1.16706	0.000321136
454	1.16852	1.16707	0.000320445
455	1.16968	1.16707	0.000319792
456	1.16957	1.16708	0.000319137
457	1.17057	1.16709	0.000318531
458	1.17638	1.16711	0.00031848
459	1.15087	1.16707	0.000319745
460	1.17478	1.16709	0.000319489
461	1.15296	1.16706	0.000320263
462	1.17588	1.16708	0.000320139
463	1.15875	1.16706	0.000319952
464	1.16676	1.16706	0.000319263
465	1.16987	1.16706	0.000318634
466	1.17419	1.16708	0.000318317
467	1.16578	1.16708	0.000317648
468	1.17114	1.16709	0.000317088
469	1.15897	1.16707	0.000316884
470	1.16013	1.16705	0.000316553
471	1.17268	1.16707	0.000316106
472	1.1671	1.16707	0.000315437
473	1.16465	1.16706	0.000314811
474	1.1813	1.16709	0.000315577
475	1.15831	1.16707	0.000315453
476	1.15944	1.16706	0.000315197
477	1.16966	1.16706	0.000314584
478	1.17115	1.16707	0.000314042
479	1.16527	1.16707	0.000313409
480	1.14493	1.16702	0.00031613
481	1.17561	1.16704	0.000315977
482	1.17813	1.16706	0.000316158
483	1.15344	1.16703	0.000316758
484	1.17475	1.16705	0.000316505
485	1.1551	1.16702	0.00031681
486	1.17952	1.16705	0.000317199
487	1.1688	1.16705	0.000316568
488	1.17154	1.16706	0.000316053
489	1.16944	1.16707	0.000315444
490	1.16147	1.16706	0.000315007
491	1.18581	1.16709	0.000316673
492	1.15169	1.16706	0.000317573
493	1.17683	1.16708	0.000317547
494	1.17207	1.16709	0.000317064
495	1.16808	1.16709	0.00031643
496	1.17252	1.16711	0.000315981
497	1.15631	1.16708	0.000316091
498	1.15863	1.16707	0.000315912
499	1.17573	1.16708	0.000315756
500	1.16726	1.16708	0.000315125
501	1.16674	1.16708	0.000314497
502	1.1667	1.16708	0.000313871
503	1.15838	1.16707	0.000313724
504	1.16931	1.16707	0.000313133
505	1.17424	1.16708	0.000312834
506	1.16458	1.16708	0.000312255
507	1.16343	1.16707	0.000311723
508	1.16965	1.16708	0.00031115
509	1.16053	1.16706	0.000310804
510	1.15871	1.16705	0.000310626
511	1.16482	1.16704	0.000310049
512	1.17785	1.16706	0.000310161
513	1.17067	1.16707	0.000309636
514	1.16638	1.16707	0.000309037
515	1.16425	1.16707	0.000308485
516	1.16285	1.16706	0.000307995
517	1.17286	1.16707	0.000307604
518	1.16853	1.16707	0.000307023
519	1.16847	1.16707	0.000306443
520	1.17647	1.16709	0.000306386
521	1.16971	1.1671	0.000305839
522	1.16051	1.16708	0.000305513
523	1.1699	1.16709	0.000304977
524	1.17368	1.1671	0.000304654
525	1.15786	1.16708	0.000304581
526	1.17225	1.16709	0.00030416
527	1.16537	1.16709	0.000303601
528	1.16318	1.16708	0.000303116
529	1.16771	1.16708	0.000302545
530	1.17344	1.1671	0.000302212
531	1.15938	1.16708	0.000301992
532	1.1548	1.16706	0.000302305
533	1.17517	1.16707	0.000302121
534	1.17113	1.16708	0.00030165
535	1.16478	1.16708	0.000301117
536	1.16528	1.16707	0.000300574
537	1.16957	1.16708	0.00030005
538	1.17005	1.16708	0.000299544
539	1.16687	1.16708	0.000298988
540	1.16508	1.16708	0.000298458
541	1.15936	1.16707	0.000298247
542	1.16492	1.16706	0.000297723
543	1.17836	1.16708	0.000297901
544	1.1532	1.16706	0.000298444
545	1.16788	1.16706	0.0002979
546	1.16258	1.16705	0.000297467
547	1.1712	1.16706	0.00029702
548	1.17154	1.16707	0.00029659
549	1.16502	1.16706	0.000296074
550	1.16879	1.16707	0.000295552
551	1.16917	1.16707	0.00029504
552	1.16632	1.16707	0.000294509
553	1.15028	1.16704	0.000295538
554	1.179	1.16706	0.000295792
555	1.1625	1.16705	0.000295374
556	1.17658	1.16707	0.000295339
557	1.15618	1.16705	0.000295454
558	1.16523	1.16705	0.000294943
559	1.18373	1.16708	0.000295921
560	1.15611	1.16706	0.000296039
561	1.17165	1.16706	0.000295625
562	1.15041	1.16703	0.00029658
563	1.16779	1.16704	0.000296056
564	1.17564	1.16705	0.000295924
565	1.16016	1.16704	0.000295652
566	1.15859	1.16702	0.000295506
567	1.17962	1.16705	0.000295818
568	1.16938	1.16705	0.000295326
569	1.1621	1.16704	0.000294935
570	1.16162	1.16703	0.000294571
571	1.1809	1.16706	0.000295055
572	1.16119	1.16705	0.000294717
573	1.17293	1.16706	0.000294382
574	1.16093	1.16705	0.000294062
575	1.16424	1.16704	0.000293591
576	1.17349	1.16705	0.000293295
577	1.17388	1.16706	0.000293026
578	1.16659	1.16706	0.00029252
579	1.16959	1.16707	0.000292048
580	1.16413	1.16706	0.000291588
581	1.17006	1.16707	0.000291132
582	1.15242	1.16704	0.000291718
583	1.17661	1.16706	0.000291679
584	1.17258	1.16707	0.000291332
585	1.15207	1.16704	0.00029196
586	1.17446	1.16706	0.000291737
587	1.1718	1.16706	0.000291352
588	1.1606	1.16705	0.000291064
589	1.17561	1.16707	0.000290932
590	1.1669	1.16707	0.000290439
591	1.16844	1.16707	0.000289957
592	1.16279	1.16706	0.000289557
593	1.17145	1.16707	0.000289163
594	1.1643	1.16706	0.000288714
595	1.15886	1.16705	0.000288557
596	1.1696	1.16705	0.000288105
597	1.16733	1.16706	0.000287623
598	1.17563	1.16707	0.000287499
599	1.16905	1.16707	0.000287038
600	1.16793	1.16707	0.000286563
601	1.168	1.16708	0.00028609
602	1.17076	1.16708	0.000285681
603	1.17567	1.1671	0.000285562
604	1.15516	1.16708	0.000285772
605	1.1815	1.1671	0.000286292
606	1.15813	1.16709	0.000286202
607	1.1842	1.16711	0.000287116
608	1.15122	1.16709	0.000287832
609	1.16373	1.16708	0.000287412
610	1.16857	1.16708	0.000286951
611	1.16153	1.16708	0.000286626
612	1.18309	1.1671	0.00028735
613	1.14309	1.16706	0.000289539
614	1.16458	1.16706	0.000289096
615	1.17996	1.16708	0.000289386
616	1.16007	1.16707	0.00028914
617	1.17319	1.16708	0.000288841
618	1.16286	1.16707	0.000288455
619	1.17893	1.16709	0.000288624
620	1.16129	1.16708	0.00028831
621	1.16177	1.16707	0.000287972
622	1.16337	1.16707	0.000287571
623	1.16716	1.16707	0.000287109
624	1.15258	1.16704	0.000287586
625	1.17823	1.16706	0.000287682
626	1.16369	1.16706	0.000287273
627	1.17094	1.16706	0.000286882
628	1.15945	1.16705	0.000286681
629	1.17359	1.16706	0.000286413
630	1.17006	1.16707	0.000285998
631	1.16271	1.16706	0.000285628
632	1.16739	1.16706	0.000285177
633	1.16721	1.16706	0.000284726
634	1.17471	1.16707	0.000284533
635	1.15964	1.16706	0.000284325
636	1.17422	1.16707	0.000284101
637	1.15091	1.16705	0.000284785
638	1.1641	1.16704	0.000284376
639	1.16195	1.16703	0.000284042
640	1.17763	1.16705	0.00028408
641	1.1656	1.16705	0.000283646
642	1.16675	1.16705	0.000283205
643	1.16254	1.16704	0.000282851
644	1.17304	1.16705	0.000282565
645	1.16371	1.16704	0.000282175
646	1.167	1.16704	0.000281738
647	1.16372	1.16704	0.000281349
648	1.18186	1.16706	0.000281843
649	1.15584	1.16704	0.000281939
650	1.1709	1.16705	0.000281568
651	1.16697	1.16705	0.000281135
652	1.15189	1.16703	0.000281663
653	1.17862	1.16704	0.000281791
654	1.1678	1.16705	0.000281363
655	1.17734	1.16706	0.000281372
656	1.16321	1.16706	0.000281004
657	1.17916	1.16707	0.00028118
658	1.17163	1.16708	0.000280838
659	1.16184	1.16707	0.000280525
660	1.17521	1.16709	0.000280371
661	1.16383	1.16708	0.00027999
662	1.17934	1.1671	0.000280179
663	1.16319	1.16709	0.000279818
664	1.16662	1.16709	0.000279397
665	1.16314	1.16709	0.000279041
666	1.16167	1.16708	0.00027874
667	1.17079	1.16708	0.000278378
668	1.16944	1.16709	0.000277983
669	1.16741	1.16709	0.000277568
670	1.16665	1.16709	0.000277155
671	1.16379	1.16708	0.000276785
672	1.16875	1.16708	0.000276385
673	1.15776	1.16707	0.000276321
674	1.17846	1.16709	0.000276427
675	1.16633	1.16709	0.00027602
676	1.16657	1.16709	0.000275613
677	1.1712	1.16709	0.000275273
678	1.17714	1.16711	0.000275265
679	1.1513	1.16708	0.000275843
680	1.17351	1.16709	0.000275599
681	1.17077	1.1671	0.000275248
682	1.15602	1.16708	0.000275323
683	1.17331	1.16709	0.000275071
684	1.16628	1.16709	0.000274672
685	1.16512	1.16709	0.000274286
686	1.16075	1.16708	0.000274041
687	1.17732	1.16709	0.000274048
688	1.15916	1.16708	0.000273892
689	1.17111	1.16709	0.000273557
690	1.17203	1.16709	0.000273254
691	1.17053	1.1671	0.000272904
692	1.16872	1.1671	0.000272519
693	1.17196	1.16711	0.000272217
694	1.16902	1.16711	0.000271838
695	1.16594	1.16711	0.000271452
696	1.17278	1.16712	0.000271184
697	1.1663	1.16712	0.000270798
698	1.16728	1.16712	0.00027041
699	1.1776	1.16713	0.000270439
700	1.16939	1.16713	0.000270072
701	1.15836	1.16712	0.000269976
702	1.17265	1.16713	0.000269707
703	1.16112	1.16712	0.000269459
704	1.16093	1.16711	0.000269219
705	1.18103	1.16713	0.00026956
706	1.1634	1.16713	0.00026923
707	1.16782	1.16713	0.000268851
708	1.17342	1.16714	0.000268618
709	1.17321	1.16715	0.000268376
710	1.16617	1.16714	0.000268002
711	1.16439	1.16714	0.000267653
712	1.16289	1.16713	0.000267343
713	1.15597	1.16712	0.000267426
714	1.17554	1.16713	0.000267312
715	1.16843	1.16713	0.000266944
716	1.16083	1.16712	0.000266717
717	1.16907	1.16713	0.000266358
718	1.16204	1.16712	0.000266082
719	1.16672	1.16712	0.000265712
720	1.16028	1.16711	0.000265513
721	1.16641	1.16711	0.000265146
722	1.1706	1.16711	0.000264823
723	1.15783	1.1671	0.000264768
724	1.17192	1.16711	0.000264486
725	1.16293	1.1671	0.000264184
726	1.16618	1.1671	0.000263823
727	1.1627	1.16709	0.000263529
728	1.1761	1.16711	0.000263458
729	1.16347	1.1671	0.000263143
730	1.16997	1.16711	0.000262812
731	1.17327	1.16711	0.000262588
732	1.16462	1.16711	0.000262251
733	1.18043	1.16713	0.000262522
734	1.16544	1.16713	0.000262175
735	1.17229	1.16713	0.000261912
736	1.16492	1.16713	0.000261574
737	1.15995	1.16712	0.0002614
738	1.17691	1.16713	0.000261382
739	1.16169	1.16713	0.000261132
740	1.15586	1.16711	0.000261222
741	1.17062	1.16712	0.000260913
742	1.15572	1.1671	0.000261013
743	1.16824	1.1671	0.000260666
744	1.17121	1.16711	0.000260374
745	1.16396	1.1671	0.000260059
746	1.16362	1.1671	0.000259752
747	1.16645	1.1671	0.000259406
748	1.16415	1.16709	0.000259089
749	1.17559	1.16711	0.000258991
750	1.15881	1.16709	0.000258882
751	1.17056	1.1671	0.000258578
752	1.15505	1.16708	0.00025873
753	1.16753	1.16708	0.000258387
754	1.17116	1.16709	0.000258101
755	1.15754	1.16708	0.000258069
756	1.1649	1.16707	0.000257743
757	1.17748	1.16709	0.000257769
758	1.15836	1.16708	0.000257686
759	1.16649	1.16707	0.000257347
760	1.16668	1.16707	0.000257009
761	1.17029	1.16708	0.000256706
762	1.16569	1.16708	0.000256376
763	1.15729	1.16706	0.00025636
764	1.17762	1.16708	0.000256397
765	1.16863	1.16708	0.00025607
766	1.15406	1.16706	0.000256299
767	1.17958	1.16708	0.000256484
768	1.15421	1.16706	0.000256697
769	1.18218	1.16708	0.000257115
770	1.15624	1.16707	0.000257166
771	1.16529	1.16707	0.000256843
772	1.16428	1.16706	0.000256536
773	1.16792	1.16706	0.000256206
774	1.16778	1.16706	0.000255877
775	1.17226	1.16707	0.000255635
776	1.16255	1.16706	0.000255372
777	1.16065	1.16706	0.000255177
778	1.17565	1.16707	0.000255088
779	1.16556	1.16707	0.000254768
780	1.17273	1.16707	0.000254544
781	1.16623	1.16707	0.000254221
782	1.17144	1.16708	0.000253957
783	1.1685	1.16708	0.000253639
784	1.16464	1.16708	0.000253335
785	1.17407	1.16708	0.000253169
786	1.16262	1.16708	0.00025291
787	1.17802	1.16709	0.000252971
788	1.16254	1.16709	0.000252716
789	1.16723	1.16709	0.000252396
790	1.15411	1.16707	0.000252611
791	1.16685	1.16707	0.000252291
792	1.17362	1.16708	0.000252108
793	1.16518	1.16708	0.000251802
794	1.16619	1.16708	0.000251487
795	1.17833	1.16709	0.000251569
796	1.16603	1.16709	0.000251256
797	1.17902	1.1671	0.000251387
798	1.15862	1.16709	0.000251297
799	1.16443	1.16709	0.000251004
800	1.17262	1.1671	0.000250786
801	1.16762	1.1671	0.000250473
802	1.16839	1.1671	0.000250166
803	1.16693	1.1671	0.000249855
804	1.16516	1.1671	0.000249556
805	1.16352	1.16709	0.000249285
806	1.17154	1.1671	0.000249037
807	1.16533	1.16709	0.000248738
808	1.1663	1.16709	0.000248432
809	1.16766	1.16709	0.000248126
810	1.16073	1.16709	0.000247944
811	1.18044	1.1671	0.000248184
812	1.16016	1.16709	0.000248026
813	1.17715	1.16711	0.000248029
814	1.16344	1.1671	0.000247765
815	1.17234	1.16711	0.000247545
816	1.15968	1.1671	0.000247409
817	1.16926	1.1671	0.00024712
818	1.16702	1.1671	0.000246818
819	1.16655	1.1671	0.000246517
820	1.1692	1.1671	0.00024623
821	1.17323	1.16711	0.000246043
822	1.1748	1.16712	0.000245921
823	1.16555	1.16712	0.00024563
824	1.16909	1.16712	0.000245343
825	1.1693	1.16712	0.00024506
826	1.16153	1.16712	0.000244857
827	1.16542	1.16712	0.00024457
828	1.16749	1.16712	0.000244275
829	1.17395	1.16712	0.000244119
830	1.16034	1.16712	0.000243962
831	1.16107	1.16711	0.000243777
832	1.17378	1.16712	0.000243615
833	1.17205	1.16712	0.000243395
834	1.16772	1.16712	0.000243104
835	1.16235	1.16712	0.00024288
836	1.17281	1.16712	0.000242685
837	1.16353	1.16712	0.000242433
838	1.16461	1.16712	0.000242162
839	1.17812	1.16713	0.000242228
840	1.1685	1.16713	0.000241946
841	1.16921	1.16713	0.00024167
842	1.16892	1.16714	0.000241393
843	1.17572	1.16715	0.000241321
844	1.15769	1.16714	0.000241295
845	1.16277	1.16713	0.000241065
846	1.1811	1.16715	0.000241345
847	1.15734	1.16714	0.000241338
848	1.17425	1.16714	0.000241199
849	1.15945	1.16713	0.000241085
850	1.18157	1.16715	0.000241399
851	1.16487	1.16715	0.00024113
852	1.1744	1.16716	0.000240997
853	1.15814	1.16715	0.000240946
854	1.16651	1.16715	0.000240665
855	1.17052	1.16715	0.000240416
856	1.16814	1.16715	0.000240138
857	1.16575	1.16715	0.000239863
858	1.17193	1.16716	0.000239649
859	1.16245	1.16715	0.000239432
860	1.17247	1.16716	0.000239234
861	1.17175	1.16716	0.000239015
862	1.15243	1.16714	0.000239348
863	1.17974	1.16716	0.000239516
864	1.15465	1.16714	0.000239676
865	1.17106	1.16715	0.000239442
866	1.17793	1.16716	0.000239488
867	1.15882	1.16715	0.000239405
868	1.16916	1.16715	0.00023914
869	1.17253	1.16716	0.000238945
870	1.16679	1.16716	0.000238671
871	1.16117	1.16715	0.000238496
872	1.17409	1.16716	0.000238355
873	1.16129	1.16715	0.000238177
874	1.16773	1.16715	0.000237905
875	1.16668	1.16715	0.000237634
876	1.17299	1.16716	0.000237456
877	1.17132	1.16717	0.000237233
878	1.15237	1.16715	0.000237561
879	1.16343	1.16714	0.000237328
880	1.17699	1.16716	0.000237322
881	1.16383	1.16715	0.000237082
882	1.17073	1.16716	0.000236848
883	1.1729	1.16716	0.000236669
884	1.15682	1.16715	0.00023669
885	1.16358	1.16715	0.000236457
886	1.171	1.16715	0.00023623
887	1.15639	1.16714	0.000236276
888	1.17571	1.16715	0.000236207
889	1.1551	1.16713	0.000236329
890	1.17244	1.16714	0.000236139
891	1.17291	1.16715	0.000235963
892	1.17391	1.16715	0.00023582
893	1.16075	1.16715	0.000235665
894	1.16832	1.16715	0.000235405
895	1.15908	1.16714	0.000235315
896	1.16855	1.16714	0.000235058
897	1.17186	1.16715	0.000234854
898	1.17116	1.16715	0.000234635
899	1.16083	1.16714	0.00023448
900	1.15817	1.16713	0.000234431
901	1.17005	1.16714	0.000234193
902	1.17074	1.16714	0.000233968
903	1.16428	1.16714	0.00023373
904	1.1679	1.16714	0.000233473
905	1.16268	1.16713	0.000233267
906	1.16566	1.16713	0.000233015
907	1.16978	1.16714	0.000232777
908	1.16824	1.16714	0.000232523
909	1.15591	1.16712	0.000232595
910	1.17875	1.16714	0.00023269
911	1.15893	1.16713	0.000232609
912	1.15395	1.16711	0.000232802
913	1.17409	1.16712	0.000232672
914	1.16405	1.16712	0.000232442
915	1.17262	1.16712	0.000232266
916	1.17155	1.16713	0.000232063
917	1.16281	1.16712	0.000231858
918	1.17529	1.16713	0.000231776
919	1.16199	1.16713	0.000231591
920	1.15715	1.16712	0.000231593
921	1.16775	1.16712	0.000231343
922	1.17798	1.16713	0.000231392
923	1.15536	1.16712	0.000231492
924	1.17049	1.16712	0.000231271
925	1.15652	1.16711	0.000231304
926	1.17426	1.16712	0.000231184
927	1.16563	1.16711	0.00023094
928	1.16227	1.16711	0.00023075
929	1.17807	1.16712	0.000230803
930	1.16014	1.16711	0.000230677
931	1.16882	1.16712	0.000230437
932	1.1635	1.16711	0.000230222
933	1.15625	1.1671	0.00023027
934	1.17396	1.16711	0.00023014
935	1.16904	1.16711	0.000229903
936	1.17122	1.16711	0.000229699
937	1.17283	1.16712	0.000229535
938	1.16819	1.16712	0.000229293
939	1.16095	1.16711	0.000229143
940	1.17191	1.16712	0.000228956
941	1.17319	1.16713	0.000228804
942	1.16781	1.16713	0.000228562
943	1.17479	1.16713	0.000228464
944	1.17163	1.16714	0.000228271
945	1.16357	1.16714	0.000228061
946	1.16069	1.16713	0.000227922
947	1.16549	1.16713	0.000227688
948	1.17338	1.16713	0.000227543
949	1.16387	1.16713	0.000227329
950	1.18096	1.16715	0.000227556
951	1.15649	1.16713	0.000227592
952	1.16887	1.16714	0.00022736
953	1.16947	1.16714	0.000227135
954	1.17454	1.16715	0.000227029
955	1.15682	1.16714	0.000227049
956	1.18235	1.16715	0.000227369
957	1.15243	1.16714	0.000227651
958	1.17315	1.16714	0.0002275
959	1.16898	1.16714	0.000227271
960	1.16432	1.16714	0.000227053
961	1.16442	1.16714	0.000226835
962	1.16685	1.16714	0.000226599
963	1.16548	1.16714	0.00022637
964	1.15874	1.16713	0.000226303
965	1.18325	1.16714	0.000226684
966	1.15431	1.16713	0.000226839
967	1.17161	1.16714	0.000226652
968	1.16642	1.16713	0.000226419
969	1.16418	1.16713	0.000226206
970	1.15965	1.16712	0.000226104
971	1.17678	1.16713	0.000226089
972	1.156	1.16712	0.000226147
973	1.1697	1.16713	0.00022593
974	1.15699	1.16711	0.000225937
975	1.16748	1.16712	0.000225706
976	1.1654	1.16711	0.000225482
977	1.15732	1.1671	0.000225473
978	1.17971	1.16712	0.000225611
979	1.16628	1.16712	0.000225382
980	1.17346	1.16712	0.000225245
981	1.16422	1.16712	0.000225035
982	1.16456	1.16712	0.000224821
983	1.17389	1.16712	0.000224698
984	1.16591	1.16712	0.000224473
985	1.16594	1.16712	0.000224248
986	1.16386	1.16712	0.000224045
987	1.17452	1.16712	0.000223943
988	1.17217	1.16713	0.000223775
989	1.17277	1.16714	0.000223621
990	1.16648	1.16714	0.000223396
991	1.172	1.16714	0.000223225
992	1.16582	1.16714	0.000223004
993	1.17305	1.16714	0.000222859
994	1.17791	1.16716	0.000222897
995	1.17581	1.16716	0.000222843
996	1.15345	1.16715	0.000223044
997	1.16898	1.16715	0.000222828
998	1.1714	1.16716	0.000222645
999	1.16197	1.16715	0.000222483
1000	1.17886	1.16716	0.000222569
