BLOCK:	ACTUAL_T:	T_AVE:	ERROR:
1	0.779011	0.779011	0
2	0.779464	0.779237	0.000159928
3	0.779946	0.779474	0.000220397
4	0.788138	0.78164	0.00188312
5	0.769236	0.779159	0.00268196
6	0.773288	0.77818	0.00240687
7	0.781981	0.778723	0.00212339
8	0.776539	0.77845	0.00187544
9	0.77988	0.778609	0.00167377
10	0.776782	0.778426	0.00151634
11	0.775305	0.778143	0.00140478
12	0.777779	0.778112	0.00128805
13	0.783165	0.778501	0.00124623
14	0.769884	0.777885	0.00130036
15	0.776275	0.777778	0.00121809
16	0.773172	0.77749	0.00117548
17	0.786375	0.778013	0.001217
18	0.778734	0.778053	0.00115005
19	0.776237	0.777957	0.00109348
20	0.774221	0.77777	0.00105465
21	0.783554	0.778046	0.00103977
22	0.782775	0.778261	0.00101449
23	0.772349	0.778004	0.00100241
24	0.773899	0.777833	0.000975125
25	0.782781	0.778031	0.000955993
26	0.770191	0.777729	0.000965603
27	0.771838	0.777511	0.000954177
28	0.77792	0.777526	0.000920211
29	0.781245	0.777654	0.000897375
30	0.779187	0.777705	0.000868916
31	0.782686	0.777866	0.000855616
32	0.780212	0.777939	0.000832013
33	0.784584	0.77814	0.000830813
34	0.772095	0.777963	0.000825186
35	0.773113	0.777824	0.000813157
36	0.783076	0.77797	0.000803549
37	0.77939	0.778008	0.000782747
38	0.780338	0.77807	0.000764546
39	0.777395	0.778052	0.000745138
40	0.779595	0.778091	0.000727507
41	0.772373	0.777951	0.000723005
42	0.780181	0.778004	0.000707737
43	0.780409	0.77806	0.000693484
44	0.763451	0.777728	0.000753022
45	0.783643	0.77786	0.000747673
46	0.780059	0.777908	0.000732947
47	0.772641	0.777796	0.000725867
48	0.786958	0.777986	0.000735415
49	0.76925	0.777808	0.000741707
50	0.783331	0.777919	0.000735052
51	0.775232	0.777866	0.000722524
52	0.778787	0.777884	0.000708846
53	0.779296	0.77791	0.000695972
54	0.781964	0.777985	0.00068712
55	0.774644	0.777925	0.000677306
56	0.775893	0.777888	0.000666182
57	0.773782	0.777816	0.000658379
58	0.786137	0.77796	0.000662473
59	0.777368	0.77795	0.00065132
60	0.777017	0.777934	0.00064065
61	0.780923	0.777983	0.000632018
62	0.777871	0.777981	0.000621827
63	0.781599	0.778039	0.000614603
64	0.775063	0.777992	0.000606756
65	0.778132	0.777994	0.000597425
66	0.778475	0.778002	0.000588418
67	0.783359	0.778082	0.000585043
68	0.773613	0.778016	0.000580118
69	0.779771	0.778041	0.000572268
70	0.7782	0.778044	0.000564097
71	0.783582	0.778122	0.000561519
72	0.777543	0.778114	0.000553778
73	0.779709	0.778135	0.000546623
74	0.770103	0.778027	0.000549906
75	0.781175	0.778069	0.000544174
76	0.773596	0.77801	0.000540187
77	0.774111	0.777959	0.000535539
78	0.778178	0.777962	0.00052868
79	0.774073	0.777913	0.000524276
80	0.7786	0.777922	0.000517793
81	0.78073	0.777956	0.00051256
82	0.780146	0.777983	0.000507004
83	0.77556	0.777954	0.000501735
84	0.77959	0.777973	0.00049614
85	0.778303	0.777977	0.000490318
86	0.782028	0.778024	0.000486874
87	0.775773	0.777998	0.000481965
88	0.777623	0.777994	0.000476507
89	0.778415	0.777999	0.000471176
90	0.785268	0.77808	0.000472814
91	0.779465	0.778095	0.000467863
92	0.776794	0.778081	0.000462991
93	0.780611	0.778108	0.000458811
94	0.772062	0.778044	0.000458416
95	0.783937	0.778106	0.000457769
96	0.776448	0.778088	0.000453326
97	0.7822	0.778131	0.00045063
98	0.768884	0.778036	0.000455804
99	0.784135	0.778098	0.000455343
100	0.777238	0.778089	0.000450871
101	0.780545	0.778114	0.000447062
102	0.780285	0.778135	0.000443185
103	0.780142	0.778154	0.00043931
104	0.773994	0.778114	0.000436904
105	0.777789	0.778111	0.000432754
106	0.779263	0.778122	0.000428808
107	0.778086	0.778122	0.0004248
108	0.779072	0.778131	0.000420958
109	0.774757	0.7781	0.000418232
110	0.784206	0.778155	0.000418098
111	0.777824	0.778152	0.000414342
112	0.774686	0.778121	0.000411796
113	0.780472	0.778142	0.000408677
114	0.770709	0.778077	0.00041026
115	0.783423	0.778123	0.000409318
116	0.773049	0.77808	0.00040812
117	0.780941	0.778104	0.000405364
118	0.777505	0.778099	0.00040196
119	0.781323	0.778126	0.000399495
120	0.779939	0.778141	0.000396451
121	0.781162	0.778166	0.00039396
122	0.781292	0.778192	0.000391563
123	0.777927	0.77819	0.000388385
124	0.773736	0.778154	0.000386911
125	0.781393	0.77818	0.000384682
126	0.768976	0.778107	0.000388502
127	0.778417	0.778109	0.000385451
128	0.777894	0.778107	0.000382443
129	0.774404	0.778079	0.000380554
130	0.773213	0.778041	0.000379463
131	0.779801	0.778055	0.000376804
132	0.77643	0.778042	0.000374151
133	0.775933	0.778026	0.000371674
134	0.784277	0.778073	0.000371816
135	0.776819	0.778064	0.000369178
136	0.776733	0.778054	0.000366593
137	0.780662	0.778073	0.000364411
138	0.781967	0.778101	0.000362861
139	0.77788	0.7781	0.000360254
140	0.77522	0.778079	0.000358267
141	0.776644	0.778069	0.000355871
142	0.774904	0.778047	0.000354062
143	0.781498	0.778071	0.000352408
144	0.771858	0.778028	0.000352592
145	0.780236	0.778043	0.00035049
146	0.774001	0.778015	0.000349181
147	0.78181	0.778041	0.000347758
148	0.777933	0.77804	0.000345409
149	0.775455	0.778023	0.000343527
150	0.779786	0.778035	0.000341438
151	0.774328	0.77801	0.000340058
152	0.772774	0.777976	0.000339561
153	0.780424	0.777992	0.000337718
154	0.775682	0.777977	0.000335858
155	0.780158	0.777991	0.000333986
156	0.78339	0.778025	0.000333634
157	0.780385	0.77804	0.000331847
158	0.77204	0.778002	0.000331913
159	0.779517	0.778012	0.000329962
160	0.772104	0.777975	0.000329959
161	0.781458	0.777997	0.000328618
162	0.776204	0.777986	0.000326775
163	0.78028	0.778	0.000325074
164	0.779808	0.778011	0.000323278
165	0.783631	0.778045	0.000323109
166	0.777352	0.778041	0.000321189
167	0.77136	0.778001	0.000321747
168	0.778687	0.778005	0.000319858
169	0.777961	0.778004	0.000317965
170	0.779077	0.778011	0.000316158
171	0.78076	0.778027	0.000314717
172	0.780284	0.77804	0.000313161
173	0.770959	0.777999	0.000314014
174	0.780598	0.778014	0.000312565
175	0.770684	0.777972	0.000313572
176	0.773768	0.777948	0.000312699
177	0.781287	0.777967	0.000311501
178	0.78139	0.777986	0.000310344
179	0.779063	0.777992	0.000308669
180	0.766484	0.777928	0.000313506
181	0.785645	0.777971	0.000314659
182	0.778377	0.777973	0.000312938
183	0.777666	0.777972	0.000311233
184	0.77541	0.777958	0.000309853
185	0.777429	0.777955	0.000308191
186	0.777066	0.77795	0.000306571
187	0.772138	0.777919	0.000306503
188	0.786548	0.777965	0.000308291
189	0.776606	0.777958	0.000306743
190	0.77568	0.777946	0.000305363
191	0.779678	0.777955	0.000303899
192	0.771468	0.777921	0.000304188
193	0.787679	0.777971	0.000306785
194	0.781024	0.777987	0.000305607
195	0.769777	0.777945	0.000306927
196	0.781337	0.777962	0.000305848
197	0.774523	0.777945	0.000304794
198	0.78805	0.777996	0.000307497
199	0.774088	0.777976	0.000306578
200	0.783638	0.778005	0.00030635
201	0.782323	0.778026	0.000305578
202	0.767575	0.777974	0.000308414
203	0.780124	0.777985	0.000307076
204	0.788014	0.778034	0.000309482
205	0.777881	0.778033	0.000307973
206	0.772877	0.778008	0.000307494
207	0.777969	0.778008	0.000306008
208	0.782737	0.778031	0.00030538
209	0.771753	0.778001	0.000305393
210	0.78289	0.778024	0.000304825
211	0.780322	0.778035	0.000303575
212	0.767665	0.777986	0.000306058
213	0.78276	0.778009	0.000305441
214	0.770653	0.777974	0.000305941
215	0.77831	0.777976	0.000304522
216	0.778816	0.77798	0.000303137
217	0.777951	0.77798	0.000301741
218	0.785899	0.778016	0.000302535
219	0.777177	0.778012	0.000301178
220	0.778466	0.778014	0.000299816
221	0.779907	0.778023	0.000298582
222	0.777802	0.778022	0.000297239
223	0.783326	0.778045	0.000296856
224	0.778341	0.778047	0.000295533
225	0.774381	0.77803	0.000294669
226	0.783461	0.778054	0.000294343
227	0.779162	0.778059	0.000293087
228	0.784518	0.778088	0.000293167
229	0.779139	0.778092	0.000291923
230	0.775326	0.77808	0.000290901
231	0.784453	0.778108	0.000290947
232	0.778259	0.778108	0.000289694
233	0.776038	0.7781	0.000288587
234	0.778367	0.778101	0.000287356
235	0.774971	0.778087	0.000286441
236	0.77448	0.778072	0.000285635
237	0.79038	0.778124	0.000289112
238	0.775892	0.778115	0.00028805
239	0.772694	0.778092	0.000287736
240	0.771844	0.778066	0.000287712
241	0.781338	0.77808	0.000286839
242	0.781426	0.778093	0.000285987
243	0.783193	0.778114	0.000285579
244	0.774862	0.778101	0.000284719
245	0.775664	0.778091	0.000283731
246	0.781731	0.778106	0.000282963
247	0.777923	0.778105	0.000281818
248	0.775869	0.778096	0.000280826
249	0.766681	0.77805	0.000283415
250	0.78191	0.778066	0.000282702
251	0.773866	0.778049	0.00028207
252	0.774921	0.778037	0.000281224
253	0.777472	0.778034	0.000280121
254	0.783085	0.778054	0.000279723
255	0.776259	0.778047	0.000278715
256	0.778775	0.77805	0.000277641
257	0.779368	0.778055	0.000276608
258	0.778445	0.778057	0.00027554
259	0.785738	0.778086	0.000276067
260	0.776404	0.77808	0.000275081
261	0.78015	0.778088	0.000274141
262	0.768266	0.77805	0.000275646
263	0.77843	0.778052	0.000274602
264	0.775033	0.77804	0.0002738
265	0.780159	0.778048	0.000272883
266	0.775986	0.778041	0.000271968
267	0.779166	0.778045	0.000270982
268	0.777491	0.778043	0.000269978
269	0.784625	0.778067	0.000270081
270	0.782611	0.778084	0.000269605
271	0.777305	0.778081	0.000268625
272	0.774884	0.778069	0.000267895
273	0.772493	0.778049	0.000267691
274	0.774311	0.778035	0.000267061
275	0.786877	0.778067	0.000268019
276	0.777538	0.778066	0.000267055
277	0.775187	0.778055	0.000266293
278	0.771235	0.778031	0.000266462
279	0.780917	0.778041	0.000265708
280	0.782525	0.778057	0.000265241
281	0.77188	0.778035	0.000265206
282	0.778929	0.778038	0.000264285
283	0.782868	0.778055	0.000263902
284	0.778484	0.778057	0.000262977
285	0.779588	0.778062	0.000262109
286	0.76918	0.778031	0.000263026
287	0.775324	0.778022	0.000262278
288	0.781405	0.778033	0.000261631
289	0.78022	0.778041	0.000260835
290	0.778991	0.778044	0.000259956
291	0.788859	0.778081	0.000261706
292	0.770765	0.778056	0.000262006
293	0.781044	0.778067	0.00026131
294	0.777728	0.778065	0.000260424
295	0.774885	0.778055	0.000259764
296	0.778531	0.778056	0.000258891
297	0.782859	0.778072	0.000258524
298	0.777484	0.77807	0.000257664
299	0.779923	0.778077	0.000256877
300	0.778864	0.778079	0.000256034
301	0.77465	0.778068	0.000255437
302	0.776616	0.778063	0.000254636
303	0.773574	0.778048	0.000254226
304	0.780144	0.778055	0.000253484
305	0.783314	0.778072	0.000253238
306	0.77334	0.778057	0.000252883
307	0.780973	0.778066	0.000252237
308	0.77189	0.778046	0.000252214
309	0.772979	0.77803	0.000251931
310	0.775718	0.778022	0.000251228
311	0.774028	0.77801	0.000250749
312	0.780608	0.778018	0.000250083
313	0.779259	0.778022	0.000249316
314	0.781118	0.778032	0.000248716
315	0.776681	0.778027	0.000247964
316	0.777526	0.778026	0.000247184
317	0.77614	0.77802	0.000246476
318	0.78095	0.778029	0.000245873
319	0.768135	0.777998	0.000247051
320	0.790864	0.778038	0.000249529
321	0.776561	0.778034	0.000248794
322	0.785797	0.778058	0.000249187
323	0.776528	0.778053	0.000248461
324	0.776938	0.77805	0.000247718
325	0.784997	0.778071	0.000247876
326	0.777142	0.778068	0.000247132
327	0.77373	0.778055	0.000246732
328	0.78264	0.778069	0.000246375
329	0.773164	0.778054	0.000246077
330	0.781015	0.778063	0.000245495
331	0.779093	0.778066	0.000244773
332	0.774709	0.778056	0.000244245
333	0.777683	0.778055	0.000243514
334	0.777554	0.778053	0.000242789
335	0.777372	0.778051	0.000242073
336	0.773301	0.778037	0.000241765
337	0.780757	0.778045	0.000241182
338	0.776053	0.778039	0.000240541
339	0.772623	0.778023	0.000240361
340	0.783976	0.778041	0.000240291
341	0.767727	0.778011	0.000241482
342	0.783921	0.778028	0.000241394
343	0.778376	0.778029	0.000240692
344	0.778173	0.778029	0.000239993
345	0.776324	0.778024	0.000239348
346	0.777756	0.778024	0.000238658
347	0.784578	0.778043	0.000238716
348	0.772506	0.778027	0.00023856
349	0.779042	0.77803	0.000237894
350	0.781419	0.778039	0.000237411
351	0.776483	0.778035	0.000236776
352	0.776386	0.77803	0.00023615
353	0.778142	0.77803	0.000235481
354	0.780928	0.778039	0.000234958
355	0.773904	0.778027	0.000234585
356	0.780153	0.778033	0.000234002
357	0.783565	0.778048	0.000233859
358	0.768508	0.778022	0.000234719
359	0.780016	0.778027	0.000234131
360	0.779091	0.77803	0.0002335
361	0.774769	0.778021	0.000233028
362	0.772702	0.778007	0.000232847
363	0.786426	0.77803	0.000233357
364	0.778554	0.778031	0.000232721
365	0.780581	0.778038	0.000232188
366	0.767893	0.77801	0.000233203
367	0.784988	0.778029	0.000233341
368	0.774227	0.778019	0.000232936
369	0.786227	0.778041	0.000233364
370	0.772374	0.778026	0.000233235
371	0.777136	0.778024	0.000232619
372	0.785058	0.778043	0.000232761
373	0.777881	0.778042	0.000232138
374	0.773516	0.77803	0.000231832
375	0.779236	0.778033	0.000231236
376	0.78047	0.77804	0.000230712
377	0.774943	0.778032	0.000230246
378	0.77351	0.77802	0.000229948
379	0.784301	0.778036	0.000229937
380	0.783341	0.77805	0.000229756
381	0.777833	0.77805	0.000229153
382	0.778902	0.778052	0.000228564
383	0.776425	0.778047	0.000228007
384	0.785042	0.778066	0.00022814
385	0.775769	0.77806	0.000227625
386	0.762967	0.778021	0.000230369
387	0.785827	0.778041	0.000230655
388	0.775631	0.778035	0.000230144
389	0.783592	0.778049	0.000229996
390	0.773722	0.778038	0.000229673
391	0.781288	0.778046	0.000229236
392	0.784328	0.778062	0.000229211
393	0.779961	0.778067	0.000228679
394	0.779355	0.77807	0.000228122
395	0.778999	0.778073	0.000227556
396	0.778547	0.778074	0.000226985
397	0.779234	0.778077	0.000226432
398	0.775417	0.77807	0.000225962
399	0.783442	0.778083	0.000225796
400	0.780213	0.778089	0.000225294
401	0.772764	0.778076	0.000225123
402	0.780646	0.778082	0.000224654
403	0.777114	0.77808	0.00022411
404	0.775751	0.778074	0.000223629
405	0.777018	0.778071	0.000223092
406	0.783347	0.778084	0.000222921
407	0.779985	0.778089	0.000222422
408	0.775087	0.778081	0.000221998
409	0.78019	0.778087	0.000221515
410	0.77944	0.77809	0.000221
411	0.783451	0.778103	0.000220847
412	0.783137	0.778115	0.000220648
413	0.77618	0.77811	0.000220164
414	0.776004	0.778105	0.000219691
415	0.779883	0.77811	0.000219203
416	0.778683	0.778111	0.000218681
417	0.771133	0.778094	0.000218796
418	0.775032	0.778087	0.000218395
419	0.772894	0.778075	0.000218225
420	0.780733	0.778081	0.000217797
421	0.771454	0.778065	0.000217848
422	0.779683	0.778069	0.000217365
423	0.77523	0.778062	0.000216955
424	0.78274	0.778073	0.000216724
425	0.771802	0.778059	0.000216716
426	0.784516	0.778074	0.000216736
427	0.782058	0.778083	0.000216429
428	0.766082	0.778055	0.000217733
429	0.780001	0.77806	0.000217272
430	0.778078	0.77806	0.000216767
431	0.776044	0.778055	0.000216315
432	0.777839	0.778054	0.000215814
433	0.783442	0.778067	0.000215674
434	0.764372	0.778035	0.000217474
435	0.781878	0.778044	0.000217153
436	0.782439	0.778054	0.000216889
437	0.770948	0.778038	0.000217001
438	0.781154	0.778045	0.000216622
439	0.772085	0.778032	0.000216554
440	0.786317	0.77805	0.000216879
441	0.775423	0.778044	0.000216469
442	0.785365	0.778061	0.000216612
443	0.773506	0.778051	0.000216367
444	0.77846	0.778052	0.000215881
445	0.780595	0.778057	0.000215472
446	0.77644	0.778054	0.000215019
447	0.781077	0.77806	0.000214645
448	0.779403	0.778063	0.000214186
449	0.769366	0.778044	0.000214584
450	0.779644	0.778048	0.000214136
451	0.776344	0.778044	0.000213695
452	0.770203	0.778027	0.000213925
453	0.785516	0.778043	0.000214091
454	0.779013	0.778045	0.00021363
455	0.779787	0.778049	0.000213195
456	0.779716	0.778053	0.000212758
457	0.780379	0.778058	0.000212354
458	0.784251	0.778071	0.00021232
459	0.767247	0.778048	0.000213163
460	0.783189	0.778059	0.000212993
461	0.768638	0.778038	0.000213509
462	0.78392	0.778051	0.000213426
463	0.772498	0.778039	0.000213302
464	0.77784	0.778039	0.000212842
465	0.779915	0.778043	0.000212423
466	0.782795	0.778053	0.000212212
467	0.77719	0.778051	0.000211765
468	0.780761	0.778057	0.000211392
469	0.772645	0.778045	0.000211256
470	0.773418	0.778036	0.000211036
471	0.781784	0.778043	0.000210738
472	0.778069	0.778044	0.000210291
473	0.776432	0.77804	0.000209874
474	0.787531	0.77806	0.000210384
475	0.772209	0.778048	0.000210302
476	0.77296	0.778037	0.000210131
477	0.779776	0.778041	0.000209722
478	0.780765	0.778047	0.000209361
479	0.776844	0.778044	0.000208939
480	0.763288	0.778013	0.000210753
481	0.783742	0.778025	0.000210651
482	0.785418	0.77804	0.000210772
483	0.76896	0.778022	0.000211172
484	0.783169	0.778032	0.000211004
485	0.770067	0.778016	0.000211207
486	0.786344	0.778033	0.000211466
487	0.7792	0.778035	0.000211046
488	0.781024	0.778042	0.000210702
489	0.779625	0.778045	0.000210296
490	0.774313	0.778037	0.000210005
491	0.790541	0.778063	0.000211115
492	0.767794	0.778042	0.000211715
493	0.784555	0.778055	0.000211698
494	0.78138	0.778062	0.000211376
495	0.778719	0.778063	0.000210953
496	0.781682	0.77807	0.000210654
497	0.770873	0.778056	0.000210728
498	0.77242	0.778045	0.000210608
499	0.783822	0.778056	0.000210504
500	0.778171	0.778056	0.000210083
501	0.777824	0.778056	0.000209664
502	0.777799	0.778055	0.000209247
503	0.772252	0.778044	0.000209149
504	0.779539	0.778047	0.000208755
505	0.782826	0.778056	0.000208556
506	0.776385	0.778053	0.00020817
507	0.77562	0.778048	0.000207815
508	0.779765	0.778052	0.000207433
509	0.773687	0.778043	0.000207203
510	0.772474	0.778032	0.000207084
511	0.776546	0.778029	0.000206699
512	0.785234	0.778043	0.000206774
513	0.780445	0.778048	0.000206424
514	0.777583	0.778047	0.000206025
515	0.77617	0.778043	0.000205657
516	0.775233	0.778038	0.00020533
517	0.781905	0.778045	0.000205069
518	0.779021	0.778047	0.000204682
519	0.77898	0.778049	0.000204296
520	0.784312	0.778061	0.000204257
521	0.779804	0.778064	0.000203893
522	0.773674	0.778056	0.000203676
523	0.779933	0.77806	0.000203318
524	0.782451	0.778068	0.000203102
525	0.771909	0.778056	0.000203054
526	0.7815	0.778063	0.000202774
527	0.776913	0.778061	0.0002024
528	0.775454	0.778056	0.000202077
529	0.778472	0.778057	0.000201697
530	0.782291	0.778064	0.000201475
531	0.772922	0.778055	0.000201328
532	0.769868	0.778039	0.000201536
533	0.78345	0.77805	0.000201414
534	0.780753	0.778055	0.0002011
535	0.776518	0.778052	0.000200745
536	0.776853	0.77805	0.000200383
537	0.779713	0.778053	0.000200034
538	0.780035	0.778056	0.000199696
539	0.777913	0.778056	0.000199325
540	0.776719	0.778054	0.000198972
541	0.772905	0.778044	0.000198831
542	0.776616	0.778041	0.000198482
543	0.785572	0.778055	0.0001986
544	0.768802	0.778038	0.000198962
545	0.778585	0.778039	0.0001986
546	0.775051	0.778034	0.000198312
547	0.780797	0.778039	0.000198013
548	0.781024	0.778044	0.000197727
549	0.776678	0.778042	0.000197382
550	0.779194	0.778044	0.000197035
551	0.779444	0.778046	0.000196693
552	0.777549	0.778046	0.000196339
553	0.76685	0.778025	0.000197025
554	0.786002	0.77804	0.000197195
555	0.774999	0.778034	0.000196916
556	0.784384	0.778046	0.000196892
557	0.770788	0.778033	0.00019697
558	0.776818	0.77803	0.000196629
559	0.789151	0.77805	0.000197281
560	0.770742	0.778037	0.000197359
561	0.781101	0.778043	0.000197083
562	0.766942	0.778023	0.00019772
563	0.778526	0.778024	0.000197371
564	0.783761	0.778034	0.000197283
565	0.77344	0.778026	0.000197101
566	0.772391	0.778016	0.000197004
567	0.786411	0.778031	0.000197212
568	0.779585	0.778034	0.000196884
569	0.774734	0.778028	0.000196623
570	0.774411	0.778021	0.000196381
571	0.787268	0.778038	0.000196703
572	0.774126	0.778031	0.000196478
573	0.781956	0.778038	0.000196255
574	0.773956	0.77803	0.000196042
575	0.77616	0.778027	0.000195728
576	0.782329	0.778035	0.00019553
577	0.78259	0.778043	0.000195351
578	0.777727	0.778042	0.000195014
579	0.779728	0.778045	0.000194698
580	0.776086	0.778042	0.000194392
581	0.780037	0.778045	0.000194088
582	0.768279	0.778028	0.000194478
583	0.784407	0.778039	0.000194452
584	0.781717	0.778045	0.000194221
585	0.768044	0.778028	0.00019464
586	0.782976	0.778037	0.000194491
587	0.781202	0.778042	0.000194235
588	0.773736	0.778035	0.000194042
589	0.783739	0.778045	0.000193954
590	0.777936	0.778044	0.000193626
591	0.778962	0.778046	0.000193304
592	0.775192	0.778041	0.000193038
593	0.780967	0.778046	0.000192775
594	0.776201	0.778043	0.000192476
595	0.772576	0.778034	0.000192372
596	0.779732	0.778037	0.00019207
597	0.778223	0.778037	0.000191749
598	0.783751	0.778046	0.000191666
599	0.779366	0.778049	0.000191359
600	0.778619	0.77805	0.000191042
601	0.778669	0.778051	0.000190727
602	0.780508	0.778055	0.000190454
603	0.783781	0.778064	0.000190374
604	0.770107	0.778051	0.000190514
605	0.787668	0.778067	0.000190862
606	0.772088	0.778057	0.000190801
607	0.789467	0.778076	0.000191411
608	0.767478	0.778058	0.000191888
609	0.775821	0.778055	0.000191608
610	0.779045	0.778056	0.000191301
611	0.774352	0.77805	0.000191084
612	0.788729	0.778068	0.000191566
613	0.762057	0.778042	0.000193026
614	0.776385	0.778039	0.000192731
615	0.786637	0.778053	0.000192924
616	0.773378	0.778045	0.00019276
617	0.782127	0.778052	0.000192561
618	0.775239	0.778047	0.000192303
619	0.785951	0.77806	0.000192416
620	0.774194	0.778054	0.000192206
621	0.774514	0.778048	0.000191981
622	0.775578	0.778044	0.000191714
623	0.778109	0.778044	0.000191406
624	0.768388	0.778029	0.000191724
625	0.785487	0.778041	0.000191788
626	0.775796	0.778037	0.000191515
627	0.780627	0.778041	0.000191254
628	0.772969	0.778033	0.00019112
629	0.782392	0.77804	0.000190942
630	0.780037	0.778043	0.000190665
631	0.775142	0.778039	0.000190419
632	0.778262	0.778039	0.000190118
633	0.778138	0.778039	0.000189817
634	0.783143	0.778047	0.000189689
635	0.773094	0.77804	0.00018955
636	0.782812	0.778047	0.000189401
637	0.767276	0.77803	0.000189857
638	0.776067	0.778027	0.000189584
639	0.774636	0.778022	0.000189362
640	0.785085	0.778033	0.000189387
641	0.777067	0.778031	0.000189097
642	0.777834	0.778031	0.000188803
643	0.775029	0.778026	0.000188567
644	0.78203	0.778033	0.000188377
645	0.775804	0.778029	0.000188117
646	0.778003	0.778029	0.000187825
647	0.775816	0.778026	0.000187566
648	0.787907	0.778041	0.000187896
649	0.770561	0.778029	0.000187959
650	0.780601	0.778033	0.000187712
651	0.777981	0.778033	0.000187423
652	0.767929	0.778018	0.000187776
653	0.785749	0.77803	0.000187861
654	0.778535	0.77803	0.000187575
655	0.784896	0.778041	0.000187581
656	0.775475	0.778037	0.000187336
657	0.786109	0.778049	0.000187454
658	0.781083	0.778054	0.000187225
659	0.77456	0.778049	0.000187016
660	0.783475	0.778057	0.000186914
661	0.775889	0.778053	0.00018666
662	0.786228	0.778066	0.000186786
663	0.775461	0.778062	0.000186545
664	0.777748	0.778061	0.000186265
665	0.775424	0.778057	0.000186027
666	0.774448	0.778052	0.000185827
667	0.780527	0.778056	0.000185585
668	0.779629	0.778058	0.000185322
669	0.778272	0.778058	0.000185046
670	0.777766	0.778058	0.00018477
671	0.775858	0.778055	0.000184524
672	0.779167	0.778056	0.000184256
673	0.771839	0.778047	0.000184214
674	0.785641	0.778058	0.000184285
675	0.777552	0.778058	0.000184013
676	0.777714	0.778057	0.000183742
677	0.780797	0.778061	0.000183515
678	0.784761	0.778071	0.00018351
679	0.76753	0.778056	0.000183895
680	0.782341	0.778062	0.000183733
681	0.780515	0.778065	0.000183499
682	0.770678	0.778055	0.000183549
683	0.782208	0.778061	0.000183381
684	0.777518	0.77806	0.000183114
685	0.776748	0.778058	0.000182857
686	0.773832	0.778052	0.000182694
687	0.784878	0.778062	0.000182698
688	0.772772	0.778054	0.000182595
689	0.78074	0.778058	0.000182371
690	0.781351	0.778063	0.000182169
691	0.780355	0.778066	0.000181936
692	0.779145	0.778068	0.00018168
693	0.781309	0.778072	0.000181478
694	0.779343	0.778074	0.000181225
695	0.777296	0.778073	0.000180968
696	0.781851	0.778078	0.00018079
697	0.77753	0.778078	0.000180532
698	0.778184	0.778078	0.000180273
699	0.785066	0.778088	0.000180292
700	0.779596	0.77809	0.000180048
701	0.772239	0.778082	0.000179984
702	0.781769	0.778087	0.000179804
703	0.77408	0.778081	0.000179639
704	0.773956	0.778075	0.000179479
705	0.787355	0.778088	0.000179707
706	0.775601	0.778085	0.000179487
707	0.778549	0.778086	0.000179234
708	0.782277	0.778091	0.000179079
709	0.782143	0.778097	0.000178917
710	0.777447	0.778096	0.000178668
711	0.77626	0.778094	0.000178435
712	0.775262	0.77809	0.000178229
713	0.770646	0.778079	0.000178284
714	0.783693	0.778087	0.000178208
715	0.77895	0.778088	0.000177963
716	0.773885	0.778082	0.000177811
717	0.779382	0.778084	0.000177572
718	0.77469	0.77808	0.000177388
719	0.77781	0.778079	0.000177142
720	0.77352	0.778073	0.000177009
721	0.777608	0.778072	0.000176764
722	0.780399	0.778075	0.000176549
723	0.771889	0.778067	0.000176512
724	0.781278	0.778071	0.000176324
725	0.775286	0.778067	0.000176122
726	0.777452	0.778067	0.000175882
727	0.775136	0.778063	0.000175686
728	0.784069	0.778071	0.000175638
729	0.775647	0.778068	0.000175429
730	0.779983	0.77807	0.000175208
731	0.782179	0.778076	0.000175059
732	0.776415	0.778074	0.000174834
733	0.786952	0.778086	0.000175015
734	0.776959	0.778084	0.000174783
735	0.781528	0.778089	0.000174608
736	0.776611	0.778087	0.000174382
737	0.773303	0.77808	0.000174267
738	0.784608	0.778089	0.000174255
739	0.774462	0.778084	0.000174088
740	0.770576	0.778074	0.000174148
741	0.780414	0.778077	0.000173942
742	0.77048	0.778067	0.000174009
743	0.778826	0.778068	0.000173777
744	0.780804	0.778072	0.000173583
745	0.775973	0.778069	0.000173373
746	0.775747	0.778066	0.000173168
747	0.777631	0.778065	0.000172937
748	0.776103	0.778063	0.000172726
749	0.783728	0.77807	0.000172661
750	0.77254	0.778063	0.000172588
751	0.780371	0.778066	0.000172386
752	0.770035	0.778055	0.000172487
753	0.778354	0.778056	0.000172258
754	0.780774	0.778059	0.000172067
755	0.771697	0.778051	0.000172046
756	0.7766	0.778049	0.000171829
757	0.784985	0.778058	0.000171846
758	0.772243	0.77805	0.00017179
759	0.777661	0.77805	0.000171565
760	0.777788	0.778049	0.000171339
761	0.780191	0.778052	0.000171137
762	0.777125	0.778051	0.000170917
763	0.771528	0.778042	0.000170907
764	0.785083	0.778052	0.000170931
765	0.779085	0.778053	0.000170713
766	0.769371	0.778042	0.000170866
767	0.786384	0.778053	0.000170989
768	0.769474	0.778041	0.000171131
769	0.788123	0.778055	0.00017141
770	0.770829	0.778045	0.000171444
771	0.776858	0.778044	0.000171229
772	0.776186	0.778041	0.000171024
773	0.778617	0.778042	0.000170804
774	0.778523	0.778043	0.000170585
775	0.781509	0.778047	0.000170423
776	0.775032	0.778043	0.000170248
777	0.773765	0.778038	0.000170118
778	0.783768	0.778045	0.000170058
779	0.777042	0.778044	0.000169845
780	0.78182	0.778049	0.000169696
781	0.777484	0.778048	0.00016948
782	0.78096	0.778052	0.000169305
783	0.778998	0.778053	0.000169093
784	0.776428	0.778051	0.00016889
785	0.782716	0.778057	0.000168779
786	0.775081	0.778053	0.000168607
787	0.785349	0.778062	0.000168647
788	0.775028	0.778058	0.000168477
789	0.778154	0.778058	0.000168264
790	0.769403	0.778047	0.000168407
791	0.777899	0.778047	0.000168194
792	0.782412	0.778053	0.000168072
793	0.776786	0.778051	0.000167868
794	0.777462	0.77805	0.000167658
795	0.785554	0.77806	0.000167713
796	0.777355	0.778059	0.000167504
797	0.786013	0.778069	0.000167591
798	0.772411	0.778062	0.000167531
799	0.776285	0.77806	0.000167336
800	0.781748	0.778064	0.00016719
801	0.778413	0.778065	0.000166982
802	0.778926	0.778066	0.000166778
803	0.777953	0.778066	0.00016657
804	0.776772	0.778064	0.00016637
805	0.775682	0.778061	0.00016619
806	0.781027	0.778065	0.000166025
807	0.776885	0.778063	0.000165825
808	0.777532	0.778063	0.000165621
809	0.778439	0.778063	0.000165417
810	0.773819	0.778058	0.000165296
811	0.786958	0.778069	0.000165456
812	0.773441	0.778063	0.000165351
813	0.784767	0.778071	0.000165353
814	0.775626	0.778068	0.000165177
815	0.781559	0.778073	0.00016503
816	0.773121	0.778067	0.000164939
817	0.779504	0.778068	0.000164747
818	0.778014	0.778068	0.000164545
819	0.777699	0.778068	0.000164345
820	0.779467	0.77807	0.000164153
821	0.782151	0.778074	0.000164029
822	0.783201	0.778081	0.000163948
823	0.777035	0.778079	0.000163753
824	0.779394	0.778081	0.000163562
825	0.779535	0.778083	0.000163374
826	0.774355	0.778078	0.000163238
827	0.77695	0.778077	0.000163046
828	0.778324	0.778077	0.00016285
829	0.782633	0.778083	0.000162746
830	0.773559	0.778077	0.000162641
831	0.774049	0.778072	0.000162518
832	0.782521	0.778078	0.00016241
833	0.781367	0.778082	0.000162263
834	0.778481	0.778082	0.000162069
835	0.774901	0.778078	0.00016192
836	0.781876	0.778083	0.00016179
837	0.775688	0.77808	0.000161622
838	0.776409	0.778078	0.000161442
839	0.785412	0.778087	0.000161486
840	0.779001	0.778088	0.000161297
841	0.779474	0.77809	0.000161114
842	0.779277	0.778091	0.000160928
843	0.783815	0.778098	0.000160881
844	0.771792	0.77809	0.000160864
845	0.775182	0.778087	0.00016071
846	0.7874	0.778098	0.000160897
847	0.77156	0.77809	0.000160892
848	0.782836	0.778096	0.000160799
849	0.772964	0.77809	0.000160724
850	0.787712	0.778101	0.000160933
851	0.776582	0.778099	0.000160753
852	0.782932	0.778105	0.000160665
853	0.772095	0.778098	0.000160631
854	0.77767	0.778097	0.000160444
855	0.780347	0.7781	0.000160277
856	0.778762	0.778101	0.000160092
857	0.777169	0.7781	0.000159909
858	0.781289	0.778103	0.000159766
859	0.774964	0.7781	0.000159622
860	0.781644	0.778104	0.000159489
861	0.781164	0.778107	0.000159344
862	0.768286	0.778096	0.000159565
863	0.786494	0.778106	0.000159677
864	0.769763	0.778096	0.000159784
865	0.780709	0.778099	0.000159628
866	0.785285	0.778107	0.000159659
867	0.77255	0.778101	0.000159603
868	0.779439	0.778103	0.000159427
869	0.781683	0.778107	0.000159297
870	0.777858	0.778106	0.000159114
871	0.774113	0.778102	0.000158997
872	0.782729	0.778107	0.000158903
873	0.774192	0.778103	0.000158785
874	0.77849	0.778103	0.000158604
875	0.77779	0.778103	0.000158423
876	0.781992	0.778107	0.000158304
877	0.780881	0.77811	0.000158155
878	0.768244	0.778099	0.000158374
879	0.775623	0.778096	0.000158219
880	0.78466	0.778104	0.000158215
881	0.775888	0.778101	0.000158055
882	0.780485	0.778104	0.000157899
883	0.781931	0.778108	0.00015778
884	0.771215	0.7781	0.000157794
885	0.775722	0.778098	0.000157638
886	0.780669	0.778101	0.000157487
887	0.770924	0.778093	0.000157517
888	0.783806	0.778099	0.000157471
889	0.770066	0.77809	0.000157553
890	0.781626	0.778094	0.000157426
891	0.78194	0.778098	0.000157309
892	0.782609	0.778103	0.000157213
893	0.773832	0.778099	0.00015711
894	0.778879	0.778099	0.000156937
895	0.772718	0.778093	0.000156877
896	0.779031	0.778094	0.000156705
897	0.781238	0.778098	0.000156569
898	0.780775	0.778101	0.000156424
899	0.773886	0.778096	0.00015632
900	0.772112	0.77809	0.000156287
901	0.780036	0.778092	0.000156129
902	0.78049	0.778094	0.000155978
903	0.776187	0.778092	0.00015582
904	0.778603	0.778093	0.000155649
905	0.775119	0.77809	0.000155511
906	0.777105	0.778088	0.000155343
907	0.779853	0.77809	0.000155184
908	0.778823	0.778091	0.000155016
909	0.770607	0.778083	0.000155064
910	0.78583	0.778091	0.000155127
911	0.772619	0.778085	0.000155073
912	0.769303	0.778076	0.000155201
913	0.782728	0.778081	0.000155115
914	0.77603	0.778079	0.000154961
915	0.78175	0.778083	0.000154844
916	0.781036	0.778086	0.000154709
917	0.775205	0.778083	0.000154572
918	0.783529	0.778089	0.000154517
919	0.774663	0.778085	0.000154394
920	0.771435	0.778078	0.000154395
921	0.778503	0.778078	0.000154228
922	0.785323	0.778086	0.000154261
923	0.770239	0.778078	0.000154328
924	0.78033	0.77808	0.00015418
925	0.771012	0.778072	0.000154203
926	0.782841	0.778078	0.000154122
927	0.777085	0.778076	0.00015396
928	0.774848	0.778073	0.000153833
929	0.785383	0.778081	0.000153869
930	0.773425	0.778076	0.000153785
931	0.779215	0.778077	0.000153624
932	0.775667	0.778074	0.000153481
933	0.770832	0.778067	0.000153513
934	0.782639	0.778072	0.000153427
935	0.779358	0.778073	0.000153269
936	0.780811	0.778076	0.000153133
937	0.781885	0.77808	0.000153023
938	0.778793	0.778081	0.000152862
939	0.773969	0.778076	0.000152762
940	0.781271	0.77808	0.000152637
941	0.782128	0.778084	0.000152536
942	0.778541	0.778085	0.000152375
943	0.783191	0.77809	0.000152309
944	0.781085	0.778093	0.000152181
945	0.775715	0.778091	0.000152041
946	0.773792	0.778086	0.000151948
947	0.776993	0.778085	0.000151792
948	0.782254	0.778089	0.000151695
949	0.775915	0.778087	0.000151553
950	0.787308	0.778097	0.000151704
951	0.770993	0.778089	0.000151728
952	0.77925	0.77809	0.000151574
953	0.779647	0.778092	0.000151423
954	0.783026	0.778097	0.000151353
955	0.771211	0.77809	0.000151366
956	0.788233	0.778101	0.000151579
957	0.768284	0.77809	0.000151767
958	0.782103	0.778095	0.000151667
959	0.77932	0.778096	0.000151514
960	0.776212	0.778094	0.000151369
961	0.776281	0.778092	0.000151223
962	0.777903	0.778092	0.000151066
963	0.776989	0.778091	0.000150914
964	0.77249	0.778085	0.000150869
965	0.788832	0.778096	0.000151123
966	0.769539	0.778087	0.000151226
967	0.781076	0.77809	0.000151101
968	0.77761	0.77809	0.000150946
969	0.776118	0.778088	0.000150804
970	0.773102	0.778083	0.000150736
971	0.78452	0.778089	0.000150726
972	0.770665	0.778082	0.000150765
973	0.779803	0.778083	0.00015062
974	0.771329	0.778076	0.000150625
975	0.77832	0.778077	0.000150471
976	0.776934	0.778076	0.000150321
977	0.771549	0.778069	0.000150316
978	0.786474	0.778077	0.000150407
979	0.777523	0.778077	0.000150255
980	0.782307	0.778081	0.000150163
981	0.776148	0.778079	0.000150023
982	0.776376	0.778077	0.000149881
983	0.782593	0.778082	0.000149798
984	0.777276	0.778081	0.000149648
985	0.777291	0.77808	0.000149499
986	0.775907	0.778078	0.000149363
987	0.78301	0.778083	0.000149296
988	0.781447	0.778087	0.000149183
989	0.781843	0.77809	0.000149081
990	0.777656	0.77809	0.000148931
991	0.781334	0.778093	0.000148817
992	0.777213	0.778092	0.000148669
993	0.782036	0.778096	0.000148572
994	0.785271	0.778104	0.000148598
995	0.783874	0.778109	0.000148562
996	0.768967	0.7781	0.000148696
997	0.779319	0.778101	0.000148552
998	0.780931	0.778104	0.00014843
999	0.774649	0.778101	0.000148322
1000	0.785909	0.778109	0.000148379
