BLOCK:	ACTUAL_TE:	TE_AVE:	ERROR:
1	-6.38777	-6.38777	0
2	-6.3861	-6.38693	0.000587927
3	-6.38629	-6.38672	0.000429465
4	-6.3871	-6.38682	0.000332626
5	-6.38563	-6.38658	0.000340005
6	-6.38528	-6.38636	0.000345274
7	-6.38608	-6.38632	0.00029832
8	-6.38558	-6.38623	0.000275255
9	-6.38696	-6.38631	0.000256239
10	-6.38574	-6.38625	0.000236929
11	-6.38481	-6.38612	0.00024894
12	-6.38619	-6.38613	0.000228271
13	-6.38721	-6.38621	0.000225506
14	-6.38545	-6.38616	0.000215838
15	-6.38405	-6.38602	0.00024305
16	-6.38562	-6.38599	0.000229118
17	-6.38639	-6.38601	0.000216856
18	-6.38702	-6.38607	0.000211838
19	-6.38523	-6.38603	0.000205212
20	-6.38647	-6.38605	0.000196161
21	-6.38553	-6.38602	0.00018838
22	-6.3859	-6.38602	0.000179907
23	-6.38539	-6.38599	0.000174135
24	-6.38435	-6.38592	0.000179827
25	-6.38594	-6.38592	0.000172636
26	-6.386	-6.38593	0.000166022
27	-6.38569	-6.38592	0.000160109
28	-6.3845	-6.38587	0.00016222
29	-6.38613	-6.38588	0.000156872
30	-6.38717	-6.38592	0.000157444
31	-6.38624	-6.38593	0.000152704
32	-6.3876	-6.38598	0.000156605
33	-6.38635	-6.38599	0.00015226
34	-6.38555	-6.38598	0.000148337
35	-6.38475	-6.38594	0.000148193
36	-6.38601	-6.38595	0.00014409
37	-6.3863	-6.38596	0.000140517
38	-6.38608	-6.38596	0.000136855
39	-6.38501	-6.38593	0.0001355
40	-6.38579	-6.38593	0.000132163
41	-6.38582	-6.38593	0.000128966
42	-6.38652	-6.38594	0.000126659
43	-6.38447	-6.38591	0.000128237
44	-6.38523	-6.38589	0.000126235
45	-6.38501	-6.38587	0.00012495
46	-6.38496	-6.38585	0.0001238
47	-6.38475	-6.38583	0.000123374
48	-6.38471	-6.38581	0.000123009
49	-6.38711	-6.38583	0.000123339
50	-6.38727	-6.38586	0.000124173
51	-6.38612	-6.38587	0.000121842
52	-6.38557	-6.38586	0.000119634
53	-6.38673	-6.38588	0.000118497
54	-6.3857	-6.38587	0.000116348
55	-6.38608	-6.38588	0.000114291
56	-6.38561	-6.38587	0.000112349
57	-6.38496	-6.38586	0.00011152
58	-6.3858	-6.38586	0.000109601
59	-6.38572	-6.38585	0.000107768
60	-6.38513	-6.38584	0.000106651
61	-6.38549	-6.38584	0.000105058
62	-6.38646	-6.38585	0.000103844
63	-6.38525	-6.38584	0.000102632
64	-6.38567	-6.38583	0.000101062
65	-6.38741	-6.38586	0.000102371
66	-6.38716	-6.38588	0.000102698
67	-6.38801	-6.38591	0.000105968
68	-6.38696	-6.38593	0.000105537
69	-6.3856	-6.38592	0.000104111
70	-6.38339	-6.38588	0.000108714
71	-6.38523	-6.38588	0.000107579
72	-6.38623	-6.38588	0.000106197
73	-6.386	-6.38588	0.000104755
74	-6.38504	-6.38587	0.000103955
75	-6.38507	-6.38586	0.000103111
76	-6.38601	-6.38586	0.000101774
77	-6.38656	-6.38587	0.000100852
78	-6.38512	-6.38586	0.000100015
79	-6.38466	-6.38585	9.99068e-05
80	-6.38591	-6.38585	9.86615e-05
81	-6.38626	-6.38585	9.7575e-05
82	-6.38582	-6.38585	9.63859e-05
83	-6.38735	-6.38587	9.68973e-05
84	-6.3862	-6.38587	9.58218e-05
85	-6.3858	-6.38587	9.46985e-05
86	-6.3868	-6.38588	9.42102e-05
87	-6.38444	-6.38587	9.45674e-05
88	-6.38706	-6.38588	9.44644e-05
89	-6.3862	-6.38588	9.34695e-05
90	-6.38612	-6.38589	9.24666e-05
91	-6.38558	-6.38588	9.15127e-05
92	-6.38616	-6.38589	9.05661e-05
93	-6.38617	-6.38589	8.96449e-05
94	-6.38561	-6.38589	8.87418e-05
95	-6.38808	-6.38591	9.07591e-05
96	-6.38574	-6.38591	8.98311e-05
97	-6.38489	-6.3859	8.95166e-05
98	-6.38541	-6.38589	8.87398e-05
99	-6.38553	-6.38589	8.79207e-05
100	-6.38492	-6.38588	8.75733e-05
101	-6.38694	-6.38589	8.73402e-05
102	-6.3867	-6.3859	8.6847e-05
103	-6.38654	-6.3859	8.62261e-05
104	-6.38628	-6.38591	8.54716e-05
105	-6.38573	-6.38591	8.4675e-05
106	-6.38623	-6.38591	8.39328e-05
107	-6.38583	-6.38591	8.31513e-05
108	-6.38625	-6.38591	8.24429e-05
109	-6.38566	-6.38591	8.17199e-05
110	-6.38618	-6.38591	8.10129e-05
111	-6.38626	-6.38591	8.03427e-05
112	-6.38503	-6.38591	8.00081e-05
113	-6.38566	-6.3859	7.93292e-05
114	-6.38625	-6.38591	7.86901e-05
115	-6.38589	-6.38591	7.80059e-05
116	-6.38418	-6.38589	7.8746e-05
117	-6.38635	-6.3859	7.81711e-05
118	-6.38556	-6.38589	7.75604e-05
119	-6.38577	-6.38589	7.6915e-05
120	-6.38725	-6.3859	7.71066e-05
121	-6.3872	-6.38591	7.72096e-05
122	-6.38581	-6.38591	7.65813e-05
123	-6.38708	-6.38592	7.65441e-05
124	-6.38682	-6.38593	7.62682e-05
125	-6.38665	-6.38594	7.58746e-05
126	-6.38563	-6.38593	7.53103e-05
127	-6.3851	-6.38593	7.50056e-05
128	-6.38565	-6.38592	7.44509e-05
129	-6.38682	-6.38593	7.41999e-05
130	-6.38624	-6.38593	7.36675e-05
131	-6.38604	-6.38593	7.311e-05
132	-6.38607	-6.38594	7.25636e-05
133	-6.38617	-6.38594	7.20394e-05
134	-6.38614	-6.38594	7.15181e-05
135	-6.38656	-6.38594	7.11364e-05
136	-6.38635	-6.38595	7.06764e-05
137	-6.38665	-6.38595	7.03483e-05
138	-6.38774	-6.38596	7.10274e-05
139	-6.38481	-6.38596	7.10045e-05
140	-6.38486	-6.38595	7.09276e-05
141	-6.38641	-6.38595	7.04997e-05
142	-6.38651	-6.38596	7.01141e-05
143	-6.38576	-6.38595	6.96375e-05
144	-6.38581	-6.38595	6.91614e-05
145	-6.38554	-6.38595	6.87423e-05
146	-6.38427	-6.38594	6.92248e-05
147	-6.38668	-6.38594	6.89358e-05
148	-6.38595	-6.38594	6.84701e-05
149	-6.38597	-6.38594	6.80108e-05
150	-6.38537	-6.38594	6.76644e-05
151	-6.38573	-6.38594	6.72305e-05
152	-6.38706	-6.38595	6.71935e-05
153	-6.38716	-6.38595	6.72183e-05
154	-6.38588	-6.38595	6.67836e-05
155	-6.386	-6.38595	6.63534e-05
156	-6.38669	-6.38596	6.60949e-05
157	-6.38564	-6.38596	6.57044e-05
158	-6.38573	-6.38596	6.53049e-05
159	-6.38632	-6.38596	6.49337e-05
160	-6.38648	-6.38596	6.46085e-05
161	-6.38623	-6.38596	6.42286e-05
162	-6.38661	-6.38597	6.39544e-05
163	-6.38528	-6.38596	6.37008e-05
164	-6.38556	-6.38596	6.33588e-05
165	-6.38628	-6.38596	6.30044e-05
166	-6.38673	-6.38597	6.27942e-05
167	-6.38729	-6.38597	6.29189e-05
168	-6.38588	-6.38597	6.25472e-05
169	-6.38579	-6.38597	6.21866e-05
170	-6.38653	-6.38598	6.19077e-05
171	-6.38609	-6.38598	6.15493e-05
172	-6.38492	-6.38597	6.14948e-05
173	-6.38542	-6.38597	6.1222e-05
174	-6.38511	-6.38596	6.10681e-05
175	-6.38448	-6.38595	6.13011e-05
176	-6.38637	-6.38596	6.09993e-05
177	-6.38652	-6.38596	6.07373e-05
178	-6.38668	-6.38596	6.053e-05
179	-6.38537	-6.38596	6.02812e-05
180	-6.38366	-6.38595	6.12856e-05
181	-6.38542	-6.38594	6.10161e-05
182	-6.38468	-6.38594	6.10744e-05
183	-6.38427	-6.38593	6.14159e-05
184	-6.387	-6.38593	6.1357e-05
185	-6.38486	-6.38593	6.13009e-05
186	-6.38549	-6.38593	6.10163e-05
187	-6.38586	-6.38593	6.06909e-05
188	-6.38581	-6.38593	6.0371e-05
189	-6.38516	-6.38592	6.01858e-05
190	-6.38651	-6.38592	5.99476e-05
191	-6.38594	-6.38592	5.96337e-05
192	-6.38662	-6.38593	5.94326e-05
193	-6.38724	-6.38593	5.95094e-05
194	-6.38528	-6.38593	5.92971e-05
195	-6.38451	-6.38592	5.94368e-05
196	-6.3863	-6.38593	5.91647e-05
197	-6.38705	-6.38593	5.91373e-05
198	-6.3862	-6.38593	5.88537e-05
199	-6.38452	-6.38593	5.89864e-05
200	-6.38565	-6.38592	5.87077e-05
201	-6.38625	-6.38593	5.84373e-05
202	-6.38642	-6.38593	5.81997e-05
203	-6.38634	-6.38593	5.79486e-05
204	-6.38543	-6.38593	5.77159e-05
205	-6.38524	-6.38593	5.7533e-05
206	-6.3845	-6.38592	5.76688e-05
207	-6.38536	-6.38592	5.74529e-05
208	-6.38611	-6.38592	5.71845e-05
209	-6.38562	-6.38592	5.69284e-05
210	-6.38735	-6.38592	5.70686e-05
211	-6.38515	-6.38592	5.69167e-05
212	-6.3862	-6.38592	5.66642e-05
213	-6.38491	-6.38591	5.65954e-05
214	-6.38527	-6.38591	5.64109e-05
215	-6.38702	-6.38592	5.63819e-05
216	-6.38561	-6.38592	5.61391e-05
217	-6.38593	-6.38592	5.58804e-05
218	-6.38796	-6.38592	5.64064e-05
219	-6.38577	-6.38592	5.61535e-05
220	-6.38535	-6.38592	5.59591e-05
221	-6.38681	-6.38593	5.58504e-05
222	-6.38604	-6.38593	5.56012e-05
223	-6.38547	-6.38592	5.53895e-05
224	-6.3856	-6.38592	5.5161e-05
225	-6.38519	-6.38592	5.50126e-05
226	-6.38567	-6.38592	5.47807e-05
227	-6.38619	-6.38592	5.45523e-05
228	-6.3856	-6.38592	5.43312e-05
229	-6.38758	-6.38593	5.45791e-05
230	-6.38647	-6.38593	5.43935e-05
231	-6.38699	-6.38593	5.43521e-05
232	-6.38644	-6.38593	5.41613e-05
233	-6.38528	-6.38593	5.40025e-05
234	-6.38541	-6.38593	5.38179e-05
235	-6.38472	-6.38592	5.38344e-05
236	-6.3864	-6.38593	5.36447e-05
237	-6.38766	-6.38593	5.39152e-05
238	-6.38545	-6.38593	5.37274e-05
239	-6.38603	-6.38593	5.35043e-05
240	-6.38548	-6.38593	5.33139e-05
241	-6.3855	-6.38593	5.31225e-05
242	-6.38479	-6.38592	5.31106e-05
243	-6.38669	-6.38593	5.2986e-05
244	-6.38492	-6.38592	5.29278e-05
245	-6.38572	-6.38592	5.27179e-05
246	-6.38627	-6.38592	5.25226e-05
247	-6.38601	-6.38592	5.23112e-05
248	-6.38426	-6.38592	5.25266e-05
249	-6.38654	-6.38592	5.23755e-05
250	-6.38653	-6.38592	5.2223e-05
251	-6.38459	-6.38592	5.22829e-05
252	-6.38562	-6.38592	5.20889e-05
253	-6.38511	-6.38591	5.19797e-05
254	-6.3855	-6.38591	5.18005e-05
255	-6.38613	-6.38591	5.16046e-05
256	-6.38691	-6.38592	5.15498e-05
257	-6.38448	-6.38591	5.16517e-05
258	-6.3863	-6.38591	5.14741e-05
259	-6.38687	-6.38592	5.14075e-05
260	-6.38729	-6.38592	5.14824e-05
261	-6.38544	-6.38592	5.13187e-05
262	-6.38475	-6.38591	5.13179e-05
263	-6.38659	-6.38592	5.11867e-05
264	-6.38409	-6.38591	5.14598e-05
265	-6.38449	-6.3859	5.1543e-05
266	-6.38513	-6.3859	5.14304e-05
267	-6.38473	-6.3859	5.14251e-05
268	-6.38607	-6.3859	5.12372e-05
269	-6.38636	-6.3859	5.10758e-05
270	-6.38486	-6.3859	5.10316e-05
271	-6.38466	-6.38589	5.10459e-05
272	-6.38591	-6.38589	5.08583e-05
273	-6.38629	-6.38589	5.06932e-05
274	-6.38512	-6.38589	5.05872e-05
275	-6.38706	-6.38589	5.05822e-05
276	-6.38595	-6.38589	5.03993e-05
277	-6.38542	-6.38589	5.02468e-05
278	-6.38445	-6.38589	5.03349e-05
279	-6.3859	-6.38589	5.01545e-05
280	-6.38643	-6.38589	5.00132e-05
281	-6.38593	-6.38589	4.98354e-05
282	-6.38634	-6.38589	4.96846e-05
283	-6.38658	-6.38589	4.95679e-05
284	-6.38609	-6.38589	4.93982e-05
285	-6.38662	-6.3859	4.92901e-05
286	-6.3855	-6.3859	4.91376e-05
287	-6.38662	-6.3859	4.90315e-05
288	-6.38667	-6.3859	4.89343e-05
289	-6.38584	-6.3859	4.87653e-05
290	-6.38616	-6.3859	4.86056e-05
291	-6.38686	-6.3859	4.85498e-05
292	-6.38427	-6.3859	4.87047e-05
293	-6.38595	-6.3859	4.85387e-05
294	-6.38615	-6.3859	4.83811e-05
295	-6.3861	-6.3859	4.82219e-05
296	-6.38517	-6.3859	4.81219e-05
297	-6.38638	-6.3859	4.79869e-05
298	-6.38569	-6.3859	4.78309e-05
299	-6.38618	-6.3859	4.76804e-05
300	-6.38647	-6.3859	4.7559e-05
301	-6.38506	-6.3859	4.74837e-05
302	-6.38533	-6.3859	4.73642e-05
303	-6.38428	-6.38589	4.75091e-05
304	-6.3851	-6.38589	4.74249e-05
305	-6.38519	-6.38589	4.73243e-05
306	-6.38627	-6.38589	4.71861e-05
307	-6.38595	-6.38589	4.70328e-05
308	-6.38434	-6.38588	4.71485e-05
309	-6.38504	-6.38588	4.70749e-05
310	-6.38549	-6.38588	4.69395e-05
311	-6.38523	-6.38588	4.68346e-05
312	-6.38555	-6.38588	4.66966e-05
313	-6.38663	-6.38588	4.66093e-05
314	-6.38602	-6.38588	4.64632e-05
315	-6.38671	-6.38588	4.63911e-05
316	-6.38633	-6.38588	4.62657e-05
317	-6.38518	-6.38588	4.61729e-05
318	-6.38766	-6.38589	4.63654e-05
319	-6.38583	-6.38589	4.62203e-05
320	-6.38561	-6.38589	4.60839e-05
321	-6.38552	-6.38588	4.59542e-05
322	-6.38561	-6.38588	4.58191e-05
323	-6.38452	-6.38588	4.58702e-05
324	-6.38501	-6.38588	4.58076e-05
325	-6.38683	-6.38588	4.5761e-05
326	-6.38508	-6.38588	4.56861e-05
327	-6.3866	-6.38588	4.56e-05
328	-6.3862	-6.38588	4.54716e-05
329	-6.38555	-6.38588	4.53444e-05
330	-6.38781	-6.38589	4.55827e-05
331	-6.38607	-6.38589	4.54484e-05
332	-6.38491	-6.38588	4.54066e-05
333	-6.38674	-6.38589	4.53439e-05
334	-6.38715	-6.38589	4.53651e-05
335	-6.38687	-6.38589	4.53233e-05
336	-6.3861	-6.38589	4.51926e-05
337	-6.38577	-6.38589	4.50599e-05
338	-6.38501	-6.38589	4.50021e-05
339	-6.38587	-6.38589	4.48694e-05
340	-6.38677	-6.38589	4.48125e-05
341	-6.38695	-6.3859	4.47893e-05
342	-6.38701	-6.3859	4.47777e-05
343	-6.38569	-6.3859	4.46512e-05
344	-6.38539	-6.3859	4.45462e-05
345	-6.38659	-6.3859	4.44624e-05
346	-6.38504	-6.3859	4.44024e-05
347	-6.38636	-6.3859	4.42947e-05
348	-6.38416	-6.38589	4.44464e-05
349	-6.38532	-6.38589	4.43489e-05
350	-6.38612	-6.38589	4.42272e-05
351	-6.38493	-6.38589	4.41854e-05
352	-6.38642	-6.38589	4.40854e-05
353	-6.38627	-6.38589	4.39738e-05
354	-6.38536	-6.38589	4.3875e-05
355	-6.38538	-6.38589	4.3775e-05
356	-6.38589	-6.38589	4.3652e-05
357	-6.38509	-6.38589	4.35872e-05
358	-6.38474	-6.38588	4.35831e-05
359	-6.38521	-6.38588	4.35022e-05
360	-6.38532	-6.38588	4.34097e-05
361	-6.38581	-6.38588	4.32899e-05
362	-6.38693	-6.38588	4.32668e-05
363	-6.38506	-6.38588	4.32067e-05
364	-6.3862	-6.38588	4.3097e-05
365	-6.38618	-6.38588	4.29865e-05
366	-6.38547	-6.38588	4.28838e-05
367	-6.38612	-6.38588	4.2772e-05
368	-6.38597	-6.38588	4.26565e-05
369	-6.3863	-6.38588	4.25557e-05
370	-6.38624	-6.38588	4.24518e-05
371	-6.3855	-6.38588	4.23497e-05
372	-6.38594	-6.38588	4.22362e-05
373	-6.38751	-6.38589	4.23483e-05
374	-6.38618	-6.38589	4.22423e-05
375	-6.38635	-6.38589	4.21473e-05
376	-6.38633	-6.38589	4.20516e-05
377	-6.38559	-6.38589	4.19474e-05
378	-6.38605	-6.38589	4.18384e-05
379	-6.38588	-6.38589	4.17281e-05
380	-6.38739	-6.38589	4.18054e-05
381	-6.38672	-6.3859	4.17522e-05
382	-6.38492	-6.38589	4.1721e-05
383	-6.38606	-6.38589	4.16143e-05
384	-6.38559	-6.38589	4.15134e-05
385	-6.38653	-6.38589	4.14389e-05
386	-6.38498	-6.38589	4.13995e-05
387	-6.38511	-6.38589	4.13417e-05
388	-6.38565	-6.38589	4.12398e-05
389	-6.38595	-6.38589	4.1134e-05
390	-6.386	-6.38589	4.10295e-05
391	-6.38594	-6.38589	4.09248e-05
392	-6.38653	-6.38589	4.08524e-05
393	-6.38622	-6.38589	4.07569e-05
394	-6.38652	-6.38589	4.06846e-05
395	-6.38636	-6.3859	4.05987e-05
396	-6.38647	-6.3859	4.05224e-05
397	-6.38535	-6.3859	4.0444e-05
398	-6.38496	-6.38589	4.0411e-05
399	-6.38539	-6.38589	4.0329e-05
400	-6.38641	-6.38589	4.02493e-05
401	-6.3845	-6.38589	4.02979e-05
402	-6.38568	-6.38589	4.02011e-05
403	-6.38577	-6.38589	4.01024e-05
404	-6.38516	-6.38589	4.00437e-05
405	-6.38488	-6.38588	4.00214e-05
406	-6.38594	-6.38588	3.99231e-05
407	-6.38607	-6.38589	3.98276e-05
408	-6.38604	-6.38589	3.97318e-05
409	-6.38535	-6.38588	3.96563e-05
410	-6.38683	-6.38589	3.96261e-05
411	-6.38567	-6.38589	3.95331e-05
412	-6.38576	-6.38589	3.94384e-05
413	-6.38466	-6.38588	3.94542e-05
414	-6.38649	-6.38588	3.9386e-05
415	-6.38644	-6.38589	3.93136e-05
416	-6.38565	-6.38588	3.9223e-05
417	-6.38662	-6.38589	3.9169e-05
418	-6.38525	-6.38589	3.91047e-05
419	-6.38559	-6.38588	3.90177e-05
420	-6.38561	-6.38588	3.89303e-05
421	-6.38658	-6.38589	3.88727e-05
422	-6.38537	-6.38588	3.87994e-05
423	-6.38573	-6.38588	3.87094e-05
424	-6.38577	-6.38588	3.8619e-05
425	-6.3851	-6.38588	3.85723e-05
426	-6.38553	-6.38588	3.84904e-05
427	-6.38448	-6.38588	3.85397e-05
428	-6.38522	-6.38588	3.848e-05
429	-6.38605	-6.38588	3.83924e-05
430	-6.38396	-6.38587	3.8561e-05
431	-6.38531	-6.38587	3.84934e-05
432	-6.38595	-6.38587	3.84047e-05
433	-6.38695	-6.38587	3.83963e-05
434	-6.38524	-6.38587	3.83354e-05
435	-6.38468	-6.38587	3.83455e-05
436	-6.38506	-6.38587	3.83028e-05
437	-6.38535	-6.38587	3.82332e-05
438	-6.38593	-6.38587	3.81462e-05
439	-6.38499	-6.38586	3.81109e-05
440	-6.38612	-6.38587	3.80287e-05
441	-6.3854	-6.38586	3.79574e-05
442	-6.38591	-6.38586	3.78717e-05
443	-6.38519	-6.38586	3.78167e-05
444	-6.38574	-6.38586	3.77326e-05
445	-6.38639	-6.38586	3.76665e-05
446	-6.3854	-6.38586	3.75967e-05
447	-6.3856	-6.38586	3.75171e-05
448	-6.38587	-6.38586	3.74334e-05
449	-6.38501	-6.38586	3.73982e-05
450	-6.38499	-6.38586	3.73649e-05
451	-6.38552	-6.38586	3.72897e-05
452	-6.38548	-6.38586	3.72163e-05
453	-6.38598	-6.38586	3.71352e-05
454	-6.38579	-6.38586	3.70537e-05
455	-6.38608	-6.38586	3.69754e-05
456	-6.3857	-6.38586	3.68959e-05
457	-6.38808	-6.38586	3.71356e-05
458	-6.38585	-6.38586	3.70545e-05
459	-6.38538	-6.38586	3.69884e-05
460	-6.38682	-6.38586	3.69667e-05
461	-6.38549	-6.38586	3.68955e-05
462	-6.386	-6.38586	3.68169e-05
463	-6.38573	-6.38586	3.67384e-05
464	-6.38504	-6.38586	3.67014e-05
465	-6.3848	-6.38586	3.66935e-05
466	-6.38566	-6.38586	3.66172e-05
467	-6.38592	-6.38586	3.65391e-05
468	-6.38598	-6.38586	3.6462e-05
469	-6.38602	-6.38586	3.63858e-05
470	-6.38659	-6.38586	3.6342e-05
471	-6.38726	-6.38586	3.63865e-05
472	-6.38489	-6.38586	3.63673e-05
473	-6.38522	-6.38586	3.63154e-05
474	-6.38635	-6.38586	3.62537e-05
475	-6.38647	-6.38586	3.62e-05
476	-6.38629	-6.38586	3.61349e-05
477	-6.38607	-6.38586	3.60617e-05
478	-6.38534	-6.38586	3.60029e-05
479	-6.38633	-6.38586	3.59409e-05
480	-6.38587	-6.38586	3.58661e-05
481	-6.38597	-6.38586	3.57923e-05
482	-6.38613	-6.38586	3.57224e-05
483	-6.38617	-6.38586	3.56539e-05
484	-6.38601	-6.38586	3.55815e-05
485	-6.38463	-6.38586	3.55991e-05
486	-6.38651	-6.38586	3.55508e-05
487	-6.38503	-6.38586	3.55192e-05
488	-6.38659	-6.38586	3.54774e-05
489	-6.38603	-6.38586	3.54066e-05
490	-6.38557	-6.38586	3.53392e-05
491	-6.38729	-6.38587	3.53863e-05
492	-6.38436	-6.38586	3.54459e-05
493	-6.38643	-6.38586	3.53927e-05
494	-6.38737	-6.38587	3.54519e-05
495	-6.38566	-6.38587	3.53827e-05
496	-6.38652	-6.38587	3.53357e-05
497	-6.38603	-6.38587	3.52661e-05
498	-6.38536	-6.38587	3.52099e-05
499	-6.38668	-6.38587	3.51769e-05
500	-6.38521	-6.38587	3.51314e-05
501	-6.38664	-6.38587	3.50951e-05
502	-6.38585	-6.38587	3.50253e-05
503	-6.38498	-6.38587	3.5e-05
504	-6.38561	-6.38587	3.49343e-05
505	-6.38559	-6.38587	3.48695e-05
506	-6.38627	-6.38587	3.48097e-05
507	-6.38522	-6.38587	3.47642e-05
508	-6.38605	-6.38587	3.46977e-05
509	-6.38468	-6.38586	3.47082e-05
510	-6.38528	-6.38586	3.46587e-05
511	-6.3864	-6.38586	3.46066e-05
512	-6.3857	-6.38586	3.45405e-05
513	-6.3855	-6.38586	3.44803e-05
514	-6.38606	-6.38586	3.44155e-05
515	-6.38701	-6.38587	3.44208e-05
516	-6.38653	-6.38587	3.43779e-05
517	-6.38641	-6.38587	3.43273e-05
518	-6.38655	-6.38587	3.42863e-05
519	-6.38529	-6.38587	3.42384e-05
520	-6.3846	-6.38587	3.42587e-05
521	-6.38535	-6.38586	3.42072e-05
522	-6.38591	-6.38586	3.41418e-05
523	-6.38503	-6.38586	3.41139e-05
524	-6.38468	-6.38586	3.41238e-05
525	-6.38629	-6.38586	3.40686e-05
526	-6.38651	-6.38586	3.40261e-05
527	-6.38588	-6.38586	3.39616e-05
528	-6.38611	-6.38586	3.39006e-05
529	-6.38542	-6.38586	3.3847e-05
530	-6.38748	-6.38587	3.3921e-05
531	-6.38644	-6.38587	3.38745e-05
532	-6.38547	-6.38587	3.38189e-05
533	-6.38692	-6.38587	3.38137e-05
534	-6.38558	-6.38587	3.37545e-05
535	-6.3851	-6.38587	3.37216e-05
536	-6.38498	-6.38586	3.36989e-05
537	-6.38493	-6.38586	3.36813e-05
538	-6.38567	-6.38586	3.36206e-05
539	-6.38701	-6.38586	3.36252e-05
540	-6.38441	-6.38586	3.36705e-05
541	-6.38521	-6.38586	3.36296e-05
542	-6.38605	-6.38586	3.35693e-05
543	-6.386	-6.38586	3.35085e-05
544	-6.38574	-6.38586	3.34476e-05
545	-6.38557	-6.38586	3.33905e-05
546	-6.38627	-6.38586	3.33376e-05
547	-6.38518	-6.38586	3.32999e-05
548	-6.38671	-6.38586	3.3275e-05
549	-6.38558	-6.38586	3.32184e-05
550	-6.38577	-6.38586	3.31585e-05
551	-6.38578	-6.38586	3.30986e-05
552	-6.38639	-6.38586	3.30527e-05
553	-6.38615	-6.38586	3.2997e-05
554	-6.38598	-6.38586	3.29381e-05
555	-6.3853	-6.38586	3.28944e-05
556	-6.38552	-6.38586	3.28409e-05
557	-6.38578	-6.38586	3.27823e-05
558	-6.38425	-6.38586	3.28507e-05
559	-6.38654	-6.38586	3.2815e-05
560	-6.38673	-6.38586	3.27933e-05
561	-6.38532	-6.38586	3.27488e-05
562	-6.38469	-6.38586	3.27561e-05
563	-6.38458	-6.38585	3.27763e-05
564	-6.38589	-6.38585	3.27182e-05
565	-6.38594	-6.38585	3.26607e-05
566	-6.38508	-6.38585	3.26313e-05
567	-6.38676	-6.38586	3.26125e-05
568	-6.38604	-6.38586	3.25567e-05
569	-6.3853	-6.38585	3.2514e-05
570	-6.38491	-6.38585	3.24991e-05
571	-6.38634	-6.38585	3.24533e-05
572	-6.3868	-6.38586	3.24391e-05
573	-6.38724	-6.38586	3.24721e-05
574	-6.38491	-6.38586	3.24577e-05
575	-6.38597	-6.38586	3.24019e-05
576	-6.38633	-6.38586	3.23562e-05
577	-6.38612	-6.38586	3.23033e-05
578	-6.38633	-6.38586	3.22575e-05
579	-6.38536	-6.38586	3.22133e-05
580	-6.38554	-6.38586	3.21625e-05
581	-6.3859	-6.38586	3.21073e-05
582	-6.38571	-6.38586	3.20532e-05
583	-6.38644	-6.38586	3.20137e-05
584	-6.3868	-6.38586	3.19998e-05
585	-6.38566	-6.38586	3.19469e-05
586	-6.38548	-6.38586	3.18988e-05
587	-6.38703	-6.38586	3.19071e-05
588	-6.38616	-6.38586	3.18568e-05
589	-6.38644	-6.38586	3.1818e-05
590	-6.38574	-6.38586	3.17647e-05
591	-6.38641	-6.38586	3.17245e-05
592	-6.38672	-6.38586	3.17038e-05
593	-6.38602	-6.38586	3.16514e-05
594	-6.38631	-6.38587	3.16069e-05
595	-6.38395	-6.38586	3.17164e-05
596	-6.38617	-6.38586	3.16675e-05
597	-6.38482	-6.38586	3.16621e-05
598	-6.38602	-6.38586	3.16103e-05
599	-6.38503	-6.38586	3.15881e-05
600	-6.38547	-6.38586	3.15422e-05
601	-6.38604	-6.38586	3.14911e-05
602	-6.38616	-6.38586	3.14428e-05
603	-6.38629	-6.38586	3.13988e-05
604	-6.38374	-6.38586	3.15423e-05
605	-6.38498	-6.38586	3.15235e-05
606	-6.3844	-6.38585	3.15623e-05
607	-6.38558	-6.38585	3.15136e-05
608	-6.38532	-6.38585	3.14739e-05
609	-6.38486	-6.38585	3.1464e-05
610	-6.38478	-6.38585	3.14613e-05
611	-6.38494	-6.38585	3.14448e-05
612	-6.38579	-6.38585	3.13936e-05
613	-6.3848	-6.38584	3.13887e-05
614	-6.38625	-6.38585	3.13445e-05
615	-6.38582	-6.38585	3.12935e-05
616	-6.38507	-6.38584	3.12679e-05
617	-6.38578	-6.38584	3.12174e-05
618	-6.38596	-6.38584	3.11675e-05
619	-6.38599	-6.38584	3.11181e-05
620	-6.38563	-6.38584	3.10698e-05
621	-6.386	-6.38584	3.10208e-05
622	-6.38662	-6.38585	3.09961e-05
623	-6.38527	-6.38584	3.09602e-05
624	-6.38563	-6.38584	3.09125e-05
625	-6.38522	-6.38584	3.0879e-05
626	-6.38665	-6.38584	3.08566e-05
627	-6.3871	-6.38585	3.08719e-05
628	-6.38596	-6.38585	3.08233e-05
629	-6.38628	-6.38585	3.07819e-05
630	-6.38593	-6.38585	3.07334e-05
631	-6.38517	-6.38585	3.07032e-05
632	-6.38716	-6.38585	3.07251e-05
633	-6.38668	-6.38585	3.07044e-05
634	-6.38458	-6.38585	3.07216e-05
635	-6.38506	-6.38585	3.06981e-05
636	-6.38534	-6.38585	3.066e-05
637	-6.38645	-6.38585	3.06264e-05
638	-6.38455	-6.38585	3.06457e-05
639	-6.38611	-6.38585	3.06006e-05
640	-6.38474	-6.38584	3.06014e-05
641	-6.38487	-6.38584	3.05914e-05
642	-6.38591	-6.38584	3.05439e-05
643	-6.38597	-6.38584	3.0497e-05
644	-6.3853	-6.38584	3.04615e-05
645	-6.38521	-6.38584	3.04302e-05
646	-6.38448	-6.38584	3.04558e-05
647	-6.38637	-6.38584	3.04199e-05
648	-6.38546	-6.38584	3.03787e-05
649	-6.38544	-6.38584	3.03381e-05
650	-6.38554	-6.38584	3.02947e-05
651	-6.38647	-6.38584	3.02638e-05
652	-6.38511	-6.38584	3.0238e-05
653	-6.38575	-6.38584	3.01921e-05
654	-6.38548	-6.38584	3.01507e-05
655	-6.3859	-6.38584	3.01048e-05
656	-6.38501	-6.38584	3.00854e-05
657	-6.3859	-6.38584	3.00397e-05
658	-6.38609	-6.38584	2.99965e-05
659	-6.38561	-6.38584	2.9953e-05
660	-6.38615	-6.38584	2.99114e-05
661	-6.38452	-6.38583	2.99327e-05
662	-6.3869	-6.38584	2.99305e-05
663	-6.38676	-6.38584	2.99176e-05
664	-6.38544	-6.38584	2.98785e-05
665	-6.38491	-6.38584	2.98658e-05
666	-6.38669	-6.38584	2.98485e-05
667	-6.38584	-6.38584	2.98037e-05
668	-6.38595	-6.38584	2.97596e-05
669	-6.38665	-6.38584	2.974e-05
670	-6.38579	-6.38584	2.96957e-05
671	-6.38555	-6.38584	2.96545e-05
672	-6.38604	-6.38584	2.96119e-05
673	-6.38521	-6.38584	2.95826e-05
674	-6.38603	-6.38584	2.95401e-05
675	-6.38629	-6.38584	2.9504e-05
676	-6.38617	-6.38584	2.94644e-05
677	-6.38672	-6.38584	2.94498e-05
678	-6.38649	-6.38584	2.94218e-05
679	-6.38629	-6.38584	2.93861e-05
680	-6.38577	-6.38584	2.9343e-05
681	-6.38552	-6.38584	2.93037e-05
682	-6.38619	-6.38584	2.92652e-05
683	-6.38722	-6.38584	2.92923e-05
684	-6.38698	-6.38584	2.92966e-05
685	-6.38595	-6.38585	2.92542e-05
686	-6.38571	-6.38584	2.92122e-05
687	-6.38587	-6.38584	2.91697e-05
688	-6.38585	-6.38584	2.91273e-05
689	-6.38658	-6.38585	2.91046e-05
690	-6.38699	-6.38585	2.91097e-05
691	-6.38682	-6.38585	2.91016e-05
692	-6.38531	-6.38585	2.90701e-05
693	-6.38511	-6.38585	2.90474e-05
694	-6.38597	-6.38585	2.90061e-05
695	-6.38589	-6.38585	2.89644e-05
696	-6.38607	-6.38585	2.89245e-05
697	-6.38546	-6.38585	2.88885e-05
698	-6.3863	-6.38585	2.88544e-05
699	-6.38627	-6.38585	2.88194e-05
700	-6.38592	-6.38585	2.87784e-05
701	-6.38572	-6.38585	2.87379e-05
702	-6.38525	-6.38585	2.87096e-05
703	-6.38405	-6.38584	2.8782e-05
704	-6.38604	-6.38585	2.87424e-05
705	-6.38619	-6.38585	2.87057e-05
706	-6.38492	-6.38584	2.86953e-05
707	-6.38623	-6.38584	2.86598e-05
708	-6.38593	-6.38585	2.86196e-05
709	-6.38596	-6.38585	2.85796e-05
710	-6.38676	-6.38585	2.85684e-05
711	-6.38551	-6.38585	2.85322e-05
712	-6.38773	-6.38585	2.8615e-05
713	-6.3861	-6.38585	2.8577e-05
714	-6.38504	-6.38585	2.85594e-05
715	-6.38574	-6.38585	2.85198e-05
716	-6.38527	-6.38585	2.84914e-05
717	-6.3844	-6.38584	2.85231e-05
718	-6.38561	-6.38584	2.84852e-05
719	-6.38549	-6.38584	2.84498e-05
720	-6.38683	-6.38585	2.84435e-05
721	-6.38589	-6.38585	2.84041e-05
722	-6.38561	-6.38585	2.83666e-05
723	-6.38691	-6.38585	2.83658e-05
724	-6.38598	-6.38585	2.83273e-05
725	-6.38461	-6.38585	2.83398e-05
726	-6.38548	-6.38584	2.83051e-05
727	-6.38579	-6.38584	2.82663e-05
728	-6.3856	-6.38584	2.82294e-05
729	-6.38552	-6.38584	2.81942e-05
730	-6.38446	-6.38584	2.82196e-05
731	-6.38602	-6.38584	2.8182e-05
732	-6.38353	-6.38584	2.83205e-05
733	-6.38727	-6.38584	2.83495e-05
734	-6.38629	-6.38584	2.83174e-05
735	-6.38651	-6.38584	2.82934e-05
736	-6.38501	-6.38584	2.82776e-05
737	-6.38677	-6.38584	2.8267e-05
738	-6.38524	-6.38584	2.82406e-05
739	-6.38642	-6.38584	2.82132e-05
740	-6.38653	-6.38584	2.81905e-05
741	-6.38597	-6.38584	2.8153e-05
742	-6.3856	-6.38584	2.81169e-05
743	-6.38662	-6.38584	2.80985e-05
744	-6.38666	-6.38585	2.8082e-05
745	-6.38564	-6.38585	2.80457e-05
746	-6.38652	-6.38585	2.80227e-05
747	-6.38664	-6.38585	2.80054e-05
748	-6.38511	-6.38585	2.79853e-05
749	-6.38624	-6.38585	2.7953e-05
750	-6.38487	-6.38585	2.7946e-05
751	-6.38652	-6.38585	2.79233e-05
752	-6.38514	-6.38585	2.79022e-05
753	-6.38622	-6.38585	2.78697e-05
754	-6.38668	-6.38585	2.78548e-05
755	-6.38688	-6.38585	2.78515e-05
756	-6.38533	-6.38585	2.78231e-05
757	-6.38519	-6.38585	2.77998e-05
758	-6.38636	-6.38585	2.77713e-05
759	-6.38509	-6.38585	2.77528e-05
760	-6.38485	-6.38585	2.77471e-05
761	-6.38493	-6.38584	2.77366e-05
762	-6.38612	-6.38584	2.77026e-05
763	-6.38777	-6.38585	2.77812e-05
764	-6.38515	-6.38585	2.77597e-05
765	-6.38606	-6.38585	2.77249e-05
766	-6.38549	-6.38585	2.76926e-05
767	-6.386	-6.38585	2.76572e-05
768	-6.38517	-6.38585	2.76353e-05
769	-6.3869	-6.38585	2.76331e-05
770	-6.38621	-6.38585	2.76013e-05
771	-6.38609	-6.38585	2.75673e-05
772	-6.38567	-6.38585	2.75325e-05
773	-6.38572	-6.38585	2.74974e-05
774	-6.38535	-6.38585	2.74695e-05
775	-6.38613	-6.38585	2.74365e-05
776	-6.38607	-6.38585	2.74027e-05
777	-6.38587	-6.38585	2.73674e-05
778	-6.38661	-6.38585	2.73499e-05
779	-6.38726	-6.38585	2.73746e-05
780	-6.38486	-6.38585	2.73691e-05
781	-6.38781	-6.38585	2.74485e-05
782	-6.38721	-6.38585	2.74687e-05
783	-6.3867	-6.38585	2.74551e-05
784	-6.38625	-6.38585	2.74248e-05
785	-6.38561	-6.38585	2.73917e-05
786	-6.38713	-6.38586	2.74048e-05
787	-6.38681	-6.38586	2.73966e-05
788	-6.38761	-6.38586	2.74524e-05
789	-6.38541	-6.38586	2.74235e-05
790	-6.38595	-6.38586	2.73891e-05
791	-6.38644	-6.38586	2.73644e-05
792	-6.38626	-6.38586	2.73345e-05
793	-6.3871	-6.38586	2.73444e-05
794	-6.38579	-6.38586	2.73101e-05
795	-6.38616	-6.38586	2.72784e-05
796	-6.38624	-6.38586	2.72483e-05
797	-6.38623	-6.38586	2.7218e-05
798	-6.38436	-6.38586	2.72486e-05
799	-6.38465	-6.38586	2.72564e-05
800	-6.3874	-6.38586	2.729e-05
801	-6.38579	-6.38586	2.7256e-05
802	-6.38548	-6.38586	2.72262e-05
803	-6.3872	-6.38586	2.72436e-05
804	-6.3875	-6.38586	2.72856e-05
805	-6.3872	-6.38587	2.73019e-05
806	-6.38679	-6.38587	2.72923e-05
807	-6.38626	-6.38587	2.72628e-05
808	-6.3843	-6.38587	2.72983e-05
809	-6.38741	-6.38587	2.73316e-05
810	-6.3864	-6.38587	2.73056e-05
811	-6.38603	-6.38587	2.72727e-05
812	-6.38618	-6.38587	2.72418e-05
813	-6.38785	-6.38587	2.73174e-05
814	-6.38641	-6.38587	2.72918e-05
815	-6.38553	-6.38587	2.72616e-05
816	-6.38565	-6.38587	2.72296e-05
817	-6.38634	-6.38587	2.72023e-05
818	-6.38486	-6.38587	2.71971e-05
819	-6.38609	-6.38587	2.71652e-05
820	-6.38662	-6.38587	2.71474e-05
821	-6.3865	-6.38587	2.71251e-05
822	-6.38697	-6.38587	2.7125e-05
823	-6.38563	-6.38587	2.70937e-05
824	-6.38588	-6.38587	2.70608e-05
825	-6.38683	-6.38587	2.70528e-05
826	-6.3867	-6.38588	2.70384e-05
827	-6.38683	-6.38588	2.70305e-05
828	-6.38579	-6.38588	2.69981e-05
829	-6.38635	-6.38588	2.69717e-05
830	-6.38608	-6.38588	2.69402e-05
831	-6.38666	-6.38588	2.69241e-05
832	-6.38467	-6.38588	2.69309e-05
833	-6.38509	-6.38588	2.69152e-05
834	-6.38539	-6.38588	2.68892e-05
835	-6.38598	-6.38588	2.68573e-05
836	-6.38588	-6.38588	2.68252e-05
837	-6.38627	-6.38588	2.67974e-05
838	-6.3869	-6.38588	2.67934e-05
839	-6.38754	-6.38588	2.68349e-05
840	-6.38547	-6.38588	2.68073e-05
841	-6.38554	-6.38588	2.67784e-05
842	-6.3858	-6.38588	2.67468e-05
843	-6.38652	-6.38588	2.67259e-05
844	-6.38605	-6.38588	2.66951e-05
845	-6.38571	-6.38588	2.66642e-05
846	-6.38802	-6.38588	2.67522e-05
847	-6.38723	-6.38588	2.6768e-05
848	-6.38541	-6.38588	2.67424e-05
849	-6.38649	-6.38588	2.67205e-05
850	-6.38736	-6.38589	2.67453e-05
851	-6.38419	-6.38588	2.67882e-05
852	-6.38543	-6.38588	2.6762e-05
853	-6.38646	-6.38588	2.67393e-05
854	-6.38592	-6.38588	2.6708e-05
855	-6.38603	-6.38588	2.66773e-05
856	-6.38663	-6.38588	2.66604e-05
857	-6.38518	-6.38588	2.6642e-05
858	-6.38685	-6.38588	2.66347e-05
859	-6.38591	-6.38588	2.66037e-05
860	-6.38613	-6.38588	2.65743e-05
861	-6.38544	-6.38588	2.65484e-05
862	-6.38734	-6.38589	2.65709e-05
863	-6.38632	-6.38589	2.65448e-05
864	-6.38519	-6.38589	2.65262e-05
865	-6.38561	-6.38589	2.64975e-05
866	-6.38684	-6.38589	2.64899e-05
867	-6.38614	-6.38589	2.64609e-05
868	-6.38579	-6.38589	2.64307e-05
869	-6.38586	-6.38589	2.64003e-05
870	-6.38536	-6.38589	2.63768e-05
871	-6.38646	-6.38589	2.63548e-05
872	-6.38514	-6.38589	2.63386e-05
873	-6.38618	-6.38589	2.63106e-05
874	-6.38597	-6.38589	2.62807e-05
875	-6.38502	-6.38589	2.62694e-05
876	-6.38505	-6.38588	2.62569e-05
877	-6.38526	-6.38588	2.62365e-05
878	-6.38483	-6.38588	2.62342e-05
879	-6.38402	-6.38588	2.629e-05
880	-6.38526	-6.38588	2.62695e-05
881	-6.38528	-6.38588	2.62485e-05
882	-6.38532	-6.38588	2.62264e-05
883	-6.38554	-6.38588	2.61995e-05
884	-6.38651	-6.38588	2.61797e-05
885	-6.38571	-6.38588	2.61508e-05
886	-6.38527	-6.38588	2.61303e-05
887	-6.38576	-6.38588	2.61012e-05
888	-6.3874	-6.38588	2.61278e-05
889	-6.38575	-6.38588	2.60988e-05
890	-6.38577	-6.38588	2.60697e-05
891	-6.38753	-6.38588	2.61066e-05
892	-6.38726	-6.38588	2.61232e-05
893	-6.38485	-6.38588	2.61198e-05
894	-6.38595	-6.38588	2.60907e-05
895	-6.38699	-6.38588	2.60911e-05
896	-6.38616	-6.38588	2.60638e-05
897	-6.38627	-6.38588	2.60383e-05
898	-6.38553	-6.38588	2.60123e-05
899	-6.38609	-6.38588	2.59844e-05
900	-6.38606	-6.38588	2.59562e-05
901	-6.3875	-6.38589	2.59894e-05
902	-6.38755	-6.38589	2.60263e-05
903	-6.38622	-6.38589	2.60001e-05
904	-6.38594	-6.38589	2.59714e-05
905	-6.38627	-6.38589	2.59462e-05
906	-6.38534	-6.38589	2.59245e-05
907	-6.38518	-6.38589	2.59076e-05
908	-6.3868	-6.38589	2.58986e-05
909	-6.38563	-6.38589	2.58716e-05
910	-6.38644	-6.38589	2.58504e-05
911	-6.38556	-6.38589	2.58246e-05
912	-6.38514	-6.38589	2.58093e-05
913	-6.38563	-6.38589	2.57826e-05
914	-6.38482	-6.38589	2.57808e-05
915	-6.38584	-6.38589	2.57527e-05
916	-6.38719	-6.38589	2.57641e-05
917	-6.3847	-6.38589	2.57686e-05
918	-6.38687	-6.38589	2.57628e-05
919	-6.38592	-6.38589	2.57347e-05
920	-6.38497	-6.38589	2.57258e-05
921	-6.38719	-6.38589	2.57367e-05
922	-6.38639	-6.38589	2.57145e-05
923	-6.38593	-6.38589	2.56867e-05
924	-6.38503	-6.38589	2.56755e-05
925	-6.38493	-6.38589	2.56685e-05
926	-6.3865	-6.38589	2.56493e-05
927	-6.38551	-6.38589	2.56248e-05
928	-6.3856	-6.38589	2.5599e-05
929	-6.38624	-6.38589	2.55743e-05
930	-6.38676	-6.38589	2.5564e-05
931	-6.38513	-6.38589	2.55496e-05
932	-6.38505	-6.38589	2.55378e-05
933	-6.3852	-6.38588	2.55209e-05
934	-6.38629	-6.38588	2.54972e-05
935	-6.38685	-6.38589	2.5491e-05
936	-6.38672	-6.38589	2.54793e-05
937	-6.38496	-6.38589	2.54712e-05
938	-6.38622	-6.38589	2.54465e-05
939	-6.38662	-6.38589	2.54315e-05
940	-6.38572	-6.38589	2.5405e-05
941	-6.38686	-6.38589	2.53992e-05
942	-6.38656	-6.38589	2.53823e-05
943	-6.38458	-6.38589	2.53931e-05
944	-6.38549	-6.38589	2.53696e-05
945	-6.38457	-6.38589	2.53807e-05
946	-6.38582	-6.38589	2.5354e-05
947	-6.38666	-6.38589	2.53405e-05
948	-6.38504	-6.38589	2.53293e-05
949	-6.3846	-6.38588	2.53389e-05
950	-6.38618	-6.38588	2.53142e-05
951	-6.38548	-6.38588	2.52912e-05
952	-6.38473	-6.38588	2.52936e-05
953	-6.38633	-6.38588	2.52715e-05
954	-6.38546	-6.38588	2.52489e-05
955	-6.38609	-6.38588	2.52234e-05
956	-6.38484	-6.38588	2.52206e-05
957	-6.38503	-6.38588	2.52099e-05
958	-6.38519	-6.38588	2.5194e-05
959	-6.38556	-6.38588	2.51699e-05
960	-6.38506	-6.38588	2.51582e-05
961	-6.38472	-6.38588	2.51607e-05
962	-6.38648	-6.38588	2.51424e-05
963	-6.38511	-6.38588	2.51288e-05
964	-6.3851	-6.38588	2.51157e-05
965	-6.38583	-6.38588	2.50897e-05
966	-6.38507	-6.38588	2.50777e-05
967	-6.38478	-6.38587	2.50775e-05
968	-6.38652	-6.38588	2.50605e-05
969	-6.38551	-6.38587	2.50375e-05
970	-6.3859	-6.38587	2.50117e-05
971	-6.38654	-6.38588	2.49952e-05
972	-6.38629	-6.38588	2.49731e-05
973	-6.38676	-6.38588	2.49639e-05
974	-6.38527	-6.38588	2.49459e-05
975	-6.38591	-6.38588	2.49204e-05
976	-6.38529	-6.38588	2.49022e-05
977	-6.38541	-6.38588	2.48813e-05
978	-6.38592	-6.38588	2.48559e-05
979	-6.38649	-6.38588	2.48383e-05
980	-6.38635	-6.38588	2.48178e-05
981	-6.38614	-6.38588	2.47939e-05
982	-6.38572	-6.38588	2.47692e-05
983	-6.38579	-6.38588	2.47441e-05
984	-6.38576	-6.38588	2.47193e-05
985	-6.38505	-6.38588	2.47084e-05
986	-6.38647	-6.38588	2.46906e-05
987	-6.38787	-6.38588	2.47477e-05
988	-6.38748	-6.38588	2.47755e-05
989	-6.38705	-6.38588	2.47786e-05
990	-6.38623	-6.38588	2.47562e-05
991	-6.38661	-6.38588	2.47422e-05
992	-6.3863	-6.38588	2.47209e-05
993	-6.38572	-6.38588	2.46965e-05
994	-6.3852	-6.38588	2.46813e-05
995	-6.3856	-6.38588	2.46581e-05
996	-6.38559	-6.38588	2.46351e-05
997	-6.38449	-6.38588	2.46497e-05
998	-6.38661	-6.38588	2.4636e-05
999	-6.38586	-6.38588	2.46113e-05
1000	-6.38616	-6.38588	2.45883e-05
