1.32131	0	4.61274	0
1.39406	0.0727451	4.77555	0.162802
1.42326	0.0511538	4.99217	0.236138
1.46887	0.0582102	5.04376	0.174763
1.46045	0.0458683	4.98444	0.147799
1.46113	0.0374575	4.98639	0.120693
1.44504	0.0355105	4.97356	0.102807
1.42311	0.0377738	4.96878	0.0891622
1.43329	0.0348347	4.95046	0.0807378
1.44982	0.035269	4.93181	0.0745833
1.43757	0.0341713	4.91964	0.0685535
1.44939	0.0333555	4.94095	0.0661117
1.44774	0.0307264	4.9606	0.0639072
1.4421	0.0290011	4.97327	0.0605086
1.45014	0.0281682	4.95846	0.0582436
1.45627	0.0270541	4.98524	0.0607075
1.45859	0.0255183	4.99165	0.0573841
1.46124	0.0242045	4.98469	0.0545493
1.46858	0.0240413	5.01761	0.0612057
1.4621	0.0237079	5.00849	0.0587758
1.46982	0.0238344	5.01887	0.0568621
1.47667	0.0237348	5.02019	0.054232
1.48054	0.0230071	5.04525	0.0575601
1.48666	0.0228622	5.05831	0.0566361
1.47972	0.0230016	5.04467	0.0560093
1.47632	0.0223585	5.04373	0.0538201
1.47426	0.0216131	5.03664	0.0522721
1.47156	0.0210006	5.02407	0.0519138
1.47797	0.0212531	5.0136	0.0511741
1.47592	0.0206347	5.02446	0.0506161
1.48281	0.021113	5.02578	0.048974
1.48057	0.0205647	5.0193	0.04786
1.48115	0.0199402	5.00306	0.0491479
1.48518	0.0197602	4.99643	0.0481392
1.48295	0.0193158	4.99649	0.0467436
1.48085	0.0188893	4.99208	0.0456408
1.48268	0.0184628	4.98634	0.0447597
1.48404	0.0180215	4.97977	0.0440573
1.48476	0.0175681	4.98585	0.0433408
1.48333	0.0171825	4.97714	0.043132
1.49096	0.0184131	4.98763	0.0433555
1.49429	0.0182741	4.98994	0.0423733
1.49321	0.0178766	4.98595	0.0415672
1.49605	0.017696	4.98848	0.0406897
1.4966	0.0173068	4.98481	0.039944
1.50063	0.0174014	4.98581	0.0390788
1.49698	0.0174157	4.98149	0.0384812
1.49701	0.017049	4.9666	0.0405073
1.49776	0.0167142	4.97077	0.0398902
1.49227	0.0172725	4.95634	0.0416628
1.48884	0.017275	4.9518	0.0410893
1.48808	0.0169565	4.9545	0.0403821
1.48628	0.0167308	4.94775	0.0401843
1.48932	0.0166978	4.95677	0.040451
1.49299	0.0167973	4.97172	0.0424323
1.49305	0.0164947	4.98015	0.0425115
1.4933	0.0162046	4.98494	0.0420322
1.49649	0.0162397	4.99283	0.0420488
1.49387	0.0161757	4.99513	0.0413939
1.49611	0.0160608	5.00282	0.0414185
1.49674	0.0158081	5.00152	0.0407546
1.49555	0.0155966	5.00218	0.0400972
1.49768	0.0154937	5.01023	0.0402688
1.499	0.0153071	5.01227	0.0396872
1.4983	0.0150863	5.01248	0.0390724
1.49657	0.0149564	5.00884	0.0386475
1.4986	0.0148714	5.01318	0.0383134
1.49621	0.0148454	5.00868	0.0380135
1.49423	0.0147623	5.00135	0.038168
1.49348	0.0145688	4.99663	0.0379141
1.49687	0.0147564	5.00367	0.0380338
1.49516	0.0146502	4.99566	0.0383472
1.49598	0.0144717	5.00388	0.0387
1.49472	0.0143305	5.00165	0.0382381
1.49878	0.0147088	5.00855	0.0383505
1.49872	0.0145141	5.00791	0.0378481
1.49731	0.014394	5.00344	0.0376191
1.49574	0.0142948	4.99936	0.0373573
1.49506	0.014129	4.99798	0.0369074
1.49682	0.0140618	5.00166	0.0366292
1.49854	0.0139931	4.9992	0.0362582
1.49833	0.0138229	5.00508	0.0362934
1.50154	0.0140267	5.00033	0.0361668
1.50152	0.0138587	4.99916	0.0357529
1.49957	0.0138323	4.99425	0.0356691
1.49706	0.0138995	4.99261	0.0352901
1.49578	0.0137985	4.99289	0.0348833
1.49535	0.0136474	4.98997	0.034608
1.49436	0.0135296	4.98871	0.0342402
1.49407	0.0133816	4.98679	0.0339122
1.49306	0.013272	4.9824	0.0338232
1.49307	0.0131269	4.98306	0.0334601
1.49358	0.0129946	4.98738	0.0333787
1.49392	0.0128604	4.98139	0.0335603
1.49232	0.0128247	4.98311	0.0332493
1.49156	0.0127131	4.9814	0.0329453
1.49068	0.0126127	4.98321	0.032654
1.49232	0.0125913	4.98818	0.0326988
1.49236	0.0124635	4.98461	0.0325623
1.49374	0.0124158	4.9858	0.0322568
1.49514	0.0123718	4.98233	0.0321238
1.494	0.0123033	4.98464	0.0318912
1.49268	0.012254	4.98509	0.0315834
1.49414	0.012223	4.9845	0.0312839
1.49154	0.0123818	4.97811	0.0316367
1.48941	0.0124496	4.97419	0.0315802
1.49298	0.0128394	4.97711	0.0314194
1.49346	0.0127293	4.98101	0.0313705
1.49356	0.0126124	4.98157	0.0310864
1.49253	0.01254	4.98096	0.0308086
1.4915	0.012469	4.98063	0.0305315
1.49106	0.0123649	4.97914	0.0302946
1.48873	0.012475	4.97617	0.0301722
1.49045	0.0124834	4.97546	0.0299146
1.48922	0.0124351	4.97533	0.0296537
1.48986	0.0123442	4.97387	0.0294328
1.48914	0.0122595	4.97273	0.0292027
1.49018	0.0121994	4.97388	0.0289772
1.4912	0.0121394	4.97503	0.0287556
1.48918	0.012205	4.97447	0.0285205
1.48718	0.0122686	4.97165	0.0284242
1.48965	0.0124168	4.9767	0.0286393
1.49001	0.0123205	4.97438	0.0285
1.49103	0.0122637	4.97359	0.0282803
1.49057	0.0121741	4.97339	0.0280538
1.49045	0.0120777	4.97324	0.0278307
1.48961	0.0120113	4.96985	0.0278187
1.48851	0.0119675	4.96997	0.0276008
1.48736	0.0119305	4.96641	0.0276157
1.48788	0.0118501	4.97174	0.0279144
1.4882	0.0117637	4.97321	0.0277397
1.48719	0.0117183	4.97409	0.0275428
1.48748	0.0116335	4.9748	0.0273442
1.48741	0.0115466	4.97781	0.027306
1.48781	0.0114678	4.97736	0.0271067
1.48988	0.01157	4.97864	0.0269367
1.49162	0.0116162	4.98225	0.0269818
1.4905	0.0115864	4.9837	0.026825
1.49123	0.011526	4.98439	0.0266404
1.49206	0.0114734	4.98463	0.0264505
1.4924	0.0113967	4.98924	0.0266639
1.4946	0.0115287	4.99204	0.0266229
1.49399	0.0114642	4.99078	0.0264658
1.49368	0.0113885	4.99115	0.0262839
1.49448	0.0113384	4.99386	0.0262425
1.49391	0.0112751	4.99508	0.0260906
1.494	0.0111985	4.99881	0.0261803
1.49353	0.0111324	4.99551	0.0262121
1.49228	0.0111281	4.99502	0.0260401
1.49169	0.0110693	4.99231	0.0260071
1.49115	0.011009	4.99161	0.025844
1.49059	0.0109508	4.99076	0.0256873
1.4905	0.0108793	4.98965	0.025543
1.49105	0.0108227	4.98962	0.0253766
1.49066	0.0107599	4.98943	0.0252131
1.49231	0.0108173	4.99485	0.0256296
1.49199	0.0107528	4.99482	0.0254658
1.4944	0.0109531	5.00067	0.0259708
1.49465	0.0108868	5.00117	0.0258119
1.49396	0.0108404	4.9982	0.0258212
1.49488	0.0108117	5.00149	0.0258702
1.494	0.0107803	5.00162	0.0257103
1.49424	0.0107167	5.00164	0.0255521
1.49378	0.0106612	5.00226	0.0254034
1.493	0.010625	5.00186	0.0252522
1.49246	0.0105746	5.00333	0.025143
1.49345	0.0105572	5.00375	0.0249955
1.49224	0.010564	5.00204	0.024905
1.49189	0.0105071	5.00205	0.0247572
1.49091	0.0104911	5.0008	0.0246427
1.49045	0.0104393	4.99957	0.024529
1.48985	0.0103961	4.99967	0.0243862
1.49007	0.0103383	4.99945	0.0242458
1.48965	0.0102872	4.99716	0.024215
1.49005	0.010236	4.99673	0.02408
1.49072	0.0101998	4.99627	0.0239474
1.48978	0.0101861	4.99218	0.0241598
1.48936	0.0101374	4.99075	0.0240664
1.48978	0.0100897	4.99136	0.0239395
1.49029	0.0100463	4.99187	0.0238114
1.49096	0.0100129	4.99431	0.023805
1.49086	0.00995823	4.99302	0.0237086
1.49124	0.00991101	4.99289	0.0235791
1.49225	0.00990871	4.99429	0.0234927
1.49103	0.00992948	4.99203	0.0234742
1.49195	0.00991875	4.99555	0.0236115
1.49358	0.00999832	4.99771	0.0235839
1.49375	0.0099464	4.99758	0.0234585
1.49317	0.0099106	4.99726	0.0233362
1.49227	0.00989852	4.99775	0.0232181
1.49347	0.00991892	4.99854	0.0231097
1.49393	0.00987795	4.9985	0.022989
1.49411	0.00982831	4.99958	0.0228947
1.49471	0.00979567	5.00152	0.0228588
1.49451	0.00974729	4.99982	0.0228045
1.4946	0.00969784	4.99891	0.0227059
1.49433	0.00965226	4.99831	0.0225985
1.49485	0.00961747	4.99795	0.0224869
1.49529	0.00957881	4.99705	0.0223917
1.4958	0.00954455	4.99728	0.0222807
1.49613	0.00950281	4.99772	0.0221738
1.49597	0.00945699	4.99761	0.022064
1.49615	0.00941203	4.99759	0.0219551
1.49649	0.0093717	4.99695	0.0218567
1.49614	0.00933221	4.99742	0.0217549
1.4961	0.0092869	4.99664	0.021663
1.49578	0.00924726	4.99718	0.021565
1.49512	0.00922663	4.99655	0.0214704
1.49616	0.00924065	4.99789	0.0214093
1.49687	0.00922454	4.9998	0.0213925
1.49743	0.00919725	4.9984	0.0213365
1.49819	0.00918568	4.99855	0.0212362
1.49844	0.00914588	4.99846	0.0211365
1.49782	0.00912413	4.99874	0.0210393
1.49815	0.00908742	5.00142	0.0211114
1.49787	0.00904945	5.00145	0.0210135
1.49881	0.00905685	5.00084	0.0209252
1.49841	0.00902422	5.00047	0.0208323
1.49893	0.0089979	5.0001	0.0207402
1.49773	0.00903633	4.99707	0.0208681
1.49741	0.00900115	4.99714	0.0207735
1.49835	0.00900935	4.99773	0.0206884
1.49853	0.00897079	4.99728	0.0206004
1.49841	0.00893153	4.99854	0.020547
1.49862	0.00889429	4.99801	0.0204625
1.49918	0.00887243	4.99712	0.020391
1.49936	0.0088351	4.99779	0.0203121
1.49886	0.00881061	4.99608	0.0202948
1.49925	0.00878101	4.99716	0.0202344
1.49887	0.00875141	4.99525	0.0202358
1.49931	0.00872498	4.99433	0.020169
1.49863	0.00871404	4.99331	0.020108
1.49824	0.00868551	4.99237	0.0200436
1.49801	0.00865143	4.99193	0.0199624
1.49923	0.00870165	4.99588	0.0202642
1.49894	0.00866983	4.99467	0.0202141
1.49881	0.0086341	4.99349	0.0201635
1.49933	0.00861367	4.99365	0.0200793
1.49952	0.00857967	4.99276	0.0200151
1.49904	0.0085575	4.99213	0.0199415
1.49873	0.0085275	4.9921	0.0198586
1.49957	0.00853401	4.99465	0.0199401
1.49948	0.00849931	4.99639	0.019934
1.49983	0.00847146	4.9974	0.0198778
1.49948	0.00844399	4.99931	0.0198881
1.49912	0.00841722	4.99809	0.0198444
1.49923	0.0083837	4.99898	0.019784
1.49938	0.00835123	4.99982	0.0197217
1.49914	0.00832106	4.99828	0.0197025
1.49876	0.0082964	4.99629	0.0197241
1.49773	0.0083278	4.99488	0.0196959
1.49777	0.00829482	4.99411	0.0196327
1.49788	0.0082626	4.9938	0.0195574
1.49848	0.00825251	4.99379	0.0194802
1.49895	0.00823331	4.99493	0.0194372
1.49915	0.00820352	4.99419	0.0193755
1.4986	0.00818989	4.9925	0.0193734
1.49803	0.00817808	4.99246	0.0192982
1.49794	0.008147	4.99214	0.0192262
1.49764	0.00812107	4.99086	0.019195
1.49643	0.00817993	4.98899	0.0192124
1.49654	0.00814947	4.9895	0.0191457
1.49637	0.00812027	4.98936	0.0190732
1.49625	0.00809032	4.98745	0.0190972
1.4968	0.00807816	4.98842	0.0190496
1.49724	0.00805986	4.99012	0.0190543
1.49692	0.00803607	4.98825	0.0190749
1.4972	0.00801098	4.98991	0.0190759
1.4978	0.00800371	4.98953	0.0190086
1.49723	0.00799395	4.98906	0.0189439
1.49764	0.00797458	4.98936	0.0188761
1.49746	0.00794716	4.99036	0.0188333
1.49719	0.00792257	4.98883	0.0188265
1.49792	0.00792736	4.98913	0.01876
1.49867	0.0079334	4.9902	0.0187223
1.49881	0.00790585	4.98996	0.0186559
1.49816	0.00790336	4.98992	0.0185885
1.49966	0.0080156	4.99245	0.0186935
1.49995	0.0079922	4.99258	0.0186268
1.49966	0.0079691	4.99138	0.018599
1.50018	0.00795789	4.99111	0.0185347
1.5003	0.0079305	4.9915	0.0184731
1.49962	0.00793137	4.99039	0.0184413
1.49907	0.00792228	4.98918	0.0184162
1.49877	0.00790014	4.98867	0.0183584
1.49824	0.00789053	4.98749	0.0183321
1.49885	0.00788666	4.98895	0.0183263
1.49858	0.00786404	4.98873	0.0182638
1.49868	0.00783753	4.9873	0.018257
1.4979	0.00785013	4.98677	0.0182014
1.49743	0.00783711	4.9854	0.018191
1.4971	0.00781707	4.98452	0.0181497
1.49648	0.00781539	4.98621	0.0181664
1.49587	0.00781261	4.98494	0.0181491
1.4954	0.00779995	4.9834	0.018153
1.49475	0.00780054	4.98306	0.0180947
1.49464	0.00777507	4.98299	0.0180338
1.49568	0.00781881	4.98604	0.0182301
1.49638	0.0078238	4.98626	0.0181703
1.49702	0.00782389	4.98749	0.0181514
1.49764	0.0078222	4.98983	0.0182413
1.49739	0.00780004	4.98823	0.018251
1.49712	0.00777907	4.98681	0.0182462
1.49732	0.00775595	4.98842	0.0182568
1.49758	0.00773506	4.99026	0.0182901
1.49751	0.00771013	4.99104	0.0182469
1.49776	0.00768926	4.99099	0.0181874
1.49744	0.00767099	4.99003	0.0181533
1.49816	0.00768019	4.99023	0.0180955
1.49844	0.00766021	4.99066	0.0180421
1.49815	0.00764083	4.98933	0.0180333
1.49849	0.00762402	4.98993	0.0179855
1.49913	0.00762647	4.9914	0.017988
1.49884	0.0076078	4.99124	0.0179312
1.49892	0.00758398	4.99104	0.0178754
1.49868	0.00756357	4.98999	0.0178493
1.49856	0.00754071	4.98923	0.0178091
1.49813	0.0075288	4.98936	0.0177535
1.49777	0.00751402	4.98819	0.0177366
1.4978	0.00749057	4.9858	0.0178419
1.4983	0.00748367	4.98609	0.0177887
1.4988	0.0074771	4.98771	0.0178075
1.49858	0.00745695	4.98891	0.0177929
1.49822	0.00744296	4.98783	0.0177711
1.4978	0.00743158	4.98772	0.0177167
1.49768	0.00740982	4.98639	0.017712
1.49832	0.00741479	4.98736	0.0176842
1.4979	0.00740391	4.98704	0.0176331
1.49765	0.00738562	4.98747	0.0175848
1.49766	0.00736321	4.98815	0.0175447
1.49753	0.00734196	4.98919	0.0175225
1.4979	0.0073292	4.99043	0.0175134
1.49748	0.00731968	4.98929	0.0174983
1.49687	0.00732259	4.98884	0.0174515
1.49694	0.00730097	4.98978	0.0174245
1.49646	0.00729472	4.9903	0.0173806
1.49629	0.00727509	4.99217	0.0174292
1.49669	0.00726479	4.99162	0.0173863
1.49646	0.00724715	4.99084	0.0173527
1.49675	0.00723187	4.99019	0.0173137
1.49678	0.00721068	4.98978	0.0172677
1.49721	0.00720265	4.99226	0.0173958
1.49761	0.00719225	4.99339	0.0173816
1.49771	0.00717202	4.99357	0.017332
1.49755	0.00715298	4.99282	0.0172981
1.49691	0.00716042	4.99217	0.0172601
1.49666	0.00714406	4.9915	0.0172234
1.49646	0.00712641	4.99043	0.0172072
1.49709	0.00713349	4.99095	0.0171659
1.49657	0.0071315	4.98987	0.0171513
1.49608	0.00712831	4.98884	0.0171334
1.49615	0.00710838	4.98897	0.0170851
1.49595	0.00709118	4.98898	0.0170367
1.49635	0.00708277	4.99091	0.0170971
1.49698	0.00709031	4.9918	0.0170724
1.49724	0.00707524	4.99125	0.0170332
1.4973	0.00705563	4.99201	0.0170023
1.49686	0.00704938	4.99208	0.0169549
1.4971	0.0070337	4.99246	0.0169119
1.4972	0.00701482	4.99251	0.0168649
1.49688	0.00700254	4.99176	0.0168346
1.49652	0.00699258	4.99058	0.0168297
1.49677	0.00697779	4.98974	0.016804
1.49676	0.0069586	4.98995	0.016759
1.49722	0.0069545	4.99081	0.0167355
1.49735	0.00693675	4.9904	0.0166948
1.49737	0.00691785	4.98965	0.0166662
1.49733	0.00689912	4.98884	0.0166404
1.49802	0.00691445	4.98958	0.0166114
1.49809	0.00689608	4.98975	0.0165673
1.49868	0.00690292	4.99065	0.0165472
1.49893	0.00688899	4.9918	0.0165423
1.49906	0.00687171	4.99148	0.0165009
1.49899	0.0068537	4.99232	0.0164784
1.4989	0.00683592	4.99267	0.016438
1.49889	0.00681772	4.99236	0.0163972
1.49894	0.00679979	4.99182	0.0163627
1.49882	0.00678293	4.99185	0.0163193
1.49815	0.00679763	4.99042	0.0163383
1.49769	0.00679554	4.98943	0.0163257
1.49774	0.00677785	4.98976	0.0162862
1.49873	0.00683263	4.99203	0.0164019
1.49841	0.00682251	4.99086	0.0164011
1.49862	0.00680817	4.99285	0.0164794
1.4984	0.00679409	4.9922	0.0164495
1.49821	0.00677908	4.99096	0.0164536
1.49844	0.00676542	4.99139	0.0164168
1.49855	0.00674889	4.99077	0.0163863
1.49809	0.00674778	4.98995	0.0163646
1.49813	0.00673063	4.98932	0.0163348
1.49806	0.00671383	4.9891	0.0162945
1.49798	0.00669711	4.98814	0.0162811
1.4982	0.0066835	4.9879	0.0162414
1.49767	0.00668713	4.98711	0.0162193
1.49783	0.00667209	4.98628	0.0161995
1.49772	0.00665616	4.98561	0.0161722
1.49758	0.00664077	4.98565	0.0161315
1.49769	0.00662486	4.98787	0.0162432
1.49882	0.00670544	4.9892	0.0162574
1.49926	0.00670282	4.98823	0.0162456
1.49915	0.00668699	4.98826	0.016205
1.49917	0.00667038	4.98989	0.0162472
1.49878	0.0066656	4.98905	0.0162286
1.49848	0.0066559	4.98884	0.0161897
1.49847	0.00663945	4.9895	0.0161632
1.499	0.00664407	4.98945	0.0161234
1.49912	0.00662878	4.9889	0.0160934
1.49925	0.00661389	4.98862	0.0160562
1.49937	0.00659875	4.98867	0.016017
1.49906	0.00659012	4.98789	0.0159971
1.49898	0.00657452	4.98691	0.0159881
1.49871	0.00656423	4.98564	0.0159993
1.49842	0.00655454	4.98481	0.015982
1.49847	0.00653887	4.98414	0.0159578
1.49863	0.00652519	4.98414	0.0159193
1.49861	0.00650953	4.98361	0.0158897
1.49829	0.0065019	4.98272	0.0158763
1.49822	0.00648668	4.98138	0.0158951
1.49814	0.00647162	4.9813	0.0158573
1.49777	0.00646699	4.9817	0.0158244
1.49795	0.00645414	4.9818	0.0157871
1.49784	0.00643983	4.98169	0.01575
1.49779	0.00642475	4.9807	0.0157439
1.49755	0.00641415	4.97961	0.0157441
1.49744	0.00639999	4.97967	0.0157071
1.49679	0.00641755	4.97799	0.0157606
1.4965	0.0064094	4.97822	0.0157254
1.49628	0.006398	4.97714	0.0157263
1.49662	0.00639179	4.97821	0.0157261
1.49677	0.00637872	4.97931	0.0157281
1.49643	0.00637307	4.97939	0.0156918
1.49655	0.00635955	4.97883	0.0156651
1.49647	0.00634534	4.97889	0.0156289
1.49632	0.00633254	4.97871	0.015594
1.49627	0.0063182	4.97974	0.0155924
1.49647	0.00630707	4.97962	0.015557
1.49632	0.00629444	4.98002	0.0155266
1.49668	0.00629021	4.9806	0.0155018
1.49686	0.00627839	4.98169	0.0155046
1.49674	0.00626516	4.98137	0.0154725
1.49677	0.00625098	4.98154	0.0154382
1.49697	0.00624025	4.98165	0.0154036
1.4972	0.00623037	4.98364	0.0154979
1.49679	0.0062298	4.98424	0.0154745
1.49662	0.00621831	4.98476	0.0154483
1.49615	0.00622199	4.98404	0.0154302
1.49634	0.0062112	4.98443	0.0154006
1.49648	0.00619875	4.9844	0.0153662
1.49632	0.00618704	4.98487	0.0153392
1.49623	0.00617388	4.98554	0.0153194
1.4963	0.00616061	4.98509	0.0152919
1.49639	0.00614765	4.98387	0.0153069
1.4967	0.00614176	4.98461	0.0152912
1.49657	0.0061297	4.98426	0.0152616
1.4965	0.00611664	4.98463	0.0152324
1.49651	0.00610322	4.98573	0.0152392
1.49654	0.00608993	4.98734	0.0152907
1.49639	0.00607838	4.98621	0.0152993
1.49603	0.00607577	4.986	0.0152674
1.49591	0.00606385	4.98614	0.0152349
1.49574	0.00605286	4.98554	0.0152135
1.49556	0.00604268	4.98538	0.0151815
1.49563	0.0060301	4.98645	0.0151863
1.49544	0.00602013	4.98674	0.0151565
1.495	0.00602322	4.98542	0.0151819
1.4956	0.00604025	4.98591	0.0151572
1.49609	0.0060467	4.98523	0.01514
1.49612	0.00603386	4.98472	0.0151162
1.49598	0.00602253	4.98366	0.0151209
1.49568	0.00601712	4.98289	0.0151086
1.49568	0.00600433	4.98315	0.0150787
1.49597	0.00599874	4.98361	0.0150538
1.49554	0.00600169	4.98223	0.0150848
1.49522	0.0059977	4.98165	0.0150643
1.49493	0.00599209	4.98129	0.0150368
1.49466	0.00598518	4.98138	0.0150054
1.49514	0.00599127	4.98108	0.014977
1.49516	0.00597876	4.98073	0.0149498
1.49486	0.00597396	4.97898	0.0150204
1.49485	0.0059615	4.97852	0.014996
1.49488	0.00594916	4.97926	0.0149831
1.49505	0.00593925	4.97946	0.0149534
1.49462	0.00594235	4.97906	0.0149279
1.49487	0.00593518	4.97941	0.0149013
1.49558	0.00596604	4.98031	0.0148972
1.49606	0.00597286	4.98112	0.0148886
1.49579	0.00596654	4.98138	0.0148604
1.49544	0.0059645	4.9812	0.014831
1.4951	0.00596198	4.98064	0.0148112
1.49495	0.00595188	4.98062	0.014781
1.49527	0.00594868	4.98072	0.0147512
1.4951	0.00593919	4.98041	0.0147243
1.49502	0.0059276	4.98015	0.0146967
1.49486	0.00591782	4.98102	0.0146927
1.49458	0.00591241	4.9807	0.0146664
1.49444	0.00590222	4.98066	0.0146369
1.495	0.00591717	4.98191	0.0146608
1.49485	0.00590722	4.98168	0.0146332
1.49472	0.00589677	4.98079	0.0146311
1.49432	0.00589875	4.98019	0.0146141
1.49431	0.00588697	4.9802	0.014585
1.49464	0.00588471	4.98067	0.0145634
1.49442	0.00587712	4.98055	0.0145349
1.49442	0.00586545	4.98063	0.0145063
1.49438	0.00585394	4.98097	0.0144817
1.49437	0.00584237	4.98158	0.0144659
1.49407	0.00583858	4.98076	0.0144607
1.4941	0.00582715	4.98184	0.0144724
1.49356	0.00584058	4.98177	0.0144441
1.49345	0.00583011	4.98178	0.0144157
1.49376	0.00582704	4.98294	0.0144338
1.494	0.00582053	4.98462	0.0145034
1.4941	0.00581001	4.98544	0.0144986
1.49425	0.00580065	4.98565	0.0144718
1.49515	0.00585907	4.98802	0.0146372
1.49498	0.00585006	4.98845	0.0146151
1.49492	0.00583906	4.9877	0.0146059
1.49512	0.00583111	4.9871	0.01459
1.49513	0.00581988	4.9879	0.014584
1.495	0.00581017	4.98736	0.0145658
1.49476	0.00580394	4.98757	0.0145392
1.49426	0.00581445	4.98723	0.0145152
1.4946	0.00581361	4.9874	0.0144883
1.49432	0.00580964	4.9873	0.0144609
1.49431	0.00579857	4.98804	0.0144524
1.49458	0.00579378	4.9881	0.014425
1.49518	0.00581354	4.98844	0.0144016
1.49502	0.00580473	4.98764	0.0143965
1.49476	0.00579947	4.98731	0.0143731
1.49448	0.00579538	4.98683	0.014354
1.49423	0.00578982	4.98637	0.0143344
1.49407	0.00578112	4.98679	0.0143138
1.49398	0.00577105	4.98623	0.0142978
1.49389	0.00576083	4.98623	0.014271
1.49352	0.00576254	4.98568	0.0142549
1.49366	0.0057535	4.98483	0.0142537
1.49345	0.00574657	4.98493	0.0142274
1.49325	0.00573923	4.9846	0.0142048
1.49307	0.00573146	4.98477	0.0141794
1.49358	0.0057432	4.98573	0.0141852
1.4934	0.00573536	4.98608	0.0141632
1.49342	0.00572483	4.98659	0.0141463
1.49313	0.00572184	4.98597	0.0141339
1.49319	0.0057116	4.9859	0.014108
1.49334	0.0057031	4.98656	0.0140977
1.49311	0.00569721	4.98708	0.0140816
1.49302	0.00568756	4.98709	0.0140558
1.49247	0.00570345	4.9869	0.0140314
1.49271	0.00569797	4.98736	0.0140133
1.49278	0.00568813	4.98681	0.0139985
1.49268	0.0056788	4.98673	0.0139733
1.49273	0.00566876	4.98715	0.0139542
1.49253	0.00566191	4.98674	0.0139349
1.49269	0.00565379	4.98623	0.013919
1.49274	0.00564381	4.98657	0.0138981
1.4928	0.00563402	4.98685	0.013876
1.49271	0.00562473	4.9874	0.0138617
1.4926	0.00561563	4.98684	0.013848
1.49247	0.00560711	4.98745	0.0138366
1.4927	0.00560192	4.98823	0.0138337
1.49353	0.00565344	4.98944	0.0138617
1.49361	0.00564388	4.98967	0.0138391
1.49414	0.00565841	4.99151	0.0139368
1.49412	0.00564839	4.99097	0.0139228
1.49413	0.00563839	4.99118	0.0138997
1.49401	0.00562954	4.99093	0.0138772
1.4942	0.00562273	4.9911	0.0138537
1.49426	0.00561314	4.99104	0.0138294
1.49453	0.00560964	4.99102	0.0138051
1.4944	0.00560122	4.99174	0.0137996
1.494	0.00560567	4.99143	0.0137788
1.49382	0.00559886	4.99011	0.0138182
1.49351	0.00559748	4.98922	0.013823
1.49309	0.00560401	4.98873	0.0138075
1.49309	0.00559426	4.98843	0.0137866
1.49333	0.0055894	4.98867	0.0137647
1.49383	0.00560224	4.98944	0.0137624
1.49365	0.00559532	4.98886	0.013751
1.49359	0.00558604	4.98879	0.0137274
1.49327	0.00558562	4.98781	0.013738
1.49388	0.00561001	4.98833	0.0137241
1.49405	0.00560275	4.98843	0.0137009
1.49438	0.00560333	4.98906	0.0136921
1.49424	0.00559549	4.98845	0.0136822
1.49403	0.00558993	4.98819	0.0136613
1.49455	0.00560416	4.98969	0.0137198
1.49492	0.00560716	4.99158	0.0138259
1.49483	0.00559834	4.99126	0.0138061
1.49488	0.00558904	4.99155	0.0137857
1.49498	0.00558039	4.99232	0.0137839
1.49485	0.00557234	4.99236	0.0137606
1.4948	0.00556315	4.99224	0.0137378
1.49463	0.0055564	4.99219	0.0137148
1.49477	0.00554874	4.99159	0.0137048
1.49525	0.00556048	4.99187	0.0136848
1.49524	0.00555117	4.99081	0.0137035
1.49519	0.00554208	4.99073	0.0136807
1.4953	0.00553399	4.99048	0.01366
1.49552	0.00552898	4.9902	0.0136402
1.49517	0.00553092	4.98907	0.0136638
1.49526	0.00552247	4.98966	0.0136539
1.49503	0.00551795	4.98869	0.0136663
1.49535	0.0055179	4.98909	0.0136497
1.49522	0.00551029	4.98935	0.0136295
1.49561	0.00551482	4.99083	0.0136868
1.4954	0.00550978	4.99078	0.0136643
1.49538	0.0055007	4.99078	0.0136418
1.49567	0.00549886	4.99101	0.0136214
1.49587	0.00549355	4.99101	0.013599
1.49594	0.00548498	4.99144	0.0135834
1.49592	0.00547603	4.99098	0.0135688
1.49618	0.00547329	4.9907	0.0135495
1.49609	0.00546504	4.9906	0.0135278
1.4964	0.00546482	4.99157	0.0135403
1.49661	0.00545986	4.99214	0.0135302
1.49687	0.00545701	4.99238	0.0135105
1.49654	0.00545766	4.99226	0.0134891
1.49639	0.0054511	4.99236	0.0134677
1.49625	0.0054439	4.99255	0.0134472
1.49632	0.00543552	4.99317	0.01344
1.49659	0.00543343	4.99326	0.0134187
1.49661	0.00542475	4.99317	0.0133974
1.49659	0.00541611	4.9938	0.0133904
1.49647	0.00540861	4.99367	0.0133695
1.49652	0.00540012	4.9939	0.0133501
1.49636	0.00539369	4.99481	0.0133599
1.49679	0.00540242	4.99531	0.0133478
1.49652	0.00540077	4.99504	0.0133292
1.49649	0.00539225	4.99461	0.0133147
1.49631	0.00538681	4.99393	0.0133114
1.49634	0.00537834	4.9939	0.0132903
1.49631	0.00536989	4.99399	0.0132696
1.49629	0.00536144	4.99368	0.013252
1.49608	0.00535712	4.99341	0.0132339
1.49599	0.00534938	4.99276	0.0132293
1.49609	0.00534181	4.99331	0.0132199
1.49599	0.00533428	4.99315	0.0132001
1.49569	0.00533439	4.99217	0.0132152
1.49582	0.0053276	4.99184	0.0131987
1.4959	0.00531984	4.99207	0.0131801
1.49591	0.00531156	4.99204	0.0131596
1.49628	0.00531617	4.99245	0.0131454
1.49607	0.00531217	4.9922	0.0131274
1.49696	0.00537772	4.99355	0.0131773
1.49673	0.00537418	4.99366	0.0131572
1.4969	0.00536851	4.99389	0.0131388
1.49725	0.00537165	4.99393	0.0131185
1.49732	0.00536386	4.99348	0.0131058
1.49726	0.005356	4.9933	0.0130869
1.49718	0.00534825	4.99342	0.0130673
1.49686	0.00534983	4.99305	0.0130526
1.49715	0.00534967	4.99348	0.0130399
1.49749	0.00535178	4.99386	0.0130254
1.49744	0.00534378	4.99378	0.0130057
1.4973	0.00533736	4.99354	0.012988
1.49722	0.00532986	4.99293	0.0129824
1.49745	0.00532673	4.99383	0.0129937
1.49782	0.0053313	4.99402	0.0129754
1.49794	0.00532454	4.99473	0.0129749
1.49814	0.00532038	4.99547	0.0129764
1.49815	0.00531233	4.9958	0.0129611
1.49837	0.00530895	4.99641	0.0129555
1.49842	0.00530115	4.9961	0.0129397
1.49823	0.00529639	4.99626	0.0129213
1.4982	0.0052885	4.99565	0.0129162
1.49872	0.00530574	4.99686	0.0129533
1.49854	0.00530078	4.99651	0.0129385
1.49855	0.00529285	4.99642	0.0129195
1.49835	0.00528858	4.99523	0.0129551
1.49805	0.00528962	4.99425	0.0129731
1.49801	0.00528185	4.99487	0.0129687
1.49824	0.00527892	4.99621	0.0130183
1.49841	0.0052737	4.99677	0.0130111
1.49843	0.00526592	4.99685	0.012992
1.49827	0.00526055	4.99635	0.0129823
1.49815	0.00525419	4.99618	0.0129643
1.49828	0.00524809	4.99599	0.0129464
1.49855	0.00524718	4.9964	0.0129337
1.49854	0.00523946	4.99632	0.0129149
1.49831	0.0052367	4.99585	0.0129047
1.49826	0.00522924	4.99588	0.0128858
1.49827	0.00522157	4.99595	0.0128671
1.49814	0.00521546	4.99566	0.0128515
1.49813	0.00520783	4.9951	0.0128448
1.49826	0.00520162	4.99583	0.0128468
1.49862	0.0052068	4.99689	0.0128717
1.49855	0.00519964	4.99735	0.0128611
1.49871	0.00519445	4.99734	0.0128423
1.4987	0.00518692	4.99789	0.0128356
1.49866	0.00517954	4.99846	0.0128297
1.49848	0.00517515	4.99798	0.0128201
1.49831	0.00517053	4.99708	0.0128336
1.49872	0.00517932	4.99698	0.0128155
1.4983	0.00518923	4.99653	0.0128047
1.49802	0.00518896	4.99589	0.0128023
1.49792	0.0051826	4.99584	0.012784
1.498	0.00517581	4.99596	0.0127662
1.4979	0.00516939	4.9959	0.012748
1.49809	0.00516571	4.99598	0.01273
1.49819	0.00515925	4.99568	0.0127153
1.49831	0.00515331	4.99524	0.0127048
1.49827	0.00514612	4.99574	0.0126966
1.49835	0.00513932	4.9954	0.0126833
1.4982	0.00513415	4.99545	0.0126653
1.49827	0.00512738	4.99595	0.0126571
1.49815	0.00512157	4.99554	0.0126458
1.49805	0.00511531	4.9953	0.0126301
1.49777	0.00511541	4.99466	0.0126286
1.49786	0.00510889	4.99454	0.0126114
1.49789	0.00510177	4.99438	0.0125946
1.49776	0.00509629	4.99419	0.0125784
1.49806	0.00509805	4.99464	0.0125689
1.49806	0.00509089	4.9944	0.0125536
1.49838	0.00509369	4.99503	0.0125519
1.49822	0.00508896	4.99464	0.0125405
1.49785	0.00509564	4.99434	0.0125266
1.49763	0.00509305	4.99369	0.0125257
1.49781	0.00508887	4.99439	0.0125273
1.49794	0.0050835	4.99416	0.012512
1.49771	0.00508144	4.99373	0.0125021
1.49845	0.0051281	4.99534	0.0125894
1.49854	0.00512166	4.9947	0.0125882
1.49878	0.00512025	4.99468	0.0125708
1.49898	0.00511721	4.99488	0.0125549
1.49905	0.00511056	4.99505	0.0125388
1.49925	0.00510747	4.99489	0.0125225
1.49908	0.00510331	4.99487	0.0125053
1.49914	0.00509668	4.995	0.0124888
1.499	0.00509154	4.99494	0.0124718
1.49879	0.00508902	4.99536	0.0124619
1.49909	0.00509076	4.99588	0.0124558
1.49923	0.00508586	4.99669	0.0124649
1.49921	0.00507895	4.99708	0.012454
1.49907	0.00507399	4.99742	0.0124415
1.49924	0.00506984	4.99729	0.0124253
1.49935	0.00506429	4.99777	0.0124178
1.49976	0.0050737	4.99835	0.0124144
1.49954	0.00507165	4.998	0.0124024
1.49959	0.00506504	4.9976	0.012392
1.49948	0.00505933	4.99786	0.0123778
1.49944	0.00505269	4.99768	0.0123624
1.49942	0.0050459	4.99748	0.0123473
1.49936	0.00503948	4.99712	0.012336
1.49907	0.00504129	4.99674	0.0123251
1.49909	0.00503455	4.99775	0.01235
1.49929	0.00503205	4.99856	0.0123595
1.49937	0.0050259	4.99864	0.0123433
1.49948	0.00502036	4.9986	0.0123269
1.49943	0.0050139	4.99839	0.0123121
1.49936	0.00500765	4.99816	0.0122978
1.4993	0.00500134	4.99816	0.0122814
1.49921	0.0049955	4.99784	0.0122692
1.49923	0.00498888	4.99812	0.0122562
1.49937	0.00498412	4.9982	0.0122402
1.49955	0.00498084	4.99825	0.0122241
1.49965	0.00497542	4.99855	0.0122116
1.49969	0.00496896	4.99844	0.0121959
1.50011	0.00498007	4.99928	0.0122088
1.50002	0.00497422	4.99966	0.0121986
1.50002	0.00496768	4.99936	0.0121864
1.50001	0.00496115	4.99922	0.0121712
1.50019	0.00495798	4.99939	0.0121564
1.50018	0.00495151	4.99953	0.0121413
1.50046	0.00495314	4.9997	0.0121266
1.50061	0.00494895	5.00034	0.0121274
1.50056	0.00494269	5.00046	0.0121122
1.50043	0.00493804	5.00017	0.0121
1.50048	0.00493188	5.00061	0.0120921
1.50026	0.00493041	5.0002	0.0120831
1.50059	0.00493471	5.0011	0.0121005
1.50049	0.00492921	5.00064	0.0120936
1.50045	0.00492301	5.00043	0.0120796
1.50039	0.00491703	5.00091	0.0120733
1.50026	0.00491236	5.00088	0.0120578
1.50001	0.00491232	5.00048	0.0120489
1.50005	0.00490621	5.00019	0.0120369
1.50035	0.00490876	5.00059	0.0120283
1.5005	0.00490461	5.00043	0.012014
1.50059	0.00489914	5.00019	0.012001
1.50088	0.00490145	5.00115	0.0120246
1.50103	0.00489766	5.00177	0.0120248
1.50094	0.00489222	5.00176	0.0120094
1.50066	0.00489389	5.00173	0.0119941
1.50065	0.00488765	5.0018	0.011979
1.50049	0.00488413	5.00156	0.0119661
1.50034	0.0048802	5.00143	0.0119517
1.50046	0.00487554	5.0029	0.0120268
1.50062	0.00487196	5.00305	0.0120125
1.50035	0.00487348	5.00261	0.0120055
1.49998	0.00488104	5.00252	0.0119905
1.49972	0.00488209	5.00213	0.011982
1.49981	0.00487674	5.00218	0.011967
1.49973	0.00487116	5.00214	0.0119519
1.49959	0.00486718	5.00237	0.0119391
1.4998	0.00486556	5.00324	0.0119558
1.4998	0.00485945	5.00287	0.0119467
1.49991	0.00485458	5.00342	0.0119443
1.49973	0.00485177	5.00318	0.0119317
1.49964	0.00484646	5.00245	0.0119391
1.49969	0.00484067	5.00317	0.0119461
1.49958	0.0048359	5.00393	0.0119551
1.49941	0.00483293	5.00349	0.0119482
1.49934	0.00482735	5.00351	0.0119333
1.49947	0.00482286	5.00425	0.0119412
1.49955	0.00481766	5.00431	0.0119266
1.4993	0.00481814	5.00409	0.0119138
1.49926	0.00481239	5.00406	0.0118991
1.49929	0.00480653	5.00436	0.0118881
1.49917	0.00480192	5.00463	0.0118765
1.49937	0.00480018	5.00544	0.0118889
1.49917	0.00479882	5.00529	0.0118751
1.49918	0.00479292	5.00548	0.011862
1.49992	0.00484487	5.00617	0.0118675
1.50004	0.00484023	5.00607	0.0118534
1.49986	0.00483764	5.00559	0.0118487
1.49995	0.00483252	5.00643	0.0118639
1.49989	0.00482689	5.00582	0.0118647
1.49997	0.00482159	5.00536	0.0118595
1.49989	0.00481645	5.00498	0.0118508
1.5002	0.00482065	5.00512	0.0118372
1.5002	0.00481478	5.00526	0.0118236
1.50033	0.00481067	5.00543	0.0118104
1.50034	0.00480484	5.00527	0.0117972
1.50064	0.00480819	5.00632	0.0118298
1.50062	0.00480239	5.00625	0.0118157
1.50079	0.00479953	5.00686	0.0118169
1.50093	0.00479563	5.00744	0.0118169
1.5009	0.00478989	5.00697	0.011812
1.50072	0.00478741	5.00654	0.0118053
1.50064	0.00478243	5.00666	0.0117917
1.50069	0.00477695	5.0067	0.0117776
1.50113	0.00479143	5.00717	0.0117728
1.501	0.00478734	5.00704	0.0117594
1.50118	0.004785	5.00683	0.0117471
1.50115	0.00477939	5.00687	0.0117331
1.50131	0.00477641	5.00712	0.0117217
1.50116	0.00477308	5.00735	0.0117101
1.50102	0.00476946	5.00708	0.0116994
1.5007	0.00477408	5.00663	0.0116939
1.50078	0.00476906	5.00661	0.01168
1.50108	0.00477279	5.00686	0.0116688
1.50123	0.00476943	5.00711	0.0116575
1.50109	0.00476596	5.00699	0.0116442
1.50134	0.00476711	5.00816	0.0116887
1.5014	0.00476181	5.00816	0.0116749
1.50119	0.00476067	5.0082	0.0116611
1.50127	0.00475565	5.0077	0.0116582
1.50123	0.00475021	5.00748	0.0116466
1.50118	0.00474484	5.00751	0.0116329
1.50121	0.00473932	5.0075	0.0116192
1.50091	0.00474322	5.00715	0.0116108
1.50104	0.00473958	5.00727	0.0115979
1.50109	0.00473428	5.00746	0.0115858
1.50117	0.0047293	5.00789	0.0115803
1.5009	0.00473158	5.00723	0.0115853
1.50059	0.0047356	5.00704	0.0115734
1.50048	0.00473153	5.0067	0.011565
1.5003	0.00472922	5.0064	0.0115552
1.50013	0.00472695	5.00574	0.0115608
1.50034	0.0047262	5.00614	0.0115541
1.50027	0.0047212	5.00618	0.0115408
1.50015	0.00471737	5.00616	0.0115274
1.50022	0.00471247	5.00573	0.0115221
1.50036	0.00470896	5.00585	0.0115094
1.50047	0.00470489	5.00592	0.0114963
1.50044	0.00469953	5.00573	0.0114845
1.50047	0.00469417	5.00538	0.0114765
1.50047	0.00468876	5.00548	0.0114637
1.50061	0.00468544	5.0051	0.0114569
1.50078	0.00468296	5.00502	0.011444
1.50075	0.00467765	5.00551	0.0114414
1.50069	0.00467266	5.00548	0.0114283
1.50059	0.00466843	5.00596	0.0114256
1.50044	0.00466541	5.00529	0.0114324
1.50042	0.00466015	5.00577	0.0114295
1.50026	0.00465739	5.00577	0.0114164
1.50068	0.00467115	5.007	0.0114689
1.50046	0.00467097	5.0062	0.0114838
1.50039	0.00466628	5.00576	0.0114789
1.50037	0.00466101	5.0058	0.0114659
1.50036	0.00465574	5.00574	0.011453
1.50031	0.00465065	5.00613	0.0114465
1.50005	0.00465266	5.00616	0.0114335
1.49998	0.00464799	5.00599	0.0114219
1.50027	0.00465174	5.00589	0.0114094
1.50025	0.00464653	5.0057	0.0113982
1.50011	0.00464347	5.00558	0.011386
1.50006	0.00463844	5.00509	0.0113834
1.49991	0.00463571	5.00486	0.0113731
1.49992	0.0046305	5.00451	0.0113656
1.49982	0.00462639	5.00415	0.0113586
1.49985	0.00462134	5.00345	0.0113675
1.49965	0.00462074	5.00338	0.011355
1.49982	0.00461893	5.00382	0.0113507
1.49988	0.0046141	5.00376	0.0113382
1.49983	0.00460926	5.00316	0.0113411
1.49974	0.00460494	5.00301	0.0113295
1.49976	0.00459984	5.00299	0.0113169
1.49959	0.0045977	5.00263	0.0113099
1.49968	0.00459339	5.00257	0.0112975
1.49967	0.0045883	5.00278	0.0112869
1.4995	0.00458632	5.00269	0.0112747
1.49961	0.00458247	5.00253	0.0112633
1.49947	0.00457949	5.00249	0.0112509
1.49943	0.00457456	5.0022	0.0112423
1.49939	0.00456967	5.00163	0.0112443
1.49933	0.00456504	5.00177	0.0112328
1.49917	0.00456282	5.00171	0.0112206
1.4989	0.00456601	5.00092	0.0112359
1.49882	0.0045617	5.00084	0.0112239
1.49852	0.00456652	5.00073	0.0112121
1.49843	0.0045624	5.0003	0.011208
1.49827	0.0045601	4.99997	0.0112007
1.49838	0.0045563	5.00008	0.011189
1.49838	0.00455132	4.99999	0.0111772
1.49831	0.00454701	4.99917	0.0111948
1.49846	0.00454476	4.9994	0.0111848
1.49856	0.0045408	4.99999	0.0111884
1.4986	0.00453605	4.99988	0.0111767
1.49855	0.00453144	4.99977	0.0111652
1.49867	0.00452832	4.99927	0.0111641
1.49854	0.00452538	4.99898	0.0111557
1.499	0.00454356	4.99923	0.0111462
1.49912	0.00454032	5.00013	0.011171
1.49906	0.00453575	4.99994	0.0111607
1.49931	0.00453776	4.99954	0.0111558
1.49917	0.00453526	4.99902	0.0111557
1.49894	0.00453607	4.99868	0.0111489
1.49909	0.00453371	4.99905	0.0111429
1.49931	0.00453397	4.99939	0.011136
1.49925	0.00452948	4.99952	0.0111249
1.49934	0.00452555	5.00029	0.0111393
1.49939	0.00452098	5.00047	0.0111288
1.49964	0.00452307	5.00066	0.0111186
1.49934	0.00452848	5.00036	0.0111108
1.49904	0.00453338	4.99982	0.0111117
1.49897	0.00452906	4.99967	0.0111009
1.49881	0.00452718	4.99951	0.0110902
1.49875	0.00452268	4.99888	0.0110965
1.49884	0.00451876	4.99868	0.0110864
1.49888	0.00451408	4.99915	0.0110843
1.49875	0.00451104	4.99919	0.0110726
1.49882	0.00450672	4.99899	0.0110627
1.49891	0.00450283	4.99864	0.0110565
1.49896	0.0044984	4.99866	0.0110448
1.49885	0.00449506	4.99821	0.0110424
1.49863	0.00449579	4.99766	0.0110443
1.49877	0.00449334	4.99776	0.0110331
1.49856	0.00449332	4.99739	0.0110278
1.49864	0.0044892	4.99709	0.0110204
1.49852	0.00448588	4.99688	0.0110107
1.49858	0.00448146	4.99701	0.0109998
1.49875	0.00447997	4.99673	0.0109919
1.49874	0.00447527	4.99697	0.010983
1.49864	0.0044718	4.99712	0.0109725
1.49875	0.00446842	4.99723	0.0109616
1.49864	0.00446502	4.99716	0.0109504
1.49857	0.00446091	4.99697	0.0109406
1.49868	0.00445767	4.99722	0.010932
1.49883	0.00445545	4.99746	0.0109232
1.49868	0.00445318	4.99699	0.0109221
1.49862	0.00444904	4.99678	0.0109127
1.49864	0.00444449	4.99693	0.0109024
1.49847	0.0044431	4.99662	0.0108955
1.49857	0.0044395	4.99682	0.0108861
1.49838	0.00443879	4.99625	0.01089
1.49841	0.00443429	4.99612	0.0108794
1.49839	0.00442976	4.99616	0.0108682
1.49808	0.0044356	4.99556	0.0108732
1.49806	0.00443108	4.9956	0.0108621
1.49855	0.00445361	4.99603	0.0108596
1.49865	0.00445008	4.9964	0.0108546
1.49853	0.00444719	4.99643	0.0108435
1.4985	0.00444271	4.99623	0.0108342
1.49864	0.00444056	4.99631	0.0108234
1.49868	0.00443613	4.99651	0.0108141
1.4986	0.00443234	4.9967	0.0108047
1.49869	0.00442875	4.99654	0.0107948
1.49885	0.00442725	4.99661	0.010784
1.4989	0.00442304	4.9965	0.0107736
1.49905	0.00442095	4.99658	0.0107629
1.49931	0.00442388	4.99674	0.010753
1.49947	0.00442261	4.99687	0.0107429
1.49943	0.00441839	4.9969	0.010732
1.49948	0.00441418	4.99704	0.010722
1.49941	0.00441016	4.99633	0.0107343
1.49929	0.00440728	4.99605	0.0107271
1.49906	0.00440873	4.9957	0.010722
1.49927	0.00440919	4.99655	0.0107453
1.49913	0.004407	4.99614	0.0107425
1.49919	0.00440287	4.99605	0.010732
1.49922	0.0043986	4.99598	0.0107214
1.49938	0.00439686	4.99626	0.0107141
1.49933	0.00439271	4.99625	0.0107033
1.4992	0.00439008	4.99603	0.0106948
1.49938	0.00438911	4.99652	0.0106956
1.49928	0.00438566	4.99593	0.010701
1.4993	0.00438128	4.99556	0.0106967
1.49938	0.00437772	4.9956	0.0106861
1.49936	0.00437341	4.9954	0.0106772
