         2.58655        0.410876        0.615607
       -0.398614         1.61059        -1.88415
       -0.351589        -1.84858        0.216057
        -2.80018         1.22497        -1.55999
        -0.42827        -1.19448         1.39026
        -2.19121        0.203242        0.398554
       -0.541458       -0.265931       -0.557532
      -0.0566532         1.34182         1.41514
         1.54969          1.0929       -0.144664
       -0.822274        -1.02911       -0.758345
         0.53047       -0.650885       -0.219985
         1.11538       -0.260128        0.748086
       -0.463228         1.39816        0.189181
         2.62792        0.635717        0.323049
       -0.355281      -0.0903613       -0.526389
        -1.50405         0.40274        0.355432
        -0.41948       -0.356838       0.0961792
       0.0221703          1.1417       -0.229703
        0.306937       -0.130705        -1.12825
         1.15867        0.435817        0.442281
        0.378649       -0.409228       -0.228847
       0.0935974        -1.16679        0.141369
         1.40009       -0.131058        0.806523
       -0.120127        0.971621         2.72469
       -0.350992       -0.282301        -1.45355
        -1.37869      -0.0660957        0.964849
       -0.361022        0.174767        0.548707
          2.2055        -1.25605       -0.596126
        -1.23865       -0.777023         1.13654
        0.112947        0.238886       -0.327029
      -0.0336247        -0.16093       -0.702719
         1.84499        -1.27401        0.602843
        0.946645        0.990572       -0.313848
       -0.198215       -0.157809         1.17557
       -0.381268         1.52362       -0.848528
        0.333225       -0.180794      -0.0781276
         3.10449       -0.895595         0.50638
        -1.62973        0.225345       -0.654611
        0.433231        -1.19764        -0.72012
       -0.246616        0.958794        -1.27679
        0.456666         1.03357       -0.493036
       -0.574844        0.949995        0.611783
         -1.0939        0.195293       -0.120066
       0.0699581        0.456462         2.37155
        0.168944       -0.230352        -1.35425
        -1.81817        0.749783       -0.928471
        -1.49297       -0.379686        -1.14221
         1.63624        -1.23396         1.05829
        -1.19804         1.91723        0.648564
         1.61212         1.52521         1.94848
        0.762507        -0.71668        0.348776
         1.16981         1.23004       0.0385063
         -0.6135        -1.61648        0.414278
       -0.266186       -0.633651          -1.324
      -0.0912729         1.71597        0.891174
        0.472611       -0.259955        -1.29207
       0.0114761        -1.95186         1.22879
         0.41226        -1.04561       -0.471546
       -0.397829       -0.467352        0.116073
       -0.279023        -1.82208        0.485606
         2.30139       -0.756926       -0.063857
       -0.238548       -0.688783       -0.887144
       -0.378026       -0.271166        -2.80065
        0.832944       -0.987583         1.09438
        0.184735       -0.319298        0.262518
       -0.184258        0.351348       -0.154122
       -0.702756        -1.91802       -0.482372
       -0.111869        0.323756        0.982291
         1.25065         1.79481        0.274828
       0.0333381       -0.371231         1.70016
       -0.693354        0.460142         1.20584
      -0.0626752        0.126651       -0.536936
        0.744309        -2.80732       -0.760831
        0.268863      -0.0686156         1.37456
        0.143198       -0.811257        0.514484
       -0.925505       -0.541145        0.323571
        0.133247        0.475755       -0.525008
        0.711955        -2.87746        0.845502
       -0.738913        -1.34979          1.2659
        -1.26623        0.797925       -0.578844
       -0.698407       -0.988562       -0.810643
       -0.876629       -0.844633      -0.0628206
        -1.44964       -0.364415         -1.4061
       -0.263863         2.10479        0.750302
        -0.66313        0.893309        -2.36259
        -1.45541        0.423706      -0.0386601
       -0.269467        0.425401         2.77163
       -0.557471       -0.409635         -1.5306
         1.80038         1.39185        -2.17628
         1.12257        -1.05556         0.85365
        -1.54284         1.12723        -1.44246
        0.291512         1.56228        0.239336
         1.65989       -0.254526        -2.40939
        -1.80633         0.37033         1.95181
         2.03829          2.0899         1.86929
        0.812654       -0.246499         1.53562
       -0.590976       -0.688329         0.63099
         1.43943         1.01264        -1.00159
      0.00277777       -0.167419        0.660985
        -1.27944       -0.149443        -2.06165
       -0.886043        -1.98825         1.32882
        0.155087        0.378611        0.012834
        0.606798         2.76888       -0.629975
       -0.919467        0.772629       -0.441262
         1.39937         1.39771        -2.26262
       -0.314352       -0.761343        -0.35595
        -2.00248        0.812854          -1.105
       -0.482079       -0.790981        0.813876
