BLOCK:	ACTUAL_T:	T_AVE:	ERROR:
1	1.08822	1.08822	0
2	1.1289	1.10856	0.014383
3	1.05486	1.09066	0.01748
4	1.10578	1.09444	0.0135122
5	1.07551	1.09065	0.0113276
6	1.08751	1.09013	0.00945176
7	1.10875	1.09279	0.00846763
8	1.11226	1.09523	0.00775113
9	1.12505	1.09854	0.00756518
10	1.12861	1.10155	0.00738197
11	1.1417	1.1052	0.00755979
12	1.14154	1.10822	0.00751187
13	1.1152	1.10876	0.00695319
14	1.13284	1.11048	0.00666576
15	1.12551	1.11148	0.00629625
16	1.12214	1.11215	0.00593783
17	1.10688	1.11184	0.00559664
18	1.12771	1.11272	0.00535473
19	1.10047	1.11208	0.0051116
20	1.12794	1.11287	0.00491719
21	1.13794	1.11406	0.00482583
22	1.09593	1.11324	0.00467631
23	1.08818	1.11215	0.00459814
24	1.11058	1.11208	0.00440702
25	1.10291	1.11172	0.00424597
26	1.11218	1.11173	0.0040827
27	1.0927	1.11103	0.00399191
28	1.11552	1.11119	0.00385257
29	1.09154	1.11051	0.00377883
30	1.08228	1.10957	0.00376821
31	1.09662	1.10915	0.00366976
32	1.09483	1.10871	0.00358227
33	1.15054	1.10997	0.00369123
34	1.10531	1.10984	0.00358521
35	1.10431	1.10968	0.00348625
36	1.08481	1.10899	0.00345717
37	1.13799	1.10977	0.00345143
38	1.13228	1.11036	0.00341107
39	1.13132	1.1109	0.00336567
40	1.12057	1.11114	0.00329021
41	1.11799	1.11131	0.00321419
42	1.14343	1.11208	0.00322737
43	1.09895	1.11177	0.00316672
44	1.11664	1.11188	0.00309668
45	1.06181	1.11077	0.00322157
46	1.14863	1.11159	0.00325495
47	1.09168	1.11117	0.00321314
48	1.08937	1.11071	0.00317811
49	1.10656	1.11063	0.00311438
50	1.10982	1.11061	0.00305214
51	1.0826	1.11006	0.00304132
52	1.11381	1.11014	0.00298369
53	1.07537	1.10948	0.00299864
54	1.1268	1.1098	0.00296021
55	1.13965	1.11034	0.00295571
56	1.10493	1.11025	0.00290451
57	1.11927	1.1104	0.00285786
58	1.11957	1.11056	0.00281296
59	1.10962	1.11055	0.00276532
60	1.11756	1.11066	0.00272171
61	1.09114	1.11034	0.00269585
62	1.11028	1.11034	0.00265236
63	1.10744	1.1103	0.00261066
64	1.10299	1.11018	0.00257236
65	1.10906	1.11016	0.00253285
66	1.13784	1.11058	0.00252894
67	1.10286	1.11047	0.00249382
68	1.08837	1.11014	0.00247823
69	1.07225	1.10959	0.00250243
70	1.05409	1.1088	0.00258927
71	1.11386	1.10887	0.00255378
72	1.13021	1.10917	0.00253545
73	1.0417	1.10825	0.00266387
74	1.07083	1.10774	0.00267543
75	1.0976	1.1076	0.00264318
76	1.08308	1.10728	0.00262802
77	1.09288	1.10709	0.00260054
78	1.11808	1.10724	0.00257101
79	1.09807	1.10712	0.00254108
80	1.08703	1.10687	0.00252169
81	1.06507	1.10635	0.0025428
82	1.11042	1.1064	0.00251228
83	1.12439	1.10662	0.00249134
84	1.0759	1.10625	0.00248837
85	1.0752	1.10589	0.00248577
86	1.10785	1.10591	0.00245697
87	1.10543	1.1059	0.00242873
88	1.13023	1.10618	0.00241681
89	1.13151	1.10647	0.00240636
90	1.0953	1.10634	0.00238282
91	1.09356	1.1062	0.00236077
92	1.09793	1.10611	0.00233682
93	1.10351	1.10608	0.00231186
94	1.0947	1.10596	0.00229044
95	1.12675	1.10618	0.00227675
96	1.08295	1.10594	0.00226586
97	1.10244	1.1059	0.00224279
98	1.07994	1.10564	0.00223549
99	1.0968	1.10555	0.0022147
100	1.11977	1.10569	0.00219711
101	1.12183	1.10585	0.00218116
102	1.08413	1.10564	0.00217015
103	1.07292	1.10532	0.0021722
104	1.06705	1.10495	0.00218225
105	1.13259	1.10522	0.00217728
106	1.1432	1.10557	0.00218603
107	1.12363	1.10574	0.0021721
108	1.15069	1.10616	0.00219151
109	1.13774	1.10645	0.00219047
110	1.09518	1.10635	0.00217295
111	1.08285	1.10613	0.00216365
112	1.11363	1.1062	0.00214537
113	1.08291	1.106	0.00213627
114	1.12404	1.10615	0.00212338
115	1.10446	1.10614	0.00210497
116	1.0942	1.10604	0.00208933
117	1.11339	1.1061	0.00207242
118	1.12327	1.10624	0.00205996
119	1.11376	1.10631	0.00204362
120	1.12014	1.10642	0.00202984
121	1.11073	1.10646	0.00201338
122	1.10285	1.10643	0.00199709
123	1.09293	1.10632	0.00198387
124	1.09511	1.10623	0.00196993
125	1.11724	1.10632	0.00195614
126	1.09944	1.10626	0.00194138
127	1.08536	1.1061	0.00193305
128	1.10245	1.10607	0.00191816
129	1.1339	1.10628	0.00191538
130	1.07261	1.10603	0.00191808
131	1.09423	1.10594	0.00190555
132	1.1009	1.1059	0.0018915
133	1.09909	1.10585	0.00187797
134	1.09574	1.10577	0.00186547
135	1.11149	1.10581	0.00185213
136	1.15123	1.10615	0.00186837
137	1.10688	1.10615	0.00185474
138	1.10808	1.10617	0.00184136
139	1.11842	1.10625	0.00183022
140	1.09982	1.10621	0.00181772
141	1.11415	1.10627	0.0018057
142	1.12244	1.10638	0.00179658
143	1.11946	1.10647	0.00178634
144	1.12336	1.10659	0.00177778
145	1.10052	1.10655	0.00176601
146	1.11529	1.10661	0.00175493
147	1.11209	1.10664	0.00174339
148	1.10553	1.10664	0.00173163
149	1.12214	1.10674	0.00172313
150	1.09075	1.10663	0.00171494
151	1.13461	1.10682	0.00171356
152	1.07234	1.10659	0.00171724
153	1.12946	1.10674	0.0017125
154	1.136	1.10693	0.00171189
155	1.12886	1.10707	0.00170669
156	1.13089	1.10723	0.00170256
157	1.11898	1.1073	0.00169336
158	1.08059	1.10713	0.00169107
159	1.08651	1.107	0.00168539
160	1.13448	1.10717	0.00168359
161	1.12528	1.10729	0.00167688
162	1.12167	1.10737	0.00166888
163	1.11402	1.10741	0.00165914
164	1.11288	1.10745	0.00164936
165	1.0962	1.10738	0.00164077
166	1.0956	1.10731	0.00163242
167	1.08443	1.10717	0.00162838
168	1.08647	1.10705	0.00162334
169	1.12295	1.10714	0.00161646
170	1.0932	1.10706	0.00160903
171	1.11526	1.10711	0.00160034
172	1.15301	1.10738	0.00161313
173	1.12703	1.10749	0.0016078
174	1.0967	1.10743	0.00159976
175	1.12616	1.10753	0.00159419
176	1.1357	1.10769	0.00159314
177	1.0906	1.1076	0.00158707
178	1.14707	1.10782	0.00159357
179	1.10823	1.10782	0.00158467
180	1.07741	1.10765	0.00158485
181	1.10242	1.10762	0.00157635
182	1.10283	1.1076	0.00156791
183	1.11383	1.10763	0.00155971
184	1.09221	1.10755	0.00155349
185	1.11424	1.10758	0.00154551
186	1.13677	1.10774	0.00154515
187	1.08169	1.1076	0.00154315
188	1.09859	1.10755	0.00153569
189	1.1098	1.10757	0.00152761
190	1.13292	1.1077	0.00152539
191	1.14108	1.10787	0.00152738
192	1.11955	1.10793	0.00152064
193	1.11833	1.10799	0.00151371
194	1.11495	1.10802	0.00150633
195	1.13234	1.10815	0.00150376
196	1.0817	1.10801	0.00150213
197	1.1324	1.10814	0.0014996
198	1.13299	1.10826	0.00149727
199	1.10036	1.10822	0.00149027
200	1.07517	1.10806	0.00149196
201	1.12598	1.10815	0.00148719
202	1.11286	1.10817	0.00148001
203	1.1191	1.10822	0.0014737
204	1.12921	1.10833	0.00147006
205	1.11736	1.10837	0.00146355
206	1.12316	1.10844	0.00145821
207	1.1397	1.10859	0.00145896
208	1.10361	1.10857	0.00145215
209	1.09581	1.10851	0.00144648
210	1.09656	1.10845	0.00144071
211	1.09942	1.10841	0.00143452
212	1.1248	1.10849	0.00142983
213	1.13015	1.10859	0.00142673
214	1.11608	1.10862	0.0014205
215	1.12429	1.1087	0.00141576
216	1.113	1.10872	0.00140934
217	1.14449	1.10888	0.00141246
218	1.10559	1.10887	0.00140606
219	1.09895	1.10882	0.00140037
220	1.10394	1.1088	0.00139418
221	1.116	1.10883	0.00138825
222	1.12992	1.10893	0.00138524
223	1.10781	1.10892	0.00137904
224	1.126	1.109	0.00137499
225	1.11979	1.10905	0.00136972
226	1.1133	1.10906	0.00136378
227	1.12742	1.10915	0.00136017
228	1.08139	1.10902	0.00135964
229	1.12323	1.10909	0.00135512
230	1.12852	1.10917	0.00135186
231	1.11878	1.10921	0.00134665
232	1.11983	1.10926	0.00134162
233	1.14168	1.1094	0.00134306
234	1.12703	1.10947	0.00133943
235	1.09955	1.10943	0.0013344
236	1.07954	1.1093	0.00133474
237	1.12324	1.10936	0.0013304
238	1.13617	1.10947	0.00132957
239	1.07841	1.10934	0.00133035
240	1.12502	1.10941	0.00132641
241	1.12877	1.10949	0.00132334
242	1.11176	1.1095	0.0013179
243	1.10167	1.10947	0.00131287
244	1.11374	1.10948	0.00130761
245	1.10286	1.10946	0.00130255
246	1.11218	1.10947	0.0012973
247	1.12818	1.10954	0.00129426
248	1.10655	1.10953	0.0012891
249	1.09954	1.10949	0.00128454
250	1.14262	1.10963	0.00128622
251	1.08716	1.10954	0.00128421
252	1.13219	1.10963	0.00128226
253	1.09132	1.10955	0.00127923
254	1.09322	1.10949	0.0012758
255	1.12601	1.10955	0.00127245
256	1.11595	1.10958	0.00126772
257	1.11235	1.10959	0.00126283
258	1.106	1.10958	0.00125802
259	1.11127	1.10958	0.00125318
260	1.09721	1.10953	0.00124926
261	1.09322	1.10947	0.00124604
262	1.11503	1.10949	0.00124146
263	1.09561	1.10944	0.00123786
264	1.08267	1.10934	0.00123732
265	1.12351	1.10939	0.00123381
266	1.13686	1.1095	0.00123348
267	1.09582	1.10944	0.00122992
268	1.09638	1.1094	0.0012263
269	1.12498	1.10945	0.00122311
270	1.13763	1.10956	0.00122303
271	1.1009	1.10953	0.00121893
272	1.13196	1.10961	0.00121724
273	1.11951	1.10964	0.00121332
274	1.11488	1.10966	0.00120904
275	1.10033	1.10963	0.00120512
276	1.12788	1.1097	0.00120256
277	1.1303	1.10977	0.00120052
278	1.08069	1.10967	0.00120075
279	1.09443	1.10961	0.00119769
280	1.12139	1.10965	0.00119415
281	1.12689	1.10971	0.00119147
282	1.14076	1.10982	0.00119232
283	1.1397	1.10993	0.00119278
284	1.11185	1.10994	0.00118859
285	1.09403	1.10988	0.00118573
286	1.05347	1.10968	0.00119788
287	1.08261	1.10959	0.00119741
288	1.10882	1.10959	0.00119326
289	1.13053	1.10966	0.00119133
290	1.10967	1.10966	0.00118722
291	1.11699	1.10968	0.00118341
292	1.10795	1.10968	0.00117937
293	1.12626	1.10974	0.0011767
294	1.10865	1.10973	0.00117271
295	1.1329	1.10981	0.00117136
296	1.11055	1.10981	0.0011674
297	1.12057	1.10985	0.00116403
298	1.12196	1.10989	0.00116084
299	1.0791	1.10979	0.00116151
300	1.07987	1.10969	0.00116191
301	1.08885	1.10962	0.00116012
302	1.08269	1.10953	0.00115969
303	1.13456	1.10961	0.00115881
304	1.11442	1.10963	0.0011551
305	1.11493	1.10964	0.00115144
306	1.06888	1.10951	0.00115536
307	1.10936	1.10951	0.0011516
308	1.12066	1.10955	0.00114843
309	1.07746	1.10944	0.0011494
310	1.12829	1.1095	0.0011473
311	1.08469	1.10942	0.00114638
312	1.11379	1.10944	0.00114279
313	1.09627	1.1094	0.00113991
314	1.09281	1.10934	0.00113751
315	1.10688	1.10934	0.00113392
316	1.12472	1.10938	0.00113138
317	1.14622	1.1095	0.00113376
318	1.12484	1.10955	0.00113122
319	1.08089	1.10946	0.00113124
320	1.12974	1.10952	0.00112948
321	1.12575	1.10957	0.00112709
322	1.14187	1.10967	0.00112804
323	1.12193	1.10971	0.00112519
324	1.0738	1.1096	0.00112716
325	1.10669	1.10959	0.00112373
326	1.10943	1.10959	0.00112028
327	1.09076	1.10953	0.00111834
328	1.08228	1.10945	0.00111801
329	1.07219	1.10934	0.00112033
330	1.10829	1.10933	0.00111694
331	1.13626	1.10941	0.00111653
332	1.13862	1.1095	0.00111662
333	1.10269	1.10948	0.00111346
334	1.08278	1.1094	0.00111299
335	1.11422	1.10942	0.00110976
336	1.13501	1.10949	0.00110907
337	1.08871	1.10943	0.00110749
338	1.08302	1.10935	0.00110697
339	1.12936	1.10941	0.00110527
340	1.12221	1.10945	0.00110266
341	1.12013	1.10948	0.00109987
342	1.10689	1.10947	0.00109668
343	1.12047	1.10951	0.00109396
344	1.11133	1.10951	0.00109079
345	1.10234	1.10949	0.00108782
346	1.09812	1.10946	0.00108518
347	1.08508	1.10939	0.00108432
348	1.08392	1.10931	0.00108367
349	1.13162	1.10938	0.00108245
350	1.10723	1.10937	0.00107938
351	1.12866	1.10943	0.0010777
352	1.09446	1.10938	0.00107548
353	1.09628	1.10935	0.00107307
354	1.13526	1.10942	0.00107253
355	1.12629	1.10947	0.00107056
356	1.1041	1.10945	0.00106766
357	1.08932	1.1094	0.00106616
358	1.11685	1.10942	0.00106338
359	1.144	1.10951	0.00106478
360	1.101	1.10949	0.00106208
361	1.12989	1.10955	0.00106064
362	1.12337	1.10958	0.0010584
363	1.12051	1.10961	0.00105591
364	1.14656	1.10972	0.00105788
365	1.10925	1.10971	0.00105498
366	1.11073	1.10972	0.0010521
367	1.10546	1.10971	0.0010493
368	1.11228	1.10971	0.00104647
369	1.13003	1.10977	0.00104508
370	1.11776	1.10979	0.00104248
371	1.09918	1.10976	0.00104006
372	1.13812	1.10984	0.00104006
373	1.09729	1.1098	0.00103781
374	1.12991	1.10986	0.00103643
375	1.10931	1.10986	0.00103367
376	1.08973	1.1098	0.0010323
377	1.10399	1.10979	0.00102968
378	1.10305	1.10977	0.00102711
379	1.11373	1.10978	0.00102445
380	1.08854	1.10972	0.00102328
381	1.10905	1.10972	0.0010206
382	1.08711	1.10966	0.00101964
383	1.12234	1.1097	0.00101752
384	1.10958	1.1097	0.00101487
385	1.13218	1.10975	0.00101391
386	1.10835	1.10975	0.00101129
387	1.10238	1.10973	0.00100885
388	1.05608	1.10959	0.00101569
389	1.13342	1.10965	0.00101492
390	1.13375	1.10972	0.0010142
391	1.08572	1.10965	0.00101346
392	1.11162	1.10966	0.00101089
393	1.096	1.10962	0.00100891
394	1.07554	1.10954	0.00101005
395	1.0974	1.10951	0.00100796
396	1.12275	1.10954	0.00100597
397	1.0732	1.10945	0.00100759
398	1.08612	1.10939	0.00100677
399	1.09313	1.10935	0.00100507
400	1.11754	1.10937	0.00100276
401	1.12433	1.10941	0.00100096
402	1.11873	1.10943	0.000998734
403	1.12517	1.10947	0.00099702
404	1.11573	1.10949	0.000994673
405	1.10009	1.10946	0.000992487
406	1.11613	1.10948	0.000990178
407	1.09761	1.10945	0.000988174
408	1.1066	1.10944	0.000985777
409	1.1035	1.10943	0.000983474
410	1.11923	1.10945	0.000981366
411	1.13805	1.10952	0.000981441
412	1.09482	1.10949	0.000979707
413	1.14663	1.10958	0.000981454
414	1.10504	1.10956	0.000979144
415	1.11526	1.10958	0.000976881
416	1.10566	1.10957	0.000974579
417	1.1297	1.10962	0.000973437
418	1.12101	1.10964	0.000971489
419	1.09745	1.10962	0.000969607
420	1.09172	1.10957	0.000968233
421	1.14303	1.10965	0.00096919
422	1.12398	1.10969	0.000967488
423	1.1109	1.10969	0.000965205
424	1.1115	1.10969	0.000962938
425	1.10161	1.10967	0.00096086
426	1.13432	1.10973	0.000960345
427	1.12881	1.10978	0.000959135
428	1.09627	1.10975	0.000957413
429	1.09499	1.10971	0.000955798
430	1.10449	1.1097	0.000953652
431	1.09928	1.10967	0.000951746
432	1.12045	1.1097	0.00094987
433	1.10163	1.10968	0.000947859
434	1.12626	1.10972	0.000946444
435	1.10868	1.10972	0.000944272
436	1.09514	1.10968	0.000942697
437	1.13918	1.10975	0.000942953
438	1.079	1.10968	0.00094341
439	1.12601	1.10972	0.000941995
440	1.09143	1.10968	0.00094077
441	1.10498	1.10967	0.000938697
442	1.10777	1.10966	0.000936583
443	1.09576	1.10963	0.000934994
444	1.11119	1.10963	0.000932895
445	1.07711	1.10956	0.000933656
446	1.10497	1.10955	0.00093162
447	1.08273	1.10949	0.000931465
448	1.14428	1.10957	0.000932617
449	1.12154	1.10959	0.000930921
450	1.11641	1.10961	0.000928975
451	1.08722	1.10956	0.000928241
452	1.12888	1.1096	0.000927171
453	1.08717	1.10955	0.000926446
454	1.07932	1.10949	0.000926795
455	1.09735	1.10946	0.000925142
456	1.13078	1.10951	0.000924294
457	1.10396	1.10949	0.000922351
458	1.09705	1.10947	0.000920737
459	1.11195	1.10947	0.000918747
460	1.10745	1.10947	0.00091676
461	1.10326	1.10946	0.000914871
462	1.13222	1.1095	0.000914216
463	1.11584	1.10952	0.000912344
464	1.08969	1.10948	0.000911378
465	1.0936	1.10944	0.000910057
466	1.09474	1.10941	0.000908651
467	1.11421	1.10942	0.000906764
468	1.1124	1.10943	0.000904848
469	1.10838	1.10942	0.000902922
470	1.11794	1.10944	0.000901183
471	1.13692	1.1095	0.000901156
472	1.08737	1.10945	0.000900465
473	1.10067	1.10943	0.000898753
474	1.08989	1.10939	0.000897803
475	1.08012	1.10933	0.000898026
476	1.13603	1.10939	0.00089789
477	1.13051	1.10943	0.000897099
478	1.14043	1.1095	0.000897563
479	1.06283	1.1094	0.000900961
480	1.11535	1.10941	0.00089917
481	1.11845	1.10943	0.000897496
482	1.126	1.10947	0.000896292
483	1.10196	1.10945	0.000894571
484	1.12669	1.10949	0.000893432
485	1.07776	1.10942	0.000893981
486	1.12396	1.10945	0.000892642
487	1.10082	1.10943	0.000890985
488	1.12195	1.10946	0.000889528
489	1.10898	1.10946	0.000887709
490	1.13751	1.10951	0.000887742
491	1.10001	1.10949	0.000886145
492	1.08398	1.10944	0.00088586
493	1.09029	1.1094	0.000884915
494	1.0945	1.10937	0.000883638
495	1.13342	1.10942	0.000883187
496	1.08921	1.10938	0.000882346
497	1.0902	1.10934	0.000881415
498	1.09801	1.10932	0.000879939
499	1.12962	1.10936	0.000879115
500	1.09482	1.10933	0.000877838
501	1.1133	1.10934	0.000876122
502	1.13018	1.10938	0.000875359
503	1.16816	1.1095	0.000881385
504	1.11932	1.10952	0.000879852
505	1.10283	1.1095	0.000878209
506	1.07391	1.10943	0.000879287
507	1.06829	1.10935	0.000881289
508	1.11777	1.10937	0.00087971
509	1.10795	1.10937	0.000877986
510	1.08648	1.10932	0.000877411
511	1.09186	1.10929	0.000876359
512	1.12972	1.10933	0.000875555
513	1.11613	1.10934	0.000873948
514	1.09607	1.10932	0.000872629
515	1.10659	1.10931	0.000870951
516	1.0928	1.10928	0.000869851
517	1.10566	1.10927	0.000868196
518	1.13787	1.10933	0.000868273
519	1.08077	1.10927	0.000868342
520	1.10329	1.10926	0.000866748
521	1.09442	1.10923	0.000865553
522	1.11201	1.10924	0.000863911
523	1.11645	1.10925	0.000862369
524	1.09696	1.10923	0.000861042
525	1.12584	1.10926	0.000859984
526	1.15512	1.10935	0.000862757
527	1.13842	1.1094	0.000862883
528	1.10658	1.1094	0.000861265
529	1.10667	1.10939	0.000859652
530	1.1001	1.10937	0.000858209
531	1.10218	1.10936	0.0008567
532	1.13239	1.1094	0.000856183
533	1.12764	1.10944	0.00085526
534	1.13221	1.10948	0.000854721
535	1.11773	1.10949	0.000853262
536	1.11625	1.10951	0.000851763
537	1.11419	1.10952	0.000850222
538	1.10929	1.10952	0.000848642
539	1.09212	1.10948	0.000847681
540	1.0882	1.10944	0.000847026
541	1.13006	1.10948	0.000846318
542	1.07791	1.10942	0.000846758
543	1.1126	1.10943	0.000845219
544	1.10888	1.10943	0.000843666
545	1.11752	1.10944	0.000842249
546	1.12743	1.10948	0.00084135
547	1.11156	1.10948	0.00083982
548	1.10995	1.10948	0.000838288
549	1.10865	1.10948	0.000836763
550	1.13852	1.10953	0.000836906
551	1.13704	1.10958	0.000836874
552	1.10035	1.10957	0.000835525
553	1.08863	1.10953	0.000834872
554	1.08386	1.10948	0.00083465
555	1.11226	1.10949	0.000833161
556	1.08226	1.10944	0.000833101
557	1.09835	1.10942	0.000831843
558	1.11157	1.10942	0.000830361
559	1.14354	1.10948	0.000831116
560	1.1296	1.10952	0.000830408
561	1.07226	1.10945	0.000831579
562	1.10076	1.10944	0.000830243
563	1.11037	1.10944	0.00082877
564	1.12864	1.10947	0.000828
565	1.08297	1.10943	0.000827862
566	1.13022	1.10946	0.000827214
567	1.0972	1.10944	0.000826038
568	1.10792	1.10944	0.000824588
569	1.08836	1.1094	0.000823971
570	1.10425	1.10939	0.000822575
571	1.0886	1.10936	0.00082194
572	1.1455	1.10942	0.000822929
573	1.09241	1.10939	0.000822028
574	1.09454	1.10936	0.000821003
575	1.09899	1.10934	0.000819773
576	1.11666	1.10936	0.000818448
577	1.12591	1.10939	0.000817532
578	1.11326	1.10939	0.000816145
579	1.11803	1.10941	0.000814872
580	1.09866	1.10939	0.000813678
581	1.11478	1.1094	0.00081233
582	1.0953	1.10937	0.000811296
583	1.08689	1.10934	0.00081082
584	1.10294	1.10932	0.000809506
585	1.10907	1.10932	0.000808122
586	1.11018	1.10933	0.000806744
587	1.08445	1.10928	0.000806482
588	1.09521	1.10926	0.000805465
589	1.12501	1.10929	0.000804542
590	1.12102	1.10931	0.000803423
591	1.13194	1.10934	0.000802976
592	1.11227	1.10935	0.000801635
593	1.09282	1.10932	0.000800768
594	1.07544	1.10926	0.000801448
595	1.10497	1.10926	0.000800134
596	1.08823	1.10922	0.000799569
597	1.11685	1.10923	0.000798331
598	1.13879	1.10928	0.000798524
599	1.09676	1.10926	0.000797465
600	1.09815	1.10924	0.000796351
601	1.10492	1.10924	0.000795058
602	1.11669	1.10925	0.000793834
603	1.10186	1.10924	0.000792612
604	1.10381	1.10923	0.000791351
605	1.08451	1.10919	0.000791097
606	1.07912	1.10914	0.000791346
607	1.06656	1.10907	0.000793144
608	1.08065	1.10902	0.000793216
609	1.11159	1.10903	0.000791925
610	1.12848	1.10906	0.000791268
611	1.13443	1.1091	0.000791063
612	1.09276	1.10907	0.000790221
613	1.09323	1.10905	0.000789354
614	1.1077	1.10904	0.000788071
615	1.09672	1.10902	0.000787045
616	1.11019	1.10903	0.000785769
617	1.13679	1.10907	0.000785783
618	1.10513	1.10906	0.000784537
619	1.10288	1.10905	0.000783334
620	1.12667	1.10908	0.000782585
621	1.11413	1.10909	0.000781367
622	1.09891	1.10907	0.000780282
623	1.07574	1.10902	0.000780862
624	1.07061	1.10896	0.000782033
625	1.10742	1.10896	0.000780786
626	1.10575	1.10895	0.000779555
627	1.09446	1.10893	0.000778654
628	1.14688	1.10899	0.000779756
629	1.09422	1.10897	0.00077887
630	1.12458	1.10899	0.000778028
631	1.13367	1.10903	0.000777778
632	1.08366	1.10899	0.000777583
633	1.10165	1.10898	0.000776441
634	1.10528	1.10897	0.000775238
635	1.1066	1.10897	0.000774026
636	1.11517	1.10898	0.000772871
637	1.12711	1.10901	0.000772181
638	1.11107	1.10901	0.000770978
639	1.11604	1.10902	0.00076985
640	1.11466	1.10903	0.000768697
641	1.10443	1.10902	0.000767532
642	1.11876	1.10904	0.000766486
643	1.09698	1.10902	0.000765523
644	1.09152	1.10899	0.000764816
645	1.10049	1.10898	0.000763744
646	1.05651	1.1089	0.000766869
647	1.10894	1.1089	0.000765684
648	1.14607	1.10895	0.000766648
649	1.13387	1.10899	0.000766428
650	1.11203	1.109	0.000765263
651	1.1314	1.10903	0.000764861
652	1.09534	1.10901	0.000763976
653	1.10248	1.109	0.000762871
654	1.11723	1.10901	0.000761808
655	1.10529	1.10901	0.000760667
656	1.13229	1.10904	0.000760334
657	1.09973	1.10903	0.000759309
658	1.05756	1.10895	0.000762174
659	1.13111	1.10899	0.000761759
660	1.15289	1.10905	0.000763504
661	1.09217	1.10903	0.000762776
662	1.12541	1.10905	0.000762025
663	1.0899	1.10902	0.000761423
664	1.11165	1.10903	0.000760287
665	1.11303	1.10903	0.000759167
666	1.10572	1.10903	0.000758044
667	1.10354	1.10902	0.000756952
668	1.08929	1.10899	0.000756394
669	1.12569	1.10901	0.000755675
670	1.10395	1.10901	0.000754585
671	1.12627	1.10903	0.000753899
672	1.09499	1.10901	0.000753067
673	1.15234	1.10908	0.000754694
674	1.11635	1.10909	0.000753652
675	1.07673	1.10904	0.000754058
676	1.09572	1.10902	0.0007532
677	1.12923	1.10905	0.000752679
678	1.10237	1.10904	0.000751633
679	1.06972	1.10898	0.000752754
680	1.12898	1.10901	0.000752221
681	1.12173	1.10903	0.000751349
682	1.10536	1.10902	0.000750266
683	1.10359	1.10902	0.00074921
684	1.11024	1.10902	0.000748117
685	1.11022	1.10902	0.000747027
686	1.14023	1.10906	0.000747322
687	1.13748	1.10911	0.000747378
688	1.0981	1.10909	0.000746462
689	1.12364	1.10911	0.000745678
690	1.13169	1.10914	0.000745315
691	1.10306	1.10914	0.000744288
692	1.08673	1.1091	0.000743917
693	1.12398	1.10912	0.000743153
694	1.09056	1.1091	0.000742563
695	1.07087	1.10904	0.000743529
696	1.08688	1.10901	0.000743143
697	1.09183	1.10899	0.000742485
698	1.06312	1.10892	0.000744324
699	1.09	1.10889	0.000743751
700	1.09813	1.10888	0.000742847
701	1.08418	1.10884	0.000742622
702	1.10001	1.10883	0.000741671
703	1.11774	1.10884	0.000740724
704	1.14936	1.1089	0.000741904
705	1.09174	1.10888	0.000741251
706	1.12693	1.1089	0.000740643
707	1.11537	1.10891	0.000739652
708	1.10961	1.10891	0.000738607
709	1.11416	1.10892	0.000737603
710	1.09222	1.1089	0.000736939
711	1.07534	1.10885	0.000737413
712	1.10541	1.10884	0.000736393
713	1.07632	1.1088	0.000736772
714	1.11369	1.1088	0.000735772
715	1.10746	1.1088	0.000734745
716	1.07182	1.10875	0.000735532
717	1.08859	1.10872	0.000735044
718	1.09154	1.1087	0.000734409
719	1.12691	1.10872	0.000733824
720	1.11655	1.10874	0.000732885
721	1.13317	1.10877	0.000732652
722	1.08155	1.10873	0.000732606
723	1.09846	1.10872	0.000731731
724	1.12563	1.10874	0.000731093
725	1.11691	1.10875	0.000730171
726	1.13283	1.10879	0.000729918
727	1.11449	1.10879	0.000728956
728	1.11068	1.1088	0.00072796
729	1.11632	1.10881	0.000727034
730	1.10439	1.1088	0.000726064
731	1.09118	1.10878	0.000725471
732	1.10663	1.10877	0.000724485
733	1.10499	1.10877	0.000723515
734	1.09851	1.10875	0.000722665
735	1.11095	1.10876	0.000721687
736	1.12927	1.10878	0.000721245
737	1.11653	1.1088	0.000720343
738	1.11761	1.10881	0.000719466
739	1.12483	1.10883	0.000718819
740	1.12523	1.10885	0.000718189
741	1.11131	1.10885	0.000717228
742	1.11471	1.10886	0.000716304
743	1.10722	1.10886	0.000715344
744	1.0921	1.10884	0.000714737
745	1.14966	1.10889	0.000715875
746	1.12783	1.10892	0.000715365
747	1.13824	1.10896	0.000715483
748	1.09342	1.10894	0.000714828
749	1.10029	1.10892	0.000713967
750	1.09592	1.10891	0.000713226
751	1.07592	1.10886	0.000713627
752	1.11503	1.10887	0.000712725
753	1.11955	1.10889	0.00071192
754	1.09258	1.10886	0.000711304
755	1.12785	1.10889	0.000710806
756	1.10666	1.10889	0.000709872
757	1.09324	1.10887	0.000709235
758	1.10432	1.10886	0.000708325
759	1.14752	1.10891	0.000709221
760	1.10846	1.10891	0.000708288
761	1.14865	1.10896	0.00070928
762	1.11465	1.10897	0.000708388
763	1.08909	1.10894	0.000707939
764	1.09746	1.10893	0.000707172
765	1.10006	1.10892	0.000706342
766	1.09882	1.1089	0.000705543
767	1.12053	1.10892	0.000704786
768	1.11769	1.10893	0.000703961
769	1.14633	1.10898	0.000704724
770	1.12071	1.10899	0.000703973
771	1.08713	1.10897	0.000703631
772	1.11275	1.10897	0.000702737
773	1.13312	1.109	0.000702521
774	1.11889	1.10901	0.00070173
775	1.10263	1.10901	0.000700873
776	1.11834	1.10902	0.000700073
777	1.12209	1.10904	0.000699374
778	1.12097	1.10905	0.000698643
779	1.12494	1.10907	0.000698044
780	1.12914	1.1091	0.000697623
781	1.12206	1.10911	0.000696927
782	1.10302	1.10911	0.00069608
783	1.10108	1.1091	0.000695266
784	1.09747	1.10908	0.000694537
785	1.13661	1.10912	0.000694537
786	1.10701	1.10911	0.000693659
787	1.12243	1.10913	0.000692984
788	1.14256	1.10917	0.000693402
789	1.11091	1.10917	0.000692526
790	1.11188	1.10918	0.000691658
791	1.06042	1.10912	0.000693525
792	1.08564	1.10909	0.000693282
793	1.09904	1.10907	0.000692524
794	1.11636	1.10908	0.000691712
795	1.12194	1.1091	0.000691031
796	1.12061	1.10911	0.000690314
797	1.12452	1.10913	0.000689719
798	1.11264	1.10914	0.000688868
799	1.0822	1.1091	0.000688831
800	1.14021	1.10914	0.000689066
801	1.11871	1.10915	0.000688309
802	1.10964	1.10916	0.000687451
803	1.12349	1.10917	0.000686827
804	1.10061	1.10916	0.000686055
805	1.10825	1.10916	0.000685204
806	1.08375	1.10913	0.000685079
807	1.14359	1.10917	0.000685559
808	1.12121	1.10919	0.000684873
809	1.11345	1.10919	0.000684046
810	1.11762	1.1092	0.000683281
811	1.13242	1.10923	0.000683038
812	1.09309	1.10921	0.000682486
813	1.087	1.10918	0.000682193
814	1.10284	1.10918	0.000681399
815	1.09027	1.10915	0.000680958
816	1.10826	1.10915	0.000680125
817	1.11646	1.10916	0.000679351
818	1.12807	1.10918	0.000678913
819	1.14144	1.10922	0.000679226
820	1.11037	1.10923	0.000678399
821	1.11201	1.10923	0.000677581
822	1.12595	1.10925	0.000677062
823	1.08284	1.10922	0.000677
824	1.11508	1.10922	0.000676215
825	1.07957	1.10919	0.00067635
826	1.08782	1.10916	0.000676026
827	1.09599	1.10915	0.000675396
828	1.12003	1.10916	0.000674708
829	1.12672	1.10918	0.000674227
830	1.12212	1.1092	0.000673595
831	1.09612	1.10918	0.000672968
832	1.107	1.10918	0.000672164
833	1.11341	1.10918	0.000671376
834	1.09288	1.10916	0.000670856
835	1.09368	1.10914	0.000670309
836	1.11985	1.10916	0.000669629
837	1.11831	1.10917	0.000668918
838	1.10964	1.10917	0.00066812
839	1.11347	1.10917	0.000667344
840	1.07896	1.10914	0.000667518
841	1.08689	1.10911	0.000667248
842	1.12126	1.10913	0.000666612
843	1.11093	1.10913	0.000665825
844	1.12106	1.10914	0.000665186
845	1.0991	1.10913	0.000664505
846	1.09053	1.10911	0.000664083
847	1.07919	1.10907	0.000664238
848	1.0829	1.10904	0.000664171
849	1.13741	1.10908	0.000664229
850	1.11525	1.10908	0.000663487
851	1.07559	1.10904	0.000663873
852	1.08055	1.10901	0.000663936
853	1.14168	1.10905	0.000664261
854	1.08727	1.10902	0.000663973
855	1.16505	1.10909	0.000666421
856	1.06294	1.10903	0.000667819
857	1.14367	1.10907	0.000668262
858	1.12123	1.10909	0.000667633
859	1.10881	1.10909	0.000666856
860	1.10053	1.10908	0.000666155
861	1.12936	1.1091	0.000665798
862	1.14648	1.10915	0.000666435
863	1.09519	1.10913	0.000665859
864	1.11975	1.10914	0.000665202
865	1.08426	1.10911	0.000665055
866	1.08657	1.10909	0.000664796
867	1.1003	1.10908	0.000664107
868	1.12095	1.10909	0.000663482
869	1.12014	1.1091	0.000662841
870	1.11891	1.10911	0.000662175
871	1.13121	1.10914	0.0006619
872	1.10014	1.10913	0.000661221
873	1.0971	1.10912	0.000660607
874	1.08325	1.10909	0.000660514
875	1.12539	1.1091	0.000660022
876	1.1279	1.10913	0.000659617
877	1.10353	1.10912	0.000658896
878	1.08851	1.1091	0.000658564
879	1.10108	1.10909	0.000657878
880	1.12434	1.1091	0.000657358
881	1.09642	1.10909	0.00065677
882	1.10474	1.10909	0.000656044
883	1.12127	1.1091	0.000655446
884	1.0949	1.10908	0.000654901
885	1.10598	1.10908	0.000654171
886	1.08535	1.10905	0.00065398
887	1.08209	1.10902	0.000653949
888	1.12406	1.10904	0.000653432
889	1.13847	1.10907	0.000653535
890	1.12874	1.10909	0.000653174
891	1.14087	1.10913	0.000653414
892	1.13922	1.10916	0.000653552
893	1.06945	1.10912	0.000654331
894	1.12714	1.10914	0.00065391
895	1.09316	1.10912	0.000653423
896	1.08333	1.10909	0.000653327
897	1.13305	1.10912	0.000653144
898	1.12144	1.10913	0.000652561
899	1.10424	1.10913	0.000651858
900	1.108	1.10913	0.000651135
901	1.13591	1.10916	0.00065109
902	1.10633	1.10915	0.000650376
903	1.10021	1.10914	0.000649731
904	1.1111	1.10915	0.000649016
905	1.15709	1.1092	0.000650457
906	1.12835	1.10922	0.000650083
907	1.08152	1.10919	0.000650083
908	1.10697	1.10919	0.000649372
909	1.0874	1.10916	0.000649099
910	1.08064	1.10913	0.000649143
911	1.1269	1.10915	0.000648723
912	1.10708	1.10915	0.000648015
913	1.11597	1.10916	0.000647349
914	1.0983	1.10914	0.000646749
915	1.08697	1.10912	0.000646496
916	1.11212	1.10912	0.000645799
917	1.13125	1.10915	0.000645545
918	1.11728	1.10916	0.000644903
919	1.10335	1.10915	0.000644232
920	1.10014	1.10914	0.000643606
921	1.1017	1.10913	0.000642958
922	1.09842	1.10912	0.000642365
923	1.12045	1.10913	0.000641787
924	1.12026	1.10914	0.000641205
925	1.1179	1.10915	0.000640582
926	1.10492	1.10915	0.000639906
927	1.05833	1.10909	0.00064156
928	1.09464	1.10908	0.000641058
929	1.11132	1.10908	0.000640373
930	1.06917	1.10904	0.000641121
931	1.10024	1.10903	0.000640502
932	1.09262	1.10901	0.000640056
933	1.08921	1.10899	0.000639722
934	1.10696	1.10899	0.000639041
935	1.09613	1.10897	0.000638505
936	1.1335	1.109	0.000638361
937	1.14042	1.10903	0.000638559
938	1.12095	1.10905	0.000638005
939	1.13445	1.10907	0.000637899
940	1.07855	1.10904	0.000638046
941	1.09245	1.10902	0.000637612
942	1.14749	1.10906	0.000638241
943	1.16082	1.10912	0.00063992
944	1.15064	1.10916	0.000640751
945	1.11464	1.10917	0.0006401
946	1.12911	1.10919	0.00063977
947	1.1065	1.10919	0.000639101
948	1.13579	1.10922	0.000639042
949	1.12633	1.10923	0.000638623
950	1.10103	1.10923	0.000638009
951	1.10446	1.10922	0.000637358
952	1.11041	1.10922	0.00063669
953	1.08265	1.10919	0.000636632
954	1.10935	1.10919	0.000635965
955	1.10952	1.10919	0.000635299
956	1.09935	1.10918	0.000634718
957	1.10306	1.10918	0.000634087
958	1.07888	1.10915	0.000634213
959	1.13221	1.10917	0.000634008
960	1.11384	1.10917	0.000633366
961	1.07816	1.10914	0.000633528
962	1.10905	1.10914	0.00063287
963	1.09537	1.10913	0.000632374
964	1.10422	1.10912	0.000631739
965	1.09884	1.10911	0.000631174
966	1.11672	1.10912	0.00063057
967	1.09646	1.10911	0.000630053
968	1.09638	1.10909	0.00062954
969	1.09735	1.10908	0.000629007
970	1.12085	1.10909	0.000628475
971	1.1192	1.1091	0.000627914
972	1.13083	1.10913	0.000627666
973	1.10756	1.10912	0.000627023
974	1.12451	1.10914	0.000626578
975	1.05581	1.10909	0.000628319
976	1.09667	1.10907	0.000627804
977	1.10147	1.10907	0.000627209
978	1.1649	1.10912	0.000629161
979	1.10019	1.10911	0.000628585
980	1.10761	1.10911	0.000627945
981	1.14398	1.10915	0.00062831
982	1.119	1.10916	0.00062775
983	1.08609	1.10913	0.00062755
984	1.08883	1.10911	0.000627252
985	1.11225	1.10912	0.000626623
986	1.0986	1.10911	0.000626078
987	1.09138	1.10909	0.000625702
988	1.09064	1.10907	0.000625347
989	1.12016	1.10908	0.000624815
990	1.13619	1.10911	0.000624784
991	1.11793	1.10912	0.000624217
992	1.14566	1.10915	0.000624674
993	1.11938	1.10916	0.000624129
994	1.10631	1.10916	0.000623508
995	1.10841	1.10916	0.000622882
996	1.11882	1.10917	0.000622332
997	1.14579	1.10921	0.00062279
998	1.14388	1.10924	0.000623135
999	1.11812	1.10925	0.000622575
1000	1.14977	1.10929	0.000623269
