BLOCK:	ACTUAL_TE:	TE_AVE:	ERROR:
1	-3.77913	-3.77913	0
2	-3.77764	-3.77838	0.000528765
3	-3.77527	-3.77735	0.000916971
4	-3.77762	-3.77742	0.000690233
5	-3.78018	-3.77797	0.000741661
6	-3.77867	-3.77809	0.000627306
7	-3.77757	-3.77801	0.000541934
8	-3.77672	-3.77785	0.000497763
9	-3.77976	-3.77806	0.000485665
10	-3.77893	-3.77815	0.000444683
11	-3.77878	-3.77821	0.000407929
12	-3.77944	-3.77831	0.000386702
13	-3.77896	-3.77836	0.000360178
14	-3.77938	-3.77843	0.000341796
15	-3.78193	-3.77867	0.00039036
16	-3.77973	-3.77873	0.000371613
17	-3.78042	-3.77883	0.000362714
18	-3.7784	-3.77881	0.000343347
19	-3.77972	-3.77886	0.000328626
20	-3.77956	-3.77889	0.00031407
21	-3.77743	-3.77882	0.00030671
22	-3.77517	-3.77866	0.000334685
23	-3.77559	-3.77852	0.000345625
24	-3.77805	-3.7785	0.000331791
25	-3.77745	-3.77846	0.000321196
26	-3.77866	-3.77847	0.000308932
27	-3.7797	-3.77851	0.000300862
28	-3.77934	-3.77854	0.000291543
29	-3.7788	-3.77855	0.000281624
30	-3.78067	-3.77862	0.000280975
31	-3.77878	-3.77863	0.000271956
32	-3.77438	-3.7785	0.000294122
33	-3.7789	-3.77851	0.000285461
34	-3.77833	-3.7785	0.000277114
35	-3.77829	-3.7785	0.000269263
36	-3.77971	-3.77853	0.000263873
37	-3.7778	-3.77851	0.000257488
38	-3.78121	-3.77858	0.000260322
39	-3.78286	-3.77869	0.000275805
40	-3.78092	-3.77875	0.000274503
41	-3.7792	-3.77876	0.000268029
42	-3.77722	-3.77872	0.000264147
43	-3.77866	-3.77872	0.000258007
44	-3.77769	-3.7787	0.000253203
45	-3.77822	-3.77869	0.000247796
46	-3.77959	-3.77871	0.00024318
47	-3.7776	-3.77868	0.000239145
48	-3.77925	-3.77869	0.000234452
49	-3.77897	-3.7787	0.000229737
50	-3.77912	-3.77871	0.000225298
51	-3.77832	-3.7787	0.000221011
52	-3.7794	-3.77871	0.000217165
53	-3.78137	-3.77876	0.000218779
54	-3.78072	-3.7788	0.000217695
55	-3.77896	-3.7788	0.000213756
56	-3.77798	-3.77879	0.000210448
57	-3.77994	-3.77881	0.000207718
58	-3.7794	-3.77882	0.000204392
59	-3.77787	-3.7788	0.000201554
60	-3.78085	-3.77884	0.000201075
61	-3.77935	-3.77884	0.000197954
62	-3.77939	-3.77885	0.000194957
63	-3.7773	-3.77883	0.000193424
64	-3.77952	-3.77884	0.000190704
65	-3.78008	-3.77886	0.000188725
66	-3.78035	-3.77888	0.000187215
67	-3.78073	-3.77891	0.000186449
68	-3.77755	-3.77889	0.000184782
69	-3.77682	-3.77886	0.000184527
70	-3.7768	-3.77883	0.000184224
71	-3.77854	-3.77883	0.000181675
72	-3.77771	-3.77881	0.000179815
73	-3.77536	-3.77876	0.000183456
74	-3.77347	-3.77869	0.000194426
75	-3.77542	-3.77865	0.000196672
76	-3.77579	-3.77861	0.000197646
77	-3.77652	-3.77858	0.000196932
78	-3.77709	-3.77856	0.00019534
79	-3.77736	-3.77855	0.00019346
80	-3.77846	-3.77855	0.000191045
81	-3.7768	-3.77853	0.000189896
82	-3.77837	-3.77852	0.000187589
83	-3.77937	-3.77853	0.000185604
84	-3.77775	-3.77852	0.000183629
85	-3.778	-3.77852	0.000181572
86	-3.77905	-3.77852	0.000179564
87	-3.77964	-3.77854	0.000177954
88	-3.77889	-3.77854	0.000175977
89	-3.7775	-3.77853	0.000174386
90	-3.77716	-3.77851	0.000173116
91	-3.77618	-3.77849	0.000173105
92	-3.77643	-3.77847	0.000172663
93	-3.77806	-3.77846	0.00017086
94	-3.7782	-3.77846	0.000169065
95	-3.77729	-3.77845	0.000167732
96	-3.7784	-3.77845	0.000165986
97	-3.77643	-3.77843	0.000165573
98	-3.77438	-3.77838	0.000168944
99	-3.77718	-3.77837	0.000167674
100	-3.7774	-3.77836	0.00016628
101	-3.77757	-3.77835	0.000164818
102	-3.77909	-3.77836	0.000163361
103	-3.77993	-3.77838	0.00016248
104	-3.77696	-3.77836	0.000161484
105	-3.77966	-3.77838	0.000160418
106	-3.77663	-3.77836	0.000159745
107	-3.77861	-3.77836	0.000158269
108	-3.78135	-3.77839	0.00015921
109	-3.78045	-3.77841	0.000158864
110	-3.77478	-3.77838	0.000160803
111	-3.7768	-3.77836	0.000159983
112	-3.77771	-3.77836	0.00015866
113	-3.77993	-3.77837	0.000157866
114	-3.77775	-3.77836	0.000156574
115	-3.7769	-3.77835	0.000155732
116	-3.77572	-3.77833	0.000156032
117	-3.77708	-3.77832	0.000155061
118	-3.77665	-3.7783	0.000154387
119	-3.77723	-3.77829	0.000153353
120	-3.77799	-3.77829	0.000152096
121	-3.77672	-3.77828	0.00015139
122	-3.77903	-3.77829	0.000150275
123	-3.7786	-3.77829	0.000149074
124	-3.77795	-3.77828	0.000147898
125	-3.77841	-3.77829	0.000146718
126	-3.77674	-3.77827	0.000146065
127	-3.77692	-3.77826	0.000145302
128	-3.7777	-3.77826	0.000144233
129	-3.78034	-3.77827	0.000144016
130	-3.77842	-3.77828	0.000142912
131	-3.77964	-3.77829	0.000142199
132	-3.77602	-3.77827	0.000142158
133	-3.77803	-3.77827	0.0001411
134	-3.77758	-3.77826	0.00014014
135	-3.77864	-3.77826	0.00013913
136	-3.77876	-3.77827	0.000138154
137	-3.77749	-3.77826	0.000137262
138	-3.7773	-3.77826	0.000136445
139	-3.77639	-3.77824	0.000136121
140	-3.77728	-3.77824	0.000135322
141	-3.7779	-3.77823	0.000134383
142	-3.77695	-3.77822	0.000133741
143	-3.7781	-3.77822	0.000132808
144	-3.77624	-3.77821	0.000132595
145	-3.77912	-3.77822	0.000131829
146	-3.77699	-3.77821	0.000131195
147	-3.78036	-3.77822	0.00013112
148	-3.77745	-3.77822	0.000130338
149	-3.78049	-3.77823	0.000130355
150	-3.77646	-3.77822	0.00013002
151	-3.78125	-3.77824	0.000130694
152	-3.77933	-3.77825	0.000130031
153	-3.77858	-3.77825	0.000129199
154	-3.77731	-3.77824	0.000128504
155	-3.7789	-3.77825	0.000127745
156	-3.77654	-3.77824	0.000127396
157	-3.77732	-3.77823	0.000126718
158	-3.77954	-3.77824	0.000126186
159	-3.77923	-3.77825	0.000125545
160	-3.77871	-3.77825	0.000124794
161	-3.77638	-3.77824	0.000124559
162	-3.77786	-3.77823	0.000123811
163	-3.77976	-3.77824	0.000123406
164	-3.78009	-3.77826	0.000123168
165	-3.77758	-3.77825	0.000122489
166	-3.78048	-3.77826	0.000122487
167	-3.77573	-3.77825	0.00012269
168	-3.77679	-3.77824	0.000122266
169	-3.78018	-3.77825	0.000122082
170	-3.77555	-3.77824	0.000122393
171	-3.77644	-3.77823	0.000122128
172	-3.77848	-3.77823	0.000121427
173	-3.77985	-3.77824	0.000121086
174	-3.77865	-3.77824	0.000120413
175	-3.77983	-3.77825	0.000120066
176	-3.77822	-3.77825	0.000119384
177	-3.7792	-3.77825	0.000118831
178	-3.7781	-3.77825	0.000118167
179	-3.77908	-3.77826	0.000117597
180	-3.77593	-3.77824	0.000117655
181	-3.77595	-3.77823	0.000117689
182	-3.77657	-3.77822	0.000117395
183	-3.77978	-3.77823	0.000117064
184	-3.7762	-3.77822	0.000116948
185	-3.78019	-3.77823	0.000116799
186	-3.7772	-3.77822	0.000116303
187	-3.77526	-3.77821	0.000116757
188	-3.77958	-3.77822	0.000116363
189	-3.78059	-3.77823	0.000116422
190	-3.77692	-3.77822	0.000116012
191	-3.78032	-3.77823	0.000115923
192	-3.77814	-3.77823	0.00011532
193	-3.7778	-3.77823	0.000114744
194	-3.78013	-3.77824	0.000114571
195	-3.77991	-3.77825	0.000114304
196	-3.77507	-3.77823	0.000114862
197	-3.77611	-3.77822	0.000114784
198	-3.77864	-3.77822	0.000114224
199	-3.77635	-3.77821	0.000114036
200	-3.77669	-3.77821	0.00011372
201	-3.78039	-3.77822	0.000113674
202	-3.78085	-3.77823	0.000113853
203	-3.77988	-3.77824	0.000113582
204	-3.78097	-3.77825	0.00011381
205	-3.77772	-3.77825	0.000113285
206	-3.78004	-3.77826	0.000113069
207	-3.77973	-3.77827	0.000112746
208	-3.77894	-3.77827	0.000112251
209	-3.77661	-3.77826	0.000111994
210	-3.77515	-3.77825	0.000112437
211	-3.77569	-3.77823	0.000112555
212	-3.77933	-3.77824	0.000112143
213	-3.77571	-3.77823	0.000112241
214	-3.7787	-3.77823	0.000111738
215	-3.77991	-3.77824	0.000111493
216	-3.7787	-3.77824	0.000110997
217	-3.77818	-3.77824	0.000110486
218	-3.78025	-3.77825	0.000110364
219	-3.77919	-3.77825	0.000109944
220	-3.77927	-3.77826	0.000109542
221	-3.77863	-3.77826	0.00010906
222	-3.78013	-3.77827	0.000108893
223	-3.77842	-3.77827	0.000108407
224	-3.77995	-3.77828	0.000108182
225	-3.77713	-3.77827	0.000107822
226	-3.77683	-3.77826	0.000107533
227	-3.77775	-3.77826	0.000107083
228	-3.77745	-3.77826	0.000106673
229	-3.78022	-3.77827	0.00010655
230	-3.7766	-3.77826	0.000106333
231	-3.7744	-3.77824	0.000107175
232	-3.77701	-3.77824	0.000106845
233	-3.77807	-3.77824	0.000106389
234	-3.77955	-3.77824	0.000106083
235	-3.77748	-3.77824	0.000105681
236	-3.77736	-3.77824	0.000105298
237	-3.77868	-3.77824	0.000104871
238	-3.77913	-3.77824	0.000104498
239	-3.77536	-3.77823	0.000104753
240	-3.78139	-3.77824	0.000105143
241	-3.77759	-3.77824	0.000104742
242	-3.77724	-3.77824	0.000104391
243	-3.77595	-3.77823	0.000104383
244	-3.78032	-3.77823	0.000104308
245	-3.77922	-3.77824	0.00010396
246	-3.77776	-3.77824	0.000103556
247	-3.77777	-3.77823	0.000103153
248	-3.77847	-3.77824	0.000102742
249	-3.77731	-3.77823	0.000102397
250	-3.7767	-3.77823	0.00010217
251	-3.77683	-3.77822	0.000101915
252	-3.77949	-3.77823	0.000101634
253	-3.77821	-3.77823	0.000101232
254	-3.77917	-3.77823	0.000100902
255	-3.77667	-3.77822	0.000100691
256	-3.78001	-3.77823	0.000100541
257	-3.77612	-3.77822	0.000100483
258	-3.77886	-3.77822	0.000100124
259	-3.77754	-3.77822	9.97725e-05
260	-3.7788	-3.77822	9.94139e-05
261	-3.77736	-3.77822	9.90876e-05
262	-3.77744	-3.77822	9.87544e-05
263	-3.77834	-3.77822	9.83801e-05
264	-3.77589	-3.77821	9.84013e-05
265	-3.77777	-3.77821	9.80439e-05
266	-3.77688	-3.7782	9.78016e-05
267	-3.77576	-3.77819	9.78629e-05
268	-3.77526	-3.77818	9.81061e-05
269	-3.77844	-3.77818	9.7746e-05
270	-3.77937	-3.77819	9.74836e-05
271	-3.78027	-3.7782	9.74252e-05
272	-3.77767	-3.77819	9.7086e-05
273	-3.77916	-3.7782	9.67944e-05
274	-3.77783	-3.7782	9.64504e-05
275	-3.77827	-3.7782	9.61001e-05
276	-3.7787	-3.7782	9.57694e-05
277	-3.77936	-3.7782	9.55154e-05
278	-3.7792	-3.77821	9.52393e-05
279	-3.77673	-3.7782	9.50453e-05
280	-3.77789	-3.7782	9.47122e-05
281	-3.77813	-3.7782	9.43755e-05
282	-3.77956	-3.7782	9.41641e-05
283	-3.78077	-3.77821	9.42675e-05
284	-3.77693	-3.77821	9.40437e-05
285	-3.7772	-3.7782	9.37807e-05
286	-3.77753	-3.7782	9.34826e-05
287	-3.77682	-3.7782	9.32812e-05
288	-3.77601	-3.77819	9.32669e-05
289	-3.77844	-3.77819	9.29481e-05
290	-3.77927	-3.77819	9.27021e-05
291	-3.7775	-3.77819	9.24145e-05
292	-3.77742	-3.77819	9.21358e-05
293	-3.7771	-3.77819	9.18965e-05
294	-3.7791	-3.77819	9.16364e-05
295	-3.77959	-3.77819	9.14495e-05
296	-3.77716	-3.77819	9.12074e-05
297	-3.7764	-3.77818	9.10995e-05
298	-3.77735	-3.77818	9.08368e-05
299	-3.77794	-3.77818	9.05365e-05
300	-3.77811	-3.77818	9.0235e-05
301	-3.77856	-3.77818	8.99438e-05
302	-3.77783	-3.77818	8.96534e-05
303	-3.77986	-3.77819	8.9528e-05
304	-3.77945	-3.77819	8.93307e-05
305	-3.7777	-3.77819	8.9052e-05
306	-3.77741	-3.77819	8.87975e-05
307	-3.77747	-3.77818	8.85388e-05
308	-3.77706	-3.77818	8.83259e-05
309	-3.77807	-3.77818	8.80407e-05
310	-3.77939	-3.77818	8.78433e-05
311	-3.77764	-3.77818	8.75783e-05
312	-3.77776	-3.77818	8.73081e-05
313	-3.77705	-3.77818	8.71034e-05
314	-3.77746	-3.77817	8.68557e-05
315	-3.77859	-3.77818	8.659e-05
316	-3.77712	-3.77817	8.63798e-05
317	-3.77977	-3.77818	8.62538e-05
318	-3.77914	-3.77818	8.6036e-05
319	-3.77758	-3.77818	8.57867e-05
320	-3.77878	-3.77818	8.55394e-05
321	-3.77754	-3.77818	8.52959e-05
322	-3.78041	-3.77819	8.53123e-05
323	-3.77984	-3.77819	8.52021e-05
324	-3.7784	-3.77819	8.49417e-05
325	-3.77783	-3.77819	8.46876e-05
326	-3.77755	-3.77819	8.44508e-05
327	-3.77634	-3.77818	8.43816e-05
328	-3.77778	-3.77818	8.41333e-05
329	-3.77647	-3.77818	8.40384e-05
330	-3.77887	-3.77818	8.38101e-05
331	-3.77936	-3.77818	8.36326e-05
332	-3.77935	-3.77819	8.34553e-05
333	-3.7773	-3.77818	8.32472e-05
334	-3.7786	-3.77818	8.30075e-05
335	-3.77876	-3.77819	8.27774e-05
336	-3.77764	-3.77818	8.25467e-05
337	-3.77979	-3.77819	8.24391e-05
338	-3.7797	-3.77819	8.23166e-05
339	-3.77967	-3.7782	8.2189e-05
340	-3.77821	-3.7782	8.19473e-05
341	-3.78046	-3.7782	8.1976e-05
342	-3.77991	-3.77821	8.18877e-05
343	-3.78015	-3.77821	8.18448e-05
344	-3.78019	-3.77822	8.18084e-05
345	-3.77807	-3.77822	8.15724e-05
346	-3.77853	-3.77822	8.13415e-05
347	-3.7783	-3.77822	8.11074e-05
348	-3.77897	-3.77822	8.09029e-05
349	-3.7765	-3.77822	8.08212e-05
350	-3.77716	-3.77822	8.06472e-05
351	-3.78054	-3.77822	8.0689e-05
352	-3.78035	-3.77823	8.0685e-05
353	-3.78094	-3.77824	8.08211e-05
354	-3.78061	-3.77824	8.08705e-05
355	-3.77798	-3.77824	8.06462e-05
356	-3.77736	-3.77824	8.0458e-05
357	-3.77816	-3.77824	8.02329e-05
358	-3.77745	-3.77824	8.00391e-05
359	-3.77774	-3.77824	7.98281e-05
360	-3.77683	-3.77823	7.9702e-05
361	-3.77921	-3.77823	7.95276e-05
362	-3.77934	-3.77824	7.93663e-05
363	-3.77542	-3.77823	7.95264e-05
364	-3.77881	-3.77823	7.93236e-05
365	-3.77655	-3.77823	7.92402e-05
366	-3.77683	-3.77822	7.91157e-05
367	-3.7762	-3.77822	7.90912e-05
368	-3.77867	-3.77822	7.88856e-05
369	-3.78015	-3.77822	7.88459e-05
370	-3.78062	-3.77823	7.8899e-05
371	-3.77757	-3.77823	7.87063e-05
372	-3.77889	-3.77823	7.8515e-05
373	-3.77996	-3.77823	7.84421e-05
374	-3.78409	-3.77825	7.97786e-05
375	-3.77874	-3.77825	7.95767e-05
376	-3.77706	-3.77825	7.94278e-05
377	-3.7787	-3.77825	7.9226e-05
378	-3.77884	-3.77825	7.90315e-05
379	-3.77983	-3.77826	7.89333e-05
380	-3.77636	-3.77825	7.88834e-05
381	-3.77857	-3.77825	7.86806e-05
382	-3.77675	-3.77825	7.85731e-05
383	-3.77915	-3.77825	7.84031e-05
384	-3.77994	-3.77825	7.83222e-05
385	-3.77724	-3.77825	7.81634e-05
386	-3.77657	-3.77825	7.80827e-05
387	-3.77574	-3.77824	7.81493e-05
388	-3.77419	-3.77823	7.86428e-05
389	-3.77625	-3.77823	7.86048e-05
390	-3.77988	-3.77823	7.85176e-05
391	-3.77573	-3.77822	7.85776e-05
392	-3.77494	-3.77821	7.88222e-05
393	-3.77728	-3.77821	7.86577e-05
394	-3.7794	-3.77822	7.8516e-05
395	-3.77929	-3.77822	7.83647e-05
396	-3.78041	-3.77822	7.83617e-05
397	-3.77676	-3.77822	7.82505e-05
398	-3.7766	-3.77822	7.81591e-05
399	-3.77739	-3.77821	7.79905e-05
400	-3.77636	-3.77821	7.79335e-05
401	-3.78013	-3.77821	7.78863e-05
402	-3.77941	-3.77822	7.77496e-05
403	-3.77787	-3.77822	7.75614e-05
404	-3.77802	-3.77822	7.73709e-05
405	-3.77893	-3.77822	7.71998e-05
406	-3.77906	-3.77822	7.70376e-05
407	-3.77587	-3.77821	7.70645e-05
408	-3.77827	-3.77821	7.68757e-05
409	-3.7774	-3.77821	7.67133e-05
410	-3.77748	-3.77821	7.65468e-05
411	-3.78002	-3.77821	7.64874e-05
412	-3.77806	-3.77821	7.63027e-05
413	-3.77806	-3.77821	7.61189e-05
414	-3.77699	-3.77821	7.59925e-05
415	-3.7809	-3.77822	7.60844e-05
416	-3.77661	-3.77821	7.5999e-05
417	-3.77806	-3.77821	7.58176e-05
418	-3.77988	-3.77822	7.57413e-05
419	-3.77963	-3.77822	7.56353e-05
420	-3.78052	-3.77823	7.56539e-05
421	-3.77865	-3.77823	7.5481e-05
422	-3.77692	-3.77822	7.53657e-05
423	-3.77623	-3.77822	7.53349e-05
424	-3.77655	-3.77822	7.52603e-05
425	-3.77809	-3.77821	7.50838e-05
426	-3.77899	-3.77822	7.49298e-05
427	-3.77617	-3.77821	7.49076e-05
428	-3.77636	-3.77821	7.4857e-05
429	-3.77696	-3.7782	7.47385e-05
430	-3.77529	-3.7782	7.48704e-05
431	-3.77908	-3.7782	7.47249e-05
432	-3.77878	-3.7782	7.4564e-05
433	-3.77958	-3.7782	7.44602e-05
434	-3.78018	-3.77821	7.44274e-05
435	-3.77846	-3.77821	7.42585e-05
436	-3.7768	-3.77821	7.41587e-05
437	-3.77627	-3.7782	7.41215e-05
438	-3.77826	-3.7782	7.39524e-05
439	-3.77905	-3.7782	7.3809e-05
440	-3.77566	-3.7782	7.38668e-05
441	-3.77707	-3.7782	7.37434e-05
442	-3.7772	-3.77819	7.36107e-05
443	-3.77537	-3.77819	7.37204e-05
444	-3.77835	-3.77819	7.35552e-05
445	-3.77441	-3.77818	7.38777e-05
446	-3.77749	-3.77818	7.37284e-05
447	-3.7811	-3.77818	7.38526e-05
448	-3.77919	-3.77819	7.37218e-05
449	-3.7784	-3.77819	7.35591e-05
450	-3.77929	-3.77819	7.34365e-05
451	-3.77815	-3.77819	7.32737e-05
452	-3.78071	-3.77819	7.33228e-05
453	-3.77648	-3.77819	7.32585e-05
454	-3.77848	-3.77819	7.30999e-05
455	-3.77701	-3.77819	7.29856e-05
456	-3.77665	-3.77819	7.29032e-05
457	-3.77776	-3.77818	7.27495e-05
458	-3.77832	-3.77818	7.25913e-05
459	-3.77939	-3.77819	7.24807e-05
460	-3.77753	-3.77819	7.23373e-05
461	-3.78055	-3.77819	7.23618e-05
462	-3.78002	-3.77819	7.23135e-05
463	-3.77657	-3.77819	7.22422e-05
464	-3.77845	-3.77819	7.20886e-05
465	-3.77729	-3.77819	7.19596e-05
466	-3.77957	-3.77819	7.18662e-05
467	-3.77817	-3.77819	7.17123e-05
468	-3.77758	-3.77819	7.1571e-05
469	-3.77618	-3.77819	7.15472e-05
470	-3.77939	-3.77819	7.14405e-05
471	-3.77708	-3.77819	7.13276e-05
472	-3.77983	-3.77819	7.12613e-05
473	-3.7779	-3.77819	7.11133e-05
474	-3.77723	-3.77819	7.0992e-05
475	-3.77676	-3.77819	7.09065e-05
476	-3.7779	-3.77818	7.07601e-05
477	-3.77841	-3.77819	7.06133e-05
478	-3.78069	-3.77819	7.06602e-05
479	-3.77929	-3.77819	7.05502e-05
480	-3.7766	-3.77819	7.04807e-05
481	-3.77765	-3.77819	7.03432e-05
482	-3.77899	-3.77819	7.02172e-05
483	-3.77765	-3.77819	7.00808e-05
484	-3.77854	-3.77819	6.99397e-05
485	-3.7795	-3.77819	6.98476e-05
486	-3.7798	-3.7782	6.97822e-05
487	-3.77961	-3.7782	6.9699e-05
488	-3.77807	-3.7782	6.95567e-05
489	-3.77701	-3.7782	6.94571e-05
490	-3.77855	-3.7782	6.9319e-05
491	-3.77883	-3.7782	6.91898e-05
492	-3.77872	-3.7782	6.90572e-05
493	-3.77856	-3.7782	6.89209e-05
494	-3.77616	-3.7782	6.89055e-05
495	-3.77875	-3.7782	6.87755e-05
496	-3.77615	-3.77819	6.876e-05
497	-3.7776	-3.77819	6.8632e-05
498	-3.77728	-3.77819	6.85187e-05
499	-3.77785	-3.77819	6.83848e-05
500	-3.77861	-3.77819	6.82531e-05
501	-3.77956	-3.77819	6.81714e-05
502	-3.77802	-3.77819	6.80364e-05
503	-3.7803	-3.7782	6.80297e-05
504	-3.77807	-3.7782	6.78952e-05
505	-3.77838	-3.7782	6.77617e-05
506	-3.77727	-3.77819	6.76527e-05
507	-3.775	-3.77819	6.78124e-05
508	-3.77947	-3.77819	6.77257e-05
509	-3.7788	-3.77819	6.76032e-05
510	-3.77499	-3.77819	6.77621e-05
511	-3.77679	-3.77818	6.76849e-05
512	-3.78051	-3.77819	6.77052e-05
513	-3.77955	-3.77819	6.76257e-05
514	-3.78037	-3.77819	6.76276e-05
515	-3.77932	-3.7782	6.75313e-05
516	-3.77685	-3.77819	6.74512e-05
517	-3.77935	-3.7782	6.73575e-05
518	-3.7764	-3.77819	6.73162e-05
519	-3.7774	-3.77819	6.72038e-05
520	-3.77932	-3.77819	6.71095e-05
521	-3.77966	-3.7782	6.70396e-05
522	-3.77864	-3.7782	6.69167e-05
523	-3.77707	-3.77819	6.68232e-05
524	-3.7768	-3.77819	6.67484e-05
525	-3.77858	-3.77819	6.66254e-05
526	-3.78118	-3.7782	6.67395e-05
527	-3.77927	-3.7782	6.66438e-05
528	-3.77626	-3.7782	6.66188e-05
529	-3.77796	-3.7782	6.64944e-05
530	-3.77977	-3.7782	6.64348e-05
531	-3.77857	-3.7782	6.63134e-05
532	-3.77947	-3.7782	6.62319e-05
533	-3.77983	-3.77821	6.6178e-05
534	-3.78088	-3.77821	6.62436e-05
535	-3.77707	-3.77821	6.61542e-05
536	-3.77878	-3.77821	6.60394e-05
537	-3.77645	-3.77821	6.59975e-05
538	-3.77625	-3.7782	6.59753e-05
539	-3.77982	-3.77821	6.5921e-05
540	-3.77847	-3.77821	6.58007e-05
541	-3.78124	-3.77821	6.59169e-05
542	-3.7791	-3.77821	6.58158e-05
543	-3.77764	-3.77821	6.57031e-05
544	-3.78051	-3.77822	6.5718e-05
545	-3.7788	-3.77822	6.56061e-05
546	-3.77606	-3.77821	6.56049e-05
547	-3.77934	-3.77822	6.5517e-05
548	-3.77743	-3.77821	6.54132e-05
549	-3.77427	-3.77821	6.56882e-05
550	-3.77994	-3.77821	6.56439e-05
551	-3.77935	-3.77821	6.55571e-05
552	-3.77943	-3.77821	6.54758e-05
553	-3.77718	-3.77821	6.53843e-05
554	-3.77721	-3.77821	6.52912e-05
555	-3.7778	-3.77821	6.51777e-05
556	-3.77683	-3.77821	6.51076e-05
557	-3.77795	-3.77821	6.49923e-05
558	-3.77706	-3.77821	6.49084e-05
559	-3.77795	-3.7782	6.47939e-05
560	-3.77979	-3.77821	6.47402e-05
561	-3.77753	-3.77821	6.46359e-05
562	-3.77769	-3.77821	6.45275e-05
563	-3.77864	-3.77821	6.44175e-05
564	-3.77617	-3.7782	6.44048e-05
565	-3.78005	-3.77821	6.43738e-05
566	-3.77821	-3.77821	6.426e-05
567	-3.7736	-3.7782	6.4658e-05
568	-3.7765	-3.77819	6.46133e-05
569	-3.77758	-3.77819	6.45089e-05
570	-3.77747	-3.77819	6.44083e-05
571	-3.7768	-3.77819	6.43414e-05
572	-3.77797	-3.77819	6.423e-05
573	-3.77968	-3.77819	6.41702e-05
574	-3.7796	-3.77819	6.41052e-05
575	-3.77547	-3.77819	6.4168e-05
576	-3.77666	-3.77819	6.41117e-05
577	-3.77659	-3.77818	6.40604e-05
578	-3.77767	-3.77818	6.39558e-05
579	-3.77841	-3.77818	6.38466e-05
580	-3.77795	-3.77818	6.37378e-05
581	-3.77559	-3.77818	6.3784e-05
582	-3.77753	-3.77818	6.36843e-05
583	-3.77807	-3.77818	6.35753e-05
584	-3.78006	-3.77818	6.35482e-05
585	-3.77737	-3.77818	6.34547e-05
586	-3.77709	-3.77818	6.33735e-05
587	-3.77566	-3.77817	6.34102e-05
588	-3.77707	-3.77817	6.333e-05
589	-3.7772	-3.77817	6.32438e-05
590	-3.77666	-3.77817	6.31885e-05
591	-3.77863	-3.77817	6.30864e-05
592	-3.77556	-3.77816	6.31335e-05
593	-3.77629	-3.77816	6.3106e-05
594	-3.77482	-3.77815	6.32492e-05
595	-3.77824	-3.77816	6.3143e-05
596	-3.78074	-3.77816	6.3186e-05
597	-3.77905	-3.77816	6.30979e-05
598	-3.77611	-3.77816	6.30855e-05
599	-3.77561	-3.77815	6.31234e-05
600	-3.77752	-3.77815	6.30269e-05
601	-3.77894	-3.77815	6.29357e-05
602	-3.7775	-3.77815	6.28405e-05
603	-3.77873	-3.77815	6.27436e-05
604	-3.77644	-3.77815	6.27036e-05
605	-3.7785	-3.77815	6.26026e-05
606	-3.77733	-3.77815	6.25139e-05
607	-3.77891	-3.77815	6.24236e-05
608	-3.77783	-3.77815	6.23231e-05
609	-3.77739	-3.77815	6.22332e-05
610	-3.7782	-3.77815	6.21313e-05
611	-3.77849	-3.77815	6.20321e-05
612	-3.77814	-3.77815	6.19307e-05
613	-3.77552	-3.77815	6.19783e-05
614	-3.77677	-3.77814	6.19176e-05
615	-3.77906	-3.77814	6.18346e-05
616	-3.77974	-3.77815	6.17885e-05
617	-3.77873	-3.77815	6.16955e-05
618	-3.77698	-3.77815	6.16247e-05
619	-3.77743	-3.77815	6.1536e-05
620	-3.77988	-3.77815	6.15004e-05
621	-3.77825	-3.77815	6.14016e-05
622	-3.77954	-3.77815	6.13435e-05
623	-3.7774	-3.77815	6.1257e-05
624	-3.77651	-3.77815	6.12151e-05
625	-3.7767	-3.77814	6.11612e-05
626	-3.77727	-3.77814	6.10794e-05
627	-3.77582	-3.77814	6.10947e-05
628	-3.77658	-3.77814	6.1048e-05
629	-3.78074	-3.77814	6.10911e-05
630	-3.77925	-3.77814	6.10197e-05
631	-3.78037	-3.77815	6.10248e-05
632	-3.78153	-3.77815	6.11629e-05
633	-3.77712	-3.77815	6.1088e-05
634	-3.7762	-3.77815	6.10688e-05
635	-3.778	-3.77815	6.09731e-05
636	-3.7778	-3.77815	6.08797e-05
637	-3.77911	-3.77815	6.08027e-05
638	-3.77747	-3.77815	6.07167e-05
639	-3.77797	-3.77815	6.06223e-05
640	-3.77913	-3.77815	6.05472e-05
641	-3.77859	-3.77815	6.04567e-05
642	-3.77627	-3.77815	6.04335e-05
643	-3.78043	-3.77815	6.04437e-05
644	-3.77803	-3.77815	6.03501e-05
645	-3.77835	-3.77815	6.02573e-05
646	-3.77632	-3.77815	6.02304e-05
647	-3.77881	-3.77815	6.01461e-05
648	-3.78073	-3.77815	6.01849e-05
649	-3.77804	-3.77815	6.00924e-05
650	-3.778	-3.77815	6.00005e-05
651	-3.7767	-3.77815	5.99497e-05
652	-3.77752	-3.77815	5.98656e-05
653	-3.77785	-3.77815	5.97757e-05
654	-3.77815	-3.77815	5.96843e-05
655	-3.77859	-3.77815	5.9597e-05
656	-3.77934	-3.77815	5.95339e-05
657	-3.77773	-3.77815	5.94468e-05
658	-3.77733	-3.77815	5.93695e-05
659	-3.77747	-3.77815	5.92884e-05
660	-3.7788	-3.77815	5.92068e-05
661	-3.77513	-3.77814	5.92932e-05
662	-3.77732	-3.77814	5.92168e-05
663	-3.77717	-3.77814	5.91457e-05
664	-3.77848	-3.77814	5.90589e-05
665	-3.77616	-3.77814	5.90455e-05
666	-3.77651	-3.77814	5.90077e-05
667	-3.77665	-3.77813	5.89613e-05
668	-3.77656	-3.77813	5.89201e-05
669	-3.77754	-3.77813	5.88386e-05
670	-3.78045	-3.77813	5.88525e-05
671	-3.7762	-3.77813	5.88355e-05
672	-3.77804	-3.77813	5.87481e-05
673	-3.7767	-3.77813	5.86991e-05
674	-3.77593	-3.77813	5.87025e-05
675	-3.77787	-3.77812	5.86168e-05
676	-3.7778	-3.77812	5.8532e-05
677	-3.77804	-3.77812	5.84457e-05
678	-3.78039	-3.77813	5.84552e-05
679	-3.77767	-3.77813	5.8373e-05
680	-3.7786	-3.77813	5.82913e-05
681	-3.78081	-3.77813	5.83386e-05
682	-3.77766	-3.77813	5.82571e-05
683	-3.7792	-3.77813	5.8193e-05
684	-3.77808	-3.77813	5.8108e-05
685	-3.77902	-3.77813	5.80376e-05
686	-3.77905	-3.77814	5.79684e-05
687	-3.77917	-3.77814	5.79037e-05
688	-3.77948	-3.77814	5.78525e-05
689	-3.77811	-3.77814	5.77685e-05
690	-3.77597	-3.77814	5.77705e-05
691	-3.77906	-3.77814	5.77024e-05
692	-3.7771	-3.77814	5.76384e-05
693	-3.77734	-3.77813	5.75667e-05
694	-3.77706	-3.77813	5.75045e-05
695	-3.77623	-3.77813	5.74868e-05
696	-3.77695	-3.77813	5.74292e-05
697	-3.77439	-3.77812	5.75962e-05
698	-3.77574	-3.77812	5.76144e-05
699	-3.77878	-3.77812	5.75397e-05
700	-3.77491	-3.77812	5.76403e-05
701	-3.77725	-3.77811	5.75713e-05
702	-3.7764	-3.77811	5.75412e-05
703	-3.77697	-3.77811	5.74824e-05
704	-3.77886	-3.77811	5.74105e-05
705	-3.77918	-3.77811	5.73493e-05
706	-3.77688	-3.77811	5.72945e-05
707	-3.77717	-3.77811	5.72291e-05
708	-3.77825	-3.77811	5.71486e-05
709	-3.78144	-3.77811	5.72604e-05
710	-3.77624	-3.77811	5.72404e-05
711	-3.77736	-3.77811	5.71696e-05
712	-3.77633	-3.77811	5.71437e-05
713	-3.77894	-3.77811	5.70755e-05
714	-3.77723	-3.77811	5.70089e-05
715	-3.77744	-3.77811	5.69368e-05
716	-3.77679	-3.77811	5.68872e-05
717	-3.78096	-3.77811	5.69472e-05
718	-3.77786	-3.77811	5.6869e-05
719	-3.77563	-3.77811	5.68939e-05
720	-3.78088	-3.77811	5.69449e-05
721	-3.77903	-3.77811	5.68803e-05
722	-3.77731	-3.77811	5.68123e-05
723	-3.77725	-3.77811	5.67461e-05
724	-3.776	-3.77811	5.67422e-05
725	-3.77788	-3.77811	5.66648e-05
726	-3.77908	-3.77811	5.66026e-05
727	-3.78045	-3.77811	5.66166e-05
728	-3.77994	-3.77811	5.65949e-05
729	-3.77959	-3.77811	5.65537e-05
730	-3.77489	-3.77811	5.66481e-05
731	-3.77887	-3.77811	5.65801e-05
732	-3.77542	-3.77811	5.66221e-05
733	-3.78208	-3.77811	5.68043e-05
734	-3.77912	-3.77811	5.67435e-05
735	-3.77956	-3.77812	5.67003e-05
736	-3.7793	-3.77812	5.66459e-05
737	-3.77797	-3.77812	5.65694e-05
738	-3.7774	-3.77812	5.65011e-05
739	-3.7786	-3.77812	5.64285e-05
740	-3.77902	-3.77812	5.63655e-05
741	-3.77828	-3.77812	5.62898e-05
742	-3.77839	-3.77812	5.62152e-05
743	-3.77812	-3.77812	5.61395e-05
744	-3.77667	-3.77812	5.60977e-05
745	-3.77898	-3.77812	5.60343e-05
746	-3.77831	-3.77812	5.59597e-05
747	-3.77942	-3.77812	5.59118e-05
748	-3.77909	-3.77812	5.5852e-05
749	-3.77962	-3.77812	5.5813e-05
750	-3.78023	-3.77813	5.5809e-05
751	-3.77837	-3.77813	5.57356e-05
752	-3.77659	-3.77812	5.56988e-05
753	-3.77878	-3.77813	5.56317e-05
754	-3.77744	-3.77812	5.55654e-05
755	-3.77698	-3.77812	5.55126e-05
756	-3.7781	-3.77812	5.54391e-05
757	-3.77873	-3.77812	5.53716e-05
758	-3.77734	-3.77812	5.53083e-05
759	-3.77604	-3.77812	5.53036e-05
760	-3.77671	-3.77812	5.52619e-05
761	-3.78048	-3.77812	5.52764e-05
762	-3.77875	-3.77812	5.52099e-05
763	-3.77809	-3.77812	5.51376e-05
764	-3.77955	-3.77812	5.50971e-05
765	-3.77877	-3.77812	5.50316e-05
766	-3.77746	-3.77812	5.49667e-05
767	-3.77803	-3.77812	5.48951e-05
768	-3.77879	-3.77812	5.48305e-05
769	-3.7787	-3.77813	5.47643e-05
770	-3.7783	-3.77813	5.46937e-05
771	-3.77947	-3.77813	5.46507e-05
772	-3.77904	-3.77813	5.45927e-05
773	-3.77716	-3.77813	5.45363e-05
774	-3.77891	-3.77813	5.44753e-05
775	-3.77548	-3.77813	5.45122e-05
776	-3.77612	-3.77812	5.45033e-05
777	-3.78088	-3.77813	5.45483e-05
778	-3.78056	-3.77813	5.4568e-05
779	-3.77743	-3.77813	5.45053e-05
780	-3.77791	-3.77813	5.44361e-05
781	-3.7809	-3.77813	5.44818e-05
782	-3.77741	-3.77813	5.44199e-05
783	-3.77947	-3.77813	5.43773e-05
784	-3.78012	-3.77813	5.43672e-05
785	-3.78056	-3.77814	5.43854e-05
786	-3.77957	-3.77814	5.43466e-05
787	-3.77673	-3.77814	5.43072e-05
788	-3.77664	-3.77814	5.42717e-05
789	-3.77977	-3.77814	5.42425e-05
790	-3.78051	-3.77814	5.42571e-05
791	-3.77601	-3.77814	5.42552e-05
792	-3.77651	-3.77814	5.42256e-05
793	-3.77782	-3.77814	5.41587e-05
794	-3.78136	-3.77814	5.42426e-05
795	-3.78008	-3.77814	5.42291e-05
796	-3.78186	-3.77815	5.43614e-05
797	-3.77691	-3.77815	5.43154e-05
798	-3.77737	-3.77814	5.4256e-05
799	-3.77802	-3.77814	5.41883e-05
800	-3.77855	-3.77814	5.4123e-05
801	-3.77809	-3.77814	5.40555e-05
802	-3.77907	-3.77815	5.40004e-05
803	-3.77818	-3.77815	5.39332e-05
804	-3.77674	-3.77814	5.38947e-05
805	-3.77799	-3.77814	5.3828e-05
806	-3.77832	-3.77814	5.37617e-05
807	-3.78012	-3.77815	5.37506e-05
808	-3.78039	-3.77815	5.3756e-05
809	-3.78038	-3.77815	5.37604e-05
810	-3.77848	-3.77815	5.36955e-05
811	-3.78054	-3.77816	5.37097e-05
812	-3.7799	-3.77816	5.36867e-05
813	-3.7761	-3.77816	5.36805e-05
814	-3.77703	-3.77815	5.36323e-05
815	-3.77927	-3.77816	5.3584e-05
816	-3.77924	-3.77816	5.35349e-05
817	-3.77675	-3.77815	5.34972e-05
818	-3.77823	-3.77816	5.34319e-05
819	-3.77894	-3.77816	5.33752e-05
820	-3.77617	-3.77815	5.33653e-05
821	-3.77742	-3.77815	5.33077e-05
822	-3.77907	-3.77815	5.32545e-05
823	-3.77834	-3.77815	5.31902e-05
824	-3.77801	-3.77815	5.31259e-05
825	-3.77866	-3.77815	5.30651e-05
826	-3.77856	-3.77815	5.3003e-05
827	-3.77954	-3.77816	5.29653e-05
828	-3.77829	-3.77816	5.29015e-05
829	-3.77932	-3.77816	5.28562e-05
830	-3.77852	-3.77816	5.27943e-05
831	-3.77768	-3.77816	5.27339e-05
832	-3.77605	-3.77816	5.27313e-05
833	-3.77685	-3.77815	5.26911e-05
834	-3.77608	-3.77815	5.26864e-05
835	-3.7748	-3.77815	5.27756e-05
836	-3.77667	-3.77815	5.27419e-05
837	-3.77941	-3.77815	5.27006e-05
838	-3.77667	-3.77815	5.26672e-05
839	-3.77832	-3.77815	5.26049e-05
840	-3.77532	-3.77814	5.26497e-05
841	-3.77468	-3.77814	5.27482e-05
842	-3.77604	-3.77814	5.27446e-05
843	-3.77788	-3.77814	5.26829e-05
844	-3.77862	-3.77814	5.26236e-05
845	-3.77861	-3.77814	5.25643e-05
846	-3.78046	-3.77814	5.25738e-05
847	-3.77606	-3.77814	5.25691e-05
848	-3.77921	-3.77814	5.25222e-05
849	-3.78146	-3.77814	5.26061e-05
850	-3.77769	-3.77814	5.25469e-05
851	-3.77558	-3.77814	5.25716e-05
852	-3.77829	-3.77814	5.25102e-05
853	-3.7753	-3.77814	5.25542e-05
854	-3.77784	-3.77813	5.24938e-05
855	-3.77781	-3.77813	5.24338e-05
856	-3.77772	-3.77813	5.23748e-05
857	-3.77824	-3.77813	5.23138e-05
858	-3.77615	-3.77813	5.2304e-05
859	-3.78008	-3.77813	5.22924e-05
860	-3.77715	-3.77813	5.22442e-05
861	-3.77806	-3.77813	5.21836e-05
862	-3.78137	-3.77814	5.2258e-05
863	-3.7789	-3.77814	5.2205e-05
864	-3.77718	-3.77814	5.21564e-05
865	-3.77532	-3.77813	5.21974e-05
866	-3.77714	-3.77813	5.21497e-05
867	-3.77685	-3.77813	5.21104e-05
868	-3.77886	-3.77813	5.20572e-05
869	-3.77842	-3.77813	5.19984e-05
870	-3.77777	-3.77813	5.19403e-05
871	-3.77766	-3.77813	5.18834e-05
872	-3.7783	-3.77813	5.18243e-05
873	-3.77657	-3.77813	5.17959e-05
874	-3.78051	-3.77813	5.18084e-05
875	-3.77906	-3.77813	5.176e-05
876	-3.77984	-3.77813	5.17376e-05
877	-3.77697	-3.77813	5.16958e-05
878	-3.77736	-3.77813	5.16444e-05
879	-3.7767	-3.77813	5.16114e-05
880	-3.77735	-3.77813	5.15603e-05
881	-3.77765	-3.77813	5.15046e-05
882	-3.77804	-3.77813	5.14463e-05
883	-3.77698	-3.77813	5.14045e-05
884	-3.77633	-3.77813	5.13866e-05
885	-3.77838	-3.77813	5.13294e-05
886	-3.77657	-3.77812	5.13016e-05
887	-3.77576	-3.77812	5.13129e-05
888	-3.77772	-3.77812	5.12572e-05
889	-3.77861	-3.77812	5.12024e-05
890	-3.77725	-3.77812	5.11544e-05
891	-3.77845	-3.77812	5.10983e-05
892	-3.78121	-3.77812	5.11581e-05
893	-3.7775	-3.77812	5.11056e-05
894	-3.77946	-3.77813	5.10703e-05
895	-3.77766	-3.77813	5.10159e-05
896	-3.77699	-3.77812	5.09748e-05
897	-3.7784	-3.77812	5.09188e-05
898	-3.7782	-3.77812	5.08622e-05
899	-3.77586	-3.77812	5.0868e-05
900	-3.77823	-3.77812	5.08116e-05
901	-3.77867	-3.77812	5.07589e-05
902	-3.77881	-3.77812	5.07084e-05
903	-3.77838	-3.77812	5.0653e-05
904	-3.77992	-3.77813	5.0636e-05
905	-3.7789	-3.77813	5.05873e-05
906	-3.7786	-3.77813	5.05342e-05
907	-3.77659	-3.77813	5.05067e-05
908	-3.78333	-3.77813	5.07755e-05
909	-3.78044	-3.77813	5.07832e-05
910	-3.7757	-3.77813	5.07976e-05
911	-3.77862	-3.77813	5.07447e-05
912	-3.78072	-3.77813	5.07682e-05
913	-3.77858	-3.77813	5.07149e-05
914	-3.77609	-3.77813	5.07089e-05
915	-3.77645	-3.77813	5.06869e-05
916	-3.77624	-3.77813	5.06736e-05
917	-3.77973	-3.77813	5.06484e-05
918	-3.78016	-3.77813	5.06415e-05
919	-3.77794	-3.77813	5.05869e-05
920	-3.77734	-3.77813	5.05392e-05
921	-3.77718	-3.77813	5.04949e-05
922	-3.77866	-3.77813	5.04433e-05
923	-3.77511	-3.77813	5.04945e-05
924	-3.77797	-3.77813	5.04402e-05
925	-3.77911	-3.77813	5.03969e-05
926	-3.77779	-3.77813	5.03439e-05
927	-3.77526	-3.77813	5.03846e-05
928	-3.77957	-3.77813	5.03543e-05
929	-3.77913	-3.77813	5.03116e-05
930	-3.77636	-3.77813	5.02936e-05
931	-3.78263	-3.77813	5.0472e-05
932	-3.7784	-3.77813	5.04187e-05
933	-3.77797	-3.77813	5.03649e-05
934	-3.77971	-3.77813	5.03393e-05
935	-3.78012	-3.77813	5.03302e-05
936	-3.78161	-3.77814	5.04133e-05
937	-3.77833	-3.77814	5.03599e-05
938	-3.77835	-3.77814	5.03067e-05
939	-3.77833	-3.77814	5.02536e-05
940	-3.7749	-3.77814	5.03183e-05
941	-3.77852	-3.77814	5.02665e-05
942	-3.78141	-3.77814	5.03331e-05
943	-3.77864	-3.77814	5.02825e-05
944	-3.77954	-3.77814	5.02509e-05
945	-3.77747	-3.77814	5.02028e-05
946	-3.77886	-3.77814	5.01555e-05
947	-3.77707	-3.77814	5.01153e-05
948	-3.77877	-3.77814	5.00668e-05
949	-3.78056	-3.77814	5.00788e-05
950	-3.77871	-3.77814	5.00296e-05
951	-3.7774	-3.77814	4.99831e-05
952	-3.77603	-3.77814	4.99798e-05
953	-3.77884	-3.77814	4.99328e-05
954	-3.77682	-3.77814	4.98998e-05
955	-3.77948	-3.77814	4.98672e-05
956	-3.77807	-3.77814	4.98151e-05
957	-3.77916	-3.77814	4.97744e-05
958	-3.77922	-3.77814	4.97351e-05
959	-3.77738	-3.77814	4.96896e-05
960	-3.77667	-3.77814	4.96616e-05
961	-3.77578	-3.77814	4.96706e-05
962	-3.77775	-3.77814	4.96206e-05
963	-3.77732	-3.77814	4.95764e-05
964	-3.77741	-3.77814	4.95306e-05
965	-3.77835	-3.77814	4.94798e-05
966	-3.78167	-3.77814	4.95637e-05
967	-3.78144	-3.77814	4.96301e-05
968	-3.77595	-3.77814	4.96304e-05
969	-3.77851	-3.77814	4.95806e-05
970	-3.77946	-3.77814	4.9548e-05
971	-3.77965	-3.77815	4.95211e-05
972	-3.7801	-3.77815	4.95112e-05
973	-3.77874	-3.77815	4.94641e-05
974	-3.77832	-3.77815	4.94136e-05
975	-3.77712	-3.77815	4.93741e-05
976	-3.7797	-3.77815	4.93491e-05
977	-3.78076	-3.77815	4.93709e-05
978	-3.77771	-3.77815	4.93225e-05
979	-3.77828	-3.77815	4.92723e-05
980	-3.77703	-3.77815	4.92353e-05
981	-3.78184	-3.77815	4.93287e-05
982	-3.78031	-3.77816	4.93272e-05
983	-3.77851	-3.77816	4.92783e-05
984	-3.77737	-3.77816	4.92346e-05
985	-3.77986	-3.77816	4.92151e-05
986	-3.77781	-3.77816	4.91664e-05
987	-3.77869	-3.77816	4.91196e-05
988	-3.77798	-3.77816	4.90702e-05
989	-3.77765	-3.77816	4.90232e-05
990	-3.77648	-3.77816	4.90029e-05
991	-3.7788	-3.77816	4.89578e-05
992	-3.7788	-3.77816	4.89127e-05
993	-3.77733	-3.77816	4.88705e-05
994	-3.7795	-3.77816	4.884e-05
995	-3.7761	-3.77815	4.88346e-05
996	-3.7754	-3.77815	4.88637e-05
997	-3.77873	-3.77815	4.88182e-05
998	-3.78034	-3.77815	4.88183e-05
999	-3.78036	-3.77816	4.88195e-05
1000	-3.77835	-3.77816	4.8771e-05
