BLOCK:	ACTUAL_T:	T_AVE:	ERROR:
1	1.2	1.2	0
2	1.2	1.2	4.21468e-09
3	1.2	1.2	3.44128e-09
4	1.2	1.2	2.98023e-09
5	1.2	1.2	2.6656e-09
6	1.2	1.2	2.43335e-09
7	1.2	1.2	2.25284e-09
8	1.2	1.2	2.10734e-09
9	1.2	1.2	1.98682e-09
10	1.2	1.2	1.88486e-09
11	1.2	1.2	1.79715e-09
12	1.2	1.2	1.72064e-09
13	1.2	1.2	1.65314e-09
14	1.2	1.2	1.593e-09
15	1.2	1.2	1.53899e-09
16	1.2	1.2	1.49012e-09
17	1.2	1.2	1.44562e-09
18	1.2	1.2	1.40489e-09
19	1.2	1.2	1.36742e-09
20	1.2	1.2	1.3328e-09
21	1.2	1.2	1.30068e-09
22	1.2	1.2	1.27078e-09
23	1.2	1.2	1.24284e-09
24	1.2	1.2	1.21667e-09
25	1.2	1.2	1.19209e-09
26	1.2	1.2	1.16894e-09
27	1.2	1.2	1.14709e-09
28	1.2	1.2	1.12642e-09
29	1.2	1.2	4.14138e-09
30	1.2	1.2	4.07177e-09
31	1.2	1.2	5.76499e-09
32	1.2	1.2	5.67419e-09
33	1.2	1.2	5.58756e-09
34	1.2	1.2	6.78058e-09
35	1.2	1.2	6.68301e-09
36	1.2	1.2	6.58954e-09
37	1.2	1.2	7.52671e-09
38	1.2	1.2	7.42702e-09
39	1.2	1.2	7.33118e-09
40	1.2	1.2	8.10711e-09
41	1.2	1.2	8.00763e-09
42	1.2	1.2	7.91173e-09
43	1.2	1.2	7.81919e-09
44	1.2	1.2	8.47713e-09
45	1.2	1.2	8.38241e-09
46	1.2	1.2	8.2908e-09
47	1.2	1.2	8.20212e-09
48	1.2	1.2	8.11623e-09
49	1.2	1.2	8.68358e-09
50	1.2	1.2	8.5963e-09
51	1.2	1.2	8.51161e-09
52	1.2	1.2	8.42937e-09
53	1.2	1.2	8.34947e-09
54	1.2	1.2	8.2718e-09
55	1.2	1.2	7.58217e-09
56	1.2	1.2	7.51417e-09
57	1.2	1.2	6.79139e-09
58	1.2	1.2	6.73259e-09
59	1.2	1.2	6.67529e-09
60	1.2	1.2	5.91059e-09
61	1.2	1.2	5.86194e-09
62	1.2	1.2	5.81447e-09
63	1.2	1.2	4.98123e-09
64	1.2	1.2	4.94216e-09
65	1.2	1.2	4.90399e-09
66	1.2	1.2	3.951e-09
67	1.2	1.2	3.92141e-09
68	1.2	1.2	3.89246e-09
69	1.2	1.2	3.86416e-09
70	1.2	1.2	2.6656e-09
71	1.2	1.2	2.64676e-09
72	1.2	1.2	2.62832e-09
73	1.2	1.2	2.61025e-09
74	1.2	1.2	6.9289e-10
75	1.2	1.2	6.88255e-10
76	1.2	1.2	6.83712e-10
77	1.2	1.2	6.79258e-10
78	1.2	1.2	2.69956e-09
79	1.2	1.2	2.68242e-09
80	1.2	1.2	2.6656e-09
81	1.2	1.2	2.6491e-09
82	1.2	1.2	2.63289e-09
83	1.2	1.2	3.64269e-09
84	1.2	1.2	3.62094e-09
85	1.2	1.2	3.59958e-09
86	1.2	1.2	3.57859e-09
87	1.2	1.2	3.55796e-09
88	1.2	1.2	3.53769e-09
89	1.2	1.2	4.28513e-09
90	1.2	1.2	4.26126e-09
91	1.2	1.2	4.23778e-09
92	1.2	1.2	4.21468e-09
93	1.2	1.2	4.19196e-09
94	1.2	1.2	4.16961e-09
95	1.2	1.2	4.77621e-09
96	1.2	1.2	4.75127e-09
97	1.2	1.2	4.72671e-09
98	1.2	1.2	4.70253e-09
99	1.2	1.2	4.67872e-09
100	1.2	1.2	4.65527e-09
101	1.2	1.2	4.63217e-09
102	1.2	1.2	4.60941e-09
103	1.2	1.2	5.11998e-09
104	1.2	1.2	5.09531e-09
105	1.2	1.2	5.07098e-09
106	1.2	1.2	5.04701e-09
107	1.2	1.2	4.50042e-09
108	1.2	1.2	4.47954e-09
109	1.2	1.2	3.87209e-09
110	1.2	1.2	3.85445e-09
111	1.2	1.2	3.83705e-09
112	1.2	1.2	3.13583e-09
113	1.2	1.2	3.12192e-09
114	1.2	1.2	2.23299e-09
115	1.2	1.2	2.22326e-09
116	1.2	1.2	5.53415e-10
117	1.2	1.2	5.51045e-10
118	1.2	1.2	5.48705e-10
119	1.2	1.2	2.04442e-09
120	1.2	1.2	2.03589e-09
121	1.2	1.2	2.91801e-09
122	1.2	1.2	2.90602e-09
123	1.2	1.2	2.89419e-09
124	1.2	1.2	3.55055e-09
125	1.2	1.2	3.53632e-09
126	1.2	1.2	3.52226e-09
127	1.2	1.2	4.0626e-09
128	1.2	1.2	4.0467e-09
129	1.2	1.2	4.03099e-09
130	1.2	1.2	4.49701e-09
131	1.2	1.2	4.47982e-09
132	1.2	1.2	4.46282e-09
133	1.2	1.2	4.87584e-09
134	1.2	1.2	4.85761e-09
135	1.2	1.2	4.83959e-09
136	1.2	1.2	5.21227e-09
137	1.2	1.2	5.19322e-09
138	1.2	1.2	5.17437e-09
139	1.2	1.2	5.15572e-09
140	1.2	1.2	5.49528e-09
141	1.2	1.2	5.47576e-09
142	1.2	1.2	5.45644e-09
143	1.2	1.2	5.76985e-09
144	1.2	1.2	5.74978e-09
145	1.2	1.2	5.72992e-09
146	1.2	1.2	5.71026e-09
147	1.2	1.2	6.00087e-09
148	1.2	1.2	5.98057e-09
149	1.2	1.2	5.96046e-09
150	1.2	1.2	5.94056e-09
151	1.2	1.2	6.21174e-09
152	1.2	1.2	6.19128e-09
153	1.2	1.2	6.17101e-09
154	1.2	1.2	6.15094e-09
155	1.2	1.2	6.13107e-09
156	1.2	1.2	6.38476e-09
157	1.2	1.2	6.36439e-09
158	1.2	1.2	6.34422e-09
159	1.2	1.2	6.32424e-09
160	1.2	1.2	6.56328e-09
161	1.2	1.2	6.54287e-09
162	1.2	1.2	6.52264e-09
163	1.2	1.2	6.5026e-09
164	1.2	1.2	6.48275e-09
165	1.2	1.2	6.70828e-09
166	1.2	1.2	6.68805e-09
167	1.2	1.2	6.66799e-09
168	1.2	1.2	6.64812e-09
169	1.2	1.2	6.62842e-09
170	1.2	1.2	6.84195e-09
171	1.2	1.2	6.82191e-09
172	1.2	1.2	6.80205e-09
173	1.2	1.2	6.78236e-09
174	1.2	1.2	6.76285e-09
175	1.2	1.2	6.96562e-09