        -1.03487         2.61612         0.59941
        0.582711      -0.0400637       -0.586588
        -1.54503        0.317422        0.087776
       -0.874165        0.656006        -1.37879
        0.954886         1.01934        0.980859
         1.98674      -0.0908099       -0.323085
       0.0690706       -0.837015       -0.680919
        -1.12398       -0.380541       -0.558767
       -0.833944        -0.83911         1.04479
       -0.252647        -1.77911      -0.0399088
       -0.377154       -0.954264        0.257987
       -0.507424       -0.200282        0.679312
         1.04343        -1.14226       -0.703432
        -2.37679         2.26454       -0.953645
        0.218352        -3.09654        0.589514
         0.37808       -0.483543       -0.939307
         2.41892        -1.39898         1.73116
        -1.15528        -1.33862        0.234339
         0.40991        -1.51676        -1.91508
        -1.28512         1.14417       -0.450208
         1.14162       -0.965383        0.671415
         1.53805       -0.585305       -0.274839
         -0.2948        0.300512       -0.646336
        -2.23894         1.46518       -0.938938
         1.70569        0.531253       -0.106737
        0.142592       -0.525184        -1.76262
        0.296417        -1.03884         1.56511
       0.0788865      -0.0944329       -0.206525
         0.64466          0.7559         -1.1569
         -2.3082         1.31881        -1.07625
        0.399645        0.604935       0.0478491
        0.798041        -1.85769         1.53575
        0.331196       -0.144944       -0.190244
        0.222279         1.29281        0.470096
       0.0212032        -1.55664        0.440387
        0.654186       -0.910677        -1.13277
          2.0575         2.54202        0.283548
       -0.823864       -0.639574         1.01419
        0.291079        0.260183         1.85873
        0.904807         -1.0128        0.122303
        0.471766         1.54988        0.332316
       -0.903408        0.373923        0.899205
      -0.0445897        -1.03263        0.941301
        -2.43205        0.786459       0.0742542
       -0.842412       0.0404136          1.4015
        0.152935         1.64546        -1.07203
        0.818154       -0.556062        0.824031
         1.21577         1.39676        0.335833
        -2.82909       -0.837092         0.82166
         1.70553         1.72215       -0.586325
          1.0059         0.69197        0.445096
         2.42907        0.354369        0.129739
         2.00227        0.563994         1.14817
        0.345721         1.01051        0.838657
         1.91503       -0.365269        0.749925
       -0.100292        0.765394       -0.829344
         2.34045         1.38401       -0.744605
       -0.191174        -1.24033       -0.757086
       -0.540422         1.29727        -1.32777
       -0.224649       -0.562493        0.844674
        -2.89338        0.820632      -0.0439402
       -0.504068       -0.705987       -0.523054
        0.581983        -1.01588        0.429007
        0.583885        -0.47442        0.767528
       -0.157504         1.01801       -0.167165
        0.200561      -0.0505153         2.09919
        -1.26293        0.587501        -2.77736
        0.939466       0.0498898        -1.04885
         1.02462        0.734013        0.280267
        0.196878       -0.755753       -0.429291
       -0.475027        0.502424        -2.07317
         1.27831       -0.396906          -1.235
        -2.66793        0.731751         0.17334
       -0.188858        -1.03768       -0.559065
       -0.758682       -0.621349        0.863222
        -0.19124       -0.394978       -0.560367
         -1.3872         1.66588        0.761081
        -2.01491       -0.734414         1.42379
       -0.475794        0.736657        -1.27499
        -1.18038        0.869806       -0.916489
       -0.359411         -1.7693       0.0711461
         1.12908        0.297188         1.35981
        0.475376        0.679357         1.16242
        0.311419         0.18139        0.804803
       -0.802155        0.295146       -0.380627
        -1.07315        0.434351       -0.253406
        -3.25424       -0.286642      -0.0714057
       -0.112926       -0.205739       -0.335035
       -0.605113        0.200358        -1.79608
       -0.245698        -1.90177         3.28151
       -0.022648       -0.249783        -1.44563
       -0.229521       -0.277439         1.07251
       -0.130251         1.11878        0.831479
        0.424739       -0.668719        0.778398
        -1.30034         1.16596        0.720117
       -0.440001       -0.547838        0.411137
      -0.0396215        -1.11378       -0.314809
         1.67503        0.197468         1.07718
        0.397521        -1.78794        -1.83925
         1.50355        0.391191       -0.939694
         2.92026       -0.962382       -0.210975
         1.23429        0.429933        0.121787
        0.117609        0.927735       -0.861073
        0.202823       -0.739032        0.587366
        0.893968       -0.252509        0.741638
        -1.54458        -1.04533       -0.522073
       -0.685292        0.677096        -1.69315
        0.359222        0.635055       -0.208624
