BLOCK:	ACTUAL_KE:	KE_AVE:	ERROR:
1	1.65	1.65	0
2	1.65	1.65	6.14391e-09
3	1.65	1.65	1.10844e-08
4	1.65	1.65	9.5994e-09
5	1.65	1.65	8.58597e-09
6	1.65	1.65	7.83788e-09
7	1.65	1.65	7.21262e-09
8	1.65	1.65	6.74679e-09
9	1.65	1.65	6.36093e-09
10	1.65	1.65	6.03451e-09
11	1.65	1.65	5.75368e-09
12	1.65	1.65	5.54222e-09
13	1.65	1.65	5.32479e-09
14	1.65	1.65	5.1311e-09
15	1.65	1.65	8.56871e-09
16	1.65	1.65	8.29662e-09
17	1.65	1.65	8.0489e-09
18	1.65	1.65	7.82212e-09
19	1.65	1.65	9.82502e-09
20	1.65	1.65	9.57624e-09
21	1.65	1.65	7.24188e-09
22	1.65	1.65	7.07538e-09
23	1.65	1.65	4.00323e-09
24	1.65	1.65	3.91894e-09
25	1.65	1.65	3.81656e-09
26	1.65	1.65	3.74244e-09
27	1.65	1.65	6.37385e-09
28	1.65	1.65	6.25899e-09
29	1.65	1.65	6.15013e-09
30	1.65	1.65	6.04676e-09
31	1.65	1.65	7.68251e-09
32	1.65	1.65	7.56151e-09
33	1.65	1.65	7.44606e-09
34	1.65	1.65	7.33575e-09
35	1.65	1.65	8.55636e-09
36	1.65	1.65	8.43668e-09
37	1.65	1.65	8.32189e-09
38	1.65	1.65	8.21166e-09
39	1.65	1.65	8.1057e-09
40	1.65	1.65	6.76322e-09
41	1.65	1.65	5.17239e-09
42	1.65	1.65	5.11045e-09
43	1.65	1.65	2.9101e-09
44	1.65	1.65	2.87684e-09
45	1.65	1.65	2.86199e-09
46	1.65	1.65	2.83071e-09
47	1.65	1.65	4.84074e-09
48	1.65	1.65	4.79005e-09
49	1.65	1.65	4.74092e-09
50	1.65	1.65	6.05655e-09
51	1.65	1.65	5.99688e-09
52	1.65	1.65	7.02583e-09
53	1.65	1.65	6.95923e-09
54	1.65	1.65	6.89449e-09
55	1.65	1.65	7.74548e-09
56	1.65	1.65	7.67601e-09
57	1.65	1.65	7.60838e-09
58	1.65	1.65	7.5425e-09
59	1.65	1.65	8.26708e-09
60	1.65	1.65	8.1979e-09
61	1.65	1.65	8.13042e-09
62	1.65	1.65	8.76676e-09
63	1.65	1.65	8.6969e-09
64	1.65	1.65	8.62869e-09
65	1.65	1.65	8.56206e-09
66	1.65	1.65	8.49695e-09
67	1.65	1.65	9.05854e-09
68	1.65	1.65	8.99168e-09
69	1.65	1.65	8.92629e-09
70	1.65	1.65	8.8623e-09
71	1.65	1.65	8.79967e-09
72	1.65	1.65	9.30246e-09
73	1.65	1.65	9.23852e-09
74	1.65	1.65	9.17589e-09
75	1.65	1.65	9.11451e-09
76	1.65	1.65	9.05435e-09
77	1.65	1.65	9.50961e-09
78	1.65	1.65	8.93751e-09
79	1.65	1.65	8.34222e-09
80	1.65	1.65	8.28992e-09
81	1.65	1.65	7.66995e-09
82	1.65	1.65	7.01247e-09
83	1.65	1.65	6.9701e-09
84	1.65	1.65	6.26744e-09
85	1.65	1.65	6.23046e-09
86	1.65	1.65	5.46323e-09
87	1.65	1.65	5.43175e-09
88	1.65	1.65	4.56529e-09
89	1.65	1.65	4.53957e-09
90	1.65	1.65	3.49816e-09
91	1.65	1.65	3.47889e-09
92	1.65	1.65	2.00161e-09
93	1.65	1.65	1.99082e-09
94	1.65	1.65	1.96824e-09
95	1.65	1.65	1.95785e-09
96	1.65	1.65	3.38024e-09
97	1.65	1.65	3.36277e-09
98	1.65	1.65	4.32086e-09
99	1.65	1.65	4.29899e-09
100	1.65	1.65	4.27744e-09
101	1.65	1.65	5.03689e-09
102	1.65	1.65	5.01214e-09
103	1.65	1.65	4.98775e-09
104	1.65	1.65	5.62886e-09
105	1.65	1.65	5.60199e-09
106	1.65	1.65	6.16433e-09
107	1.65	1.65	6.13546e-09
108	1.65	1.65	6.10699e-09
109	1.65	1.65	6.60875e-09
110	1.65	1.65	6.57864e-09
111	1.65	1.65	6.54894e-09
112	1.65	1.65	7.00343e-09
113	1.65	1.65	6.97238e-09
114	1.65	1.65	6.94173e-09
115	1.65	1.65	6.91148e-09
116	1.65	1.65	7.32622e-09
117	1.65	1.65	7.29485e-09
118	1.65	1.65	7.26387e-09
119	1.65	1.65	7.64709e-09
120	1.65	1.65	7.61516e-09
121	1.65	1.65	7.58363e-09
122	1.65	1.65	7.55248e-09
123	1.65	1.65	7.90781e-09
124	1.65	1.65	7.87586e-09
125	1.65	1.65	7.8443e-09
126	1.65	1.65	8.1768e-09
127	1.65	1.65	8.14455e-09
128	1.65	1.65	8.11267e-09
129	1.65	1.65	8.08116e-09
130	1.65	1.65	8.05002e-09
131	1.65	1.65	8.36072e-09
132	1.65	1.65	8.32899e-09
133	1.65	1.65	8.29762e-09
134	1.65	1.65	8.2666e-09
135	1.65	1.65	8.5591e-09
136	1.65	1.65	8.52758e-09
137	1.65	1.65	8.4964e-09
138	1.65	1.65	8.46556e-09
139	1.65	1.65	8.43505e-09
140	1.65	1.65	8.71067e-09
141	1.65	1.65	8.67973e-09
142	1.65	1.65	8.64911e-09
143	1.65	1.65	8.61882e-09
144	1.65	1.65	8.58884e-09
145	1.65	1.65	8.84945e-09
146	1.65	1.65	8.8191e-09
147	1.65	1.65	8.78905e-09
148	1.65	1.65	8.7593e-09
149	1.65	1.65	8.72986e-09
150	1.65	1.65	8.97705e-09
151	1.65	1.65	8.94727e-09
152	1.65	1.65	8.91779e-09
153	1.65	1.65	8.8886e-09
154	1.65	1.65	8.8597e-09
155	1.65	1.65	8.83107e-09
156	1.65	1.65	8.80272e-09
157	1.65	1.65	8.77464e-09
158	1.65	1.65	8.74683e-09
159	1.65	1.65	8.71928e-09
160	1.65	1.65	8.69199e-09
161	1.65	1.65	8.92371e-09
162	1.65	1.65	8.89613e-09
163	1.65	1.65	8.8688e-09
164	1.65	1.65	8.84172e-09
165	1.65	1.65	8.81488e-09
166	1.65	1.65	8.78829e-09
167	1.65	1.65	8.76194e-09
168	1.65	1.65	8.98199e-09
169	1.65	1.65	8.95538e-09
170	1.65	1.65	8.929e-09
171	1.65	1.65	8.90286e-09
172	1.65	1.65	8.87694e-09
173	1.65	1.65	8.85124e-09
174	1.65	1.65	8.82577e-09
175	1.65	1.65	9.03528e-09
176	1.65	1.65	9.00958e-09
177	1.65	1.65	8.98409e-09
178	1.65	1.65	8.95882e-09
179	1.65	1.65	8.93376e-09
180	1.65	1.65	8.90891e-09
181	1.65	1.65	8.88426e-09
182	1.65	1.65	8.85982e-09
183	1.65	1.65	9.05934e-09
184	1.65	1.65	9.03468e-09
185	1.65	1.65	9.01023e-09
186	1.65	1.65	8.98598e-09
187	1.65	1.65	8.96192e-09
188	1.65	1.65	8.93805e-09
189	1.65	1.65	8.91438e-09
190	1.65	1.65	8.89089e-09
191	1.65	1.65	9.08132e-09
192	1.65	1.65	9.05764e-09
193	1.65	1.65	9.03414e-09
194	1.65	1.65	9.01083e-09
195	1.65	1.65	8.9877e-09
196	1.65	1.65	8.96474e-09
197	1.65	1.65	8.94196e-09
198	1.65	1.65	8.91935e-09
199	1.65	1.65	8.89691e-09
200	1.65	1.65	9.07871e-09
201	1.65	1.65	9.0561e-09
202	1.65	1.65	9.03365e-09
203	1.65	1.65	9.01138e-09
204	1.65	1.65	8.98926e-09
205	1.65	1.65	8.96731e-09
206	1.65	1.65	8.94552e-09
207	1.65	1.65	8.92388e-09
208	1.65	1.65	8.90241e-09
209	1.65	1.65	8.88108e-09
210	1.65	1.65	8.85991e-09
211	1.65	1.65	9.0332e-09
212	1.65	1.65	9.01187e-09
213	1.65	1.65	8.99069e-09
214	1.65	1.65	8.96966e-09
215	1.65	1.65	8.94878e-09
216	1.65	1.65	8.92804e-09
217	1.65	1.65	8.90744e-09
218	1.65	1.65	8.88699e-09
219	1.65	1.65	8.86668e-09
220	1.65	1.65	8.8465e-09
221	1.65	1.65	8.82647e-09
222	1.65	1.65	8.99201e-09
223	1.65	1.65	8.97183e-09
224	1.65	1.65	8.95178e-09
225	1.65	1.65	8.93186e-09
226	1.65	1.65	8.91208e-09
227	1.65	1.65	8.89243e-09
228	1.65	1.65	8.87291e-09
229	1.65	1.65	8.85351e-09
230	1.65	1.65	8.83424e-09
231	1.65	1.65	8.8151e-09
232	1.65	1.65	8.79608e-09
233	1.65	1.65	8.77719e-09
234	1.65	1.65	8.75841e-09
235	1.65	1.65	8.91636e-09
236	1.65	1.65	8.89745e-09
237	1.65	1.65	8.87866e-09
238	1.65	1.65	8.85998e-09
239	1.65	1.65	8.84143e-09
240	1.65	1.65	8.82299e-09
241	1.65	1.65	8.80467e-09
242	1.65	1.65	8.78645e-09
243	1.65	1.65	8.76836e-09
244	1.65	1.65	8.75037e-09
245	1.65	1.65	8.73249e-09
246	1.65	1.65	8.71473e-09
247	1.65	1.65	8.69707e-09
248	1.65	1.65	8.67952e-09
249	1.65	1.65	8.8303e-09
250	1.65	1.65	8.81262e-09
251	1.65	1.65	8.79505e-09
252	1.65	1.65	8.77758e-09
253	1.65	1.65	8.76022e-09
254	1.65	1.65	8.74296e-09
255	1.65	1.65	8.7258e-09
256	1.65	1.65	8.70874e-09
257	1.65	1.65	8.69178e-09
258	1.65	1.65	8.67492e-09
259	1.65	1.65	8.65815e-09
260	1.65	1.65	8.64149e-09
261	1.65	1.65	8.62492e-09
262	1.65	1.65	8.60844e-09
263	1.65	1.65	8.59206e-09
264	1.65	1.65	8.57577e-09
265	1.65	1.65	8.7196e-09
266	1.65	1.65	8.70319e-09
267	1.65	1.65	8.68688e-09
268	1.65	1.65	8.67066e-09
269	1.65	1.65	8.65453e-09
270	1.65	1.65	8.63849e-09
271	1.65	1.65	8.62253e-09
272	1.65	1.65	8.60667e-09
273	1.65	1.65	8.59089e-09
274	1.65	1.65	8.5752e-09
275	1.65	1.65	8.55959e-09
276	1.65	1.65	8.54407e-09
277	1.65	1.65	8.52864e-09
278	1.65	1.65	8.51328e-09
279	1.65	1.65	8.49801e-09
280	1.65	1.65	8.48282e-09
281	1.65	1.65	8.46772e-09
282	1.65	1.65	8.45269e-09
283	1.65	1.65	8.5898e-09
284	1.65	1.65	8.57467e-09
285	1.65	1.65	8.55961e-09
286	1.65	1.65	8.54463e-09
287	1.65	1.65	8.52973e-09
288	1.65	1.65	8.51491e-09
289	1.65	1.65	8.50017e-09
290	1.65	1.65	8.4855e-09
291	1.65	1.65	8.47091e-09
292	1.65	1.65	8.45639e-09
293	1.65	1.65	8.44195e-09
294	1.65	1.65	8.42758e-09
295	1.65	1.65	8.41328e-09
296	1.65	1.65	8.39906e-09
297	1.65	1.65	8.38491e-09
298	1.65	1.65	8.37083e-09
299	1.65	1.65	8.35682e-09
300	1.65	1.65	8.34288e-09
301	1.65	1.65	8.32901e-09
302	1.65	1.65	8.3152e-09
303	1.65	1.65	8.30147e-09
304	1.65	1.65	8.43197e-09
305	1.65	1.65	8.41813e-09
306	1.65	1.65	8.40437e-09
307	1.65	1.65	8.39067e-09
308	1.65	1.65	8.37704e-09
309	1.65	1.65	8.36347e-09
310	1.65	1.65	8.34997e-09
311	1.65	1.65	8.19401e-09
312	1.65	1.65	8.03604e-09
313	1.65	1.65	7.87595e-09
314	1.65	1.65	7.8634e-09
315	1.65	1.65	7.70134e-09
316	1.65	1.65	7.53685e-09
317	1.65	1.65	7.36976e-09
318	1.65	1.65	7.35816e-09
319	1.65	1.65	7.18859e-09
320	1.65	1.65	7.01602e-09
321	1.65	1.65	6.84021e-09
322	1.65	1.65	6.82958e-09
323	1.65	1.65	6.65058e-09
324	1.65	1.65	6.46777e-09
325	1.65	1.65	6.45782e-09
326	1.65	1.65	6.27119e-09
327	1.65	1.65	6.08002e-09
328	1.65	1.65	5.88388e-09
329	1.65	1.65	5.87493e-09
330	1.65	1.65	5.6736e-09
331	1.65	1.65	5.46615e-09
332	1.65	1.65	5.45791e-09
333	1.65	1.65	5.24394e-09
334	1.65	1.65	5.02222e-09
335	1.65	1.65	5.01472e-09
336	1.65	1.65	4.78453e-09
337	1.65	1.65	4.54417e-09
338	1.65	1.65	4.53744e-09
339	1.65	1.65	4.28558e-09
340	1.65	1.65	4.01958e-09
341	1.65	1.65	4.01368e-09
342	1.65	1.65	3.73095e-09
343	1.65	1.65	3.42682e-09
344	1.65	1.65	3.42184e-09
345	1.65	1.65	3.09049e-09
346	1.65	1.65	3.08602e-09
347	1.65	1.65	2.71743e-09
348	1.65	1.65	2.29295e-09
349	1.65	1.65	2.28966e-09
350	1.65	1.65	1.77031e-09
351	1.65	1.65	1.01856e-09
352	1.65	1.65	1.01712e-09
353	1.65	1.65	1.02185e-09
354	1.65	1.65	1.0204e-09
355	1.65	1.65	1.76135e-09
356	1.65	1.65	2.26979e-09
357	1.65	1.65	2.26661e-09
358	1.65	1.65	2.67767e-09
359	1.65	1.65	2.67394e-09
360	1.65	1.65	3.02746e-09
361	1.65	1.65	3.34214e-09
362	1.65	1.65	3.33752e-09
363	1.65	1.65	3.62311e-09
364	1.65	1.65	3.61813e-09
365	1.65	1.65	3.88105e-09
366	1.65	1.65	3.87574e-09
367	1.65	1.65	4.12032e-09
368	1.65	1.65	4.11472e-09
369	1.65	1.65	4.34405e-09
370	1.65	1.65	4.56072e-09
371	1.65	1.65	4.55457e-09
372	1.65	1.65	4.76005e-09
373	1.65	1.65	4.75367e-09
374	1.65	1.65	4.94936e-09
375	1.65	1.65	4.94276e-09
376	1.65	1.65	5.12978e-09
377	1.65	1.65	5.12297e-09
378	1.65	1.65	5.30225e-09
379	1.65	1.65	5.29525e-09
380	1.65	1.65	5.46756e-09
381	1.65	1.65	5.46038e-09
382	1.65	1.65	5.62636e-09
383	1.65	1.65	5.61901e-09
384	1.65	1.65	5.7792e-09
385	1.65	1.65	5.93428e-09
386	1.65	1.65	5.92659e-09
387	1.65	1.65	6.07677e-09
388	1.65	1.65	6.06893e-09
389	1.65	1.65	6.21457e-09
390	1.65	1.65	6.2066e-09
391	1.65	1.65	6.34802e-09
392	1.65	1.65	6.33992e-09
393	1.65	1.65	6.33185e-09
394	1.65	1.65	6.46918e-09
395	1.65	1.65	6.46099e-09
396	1.65	1.65	6.59464e-09
397	1.65	1.65	6.58633e-09
398	1.65	1.65	6.71654e-09
399	1.65	1.65	6.70812e-09
400	1.65	1.65	6.83507e-09
401	1.65	1.65	6.82654e-09
402	1.65	1.65	6.95043e-09
403	1.65	1.65	6.9418e-09
404	1.65	1.65	7.0628e-09
405	1.65	1.65	7.05407e-09
406	1.65	1.65	7.17232e-09
407	1.65	1.65	7.1635e-09
408	1.65	1.65	7.27914e-09
409	1.65	1.65	7.27024e-09
410	1.65	1.65	7.26137e-09
411	1.65	1.65	7.37442e-09
412	1.65	1.65	7.36546e-09
413	1.65	1.65	7.47615e-09
414	1.65	1.65	7.46712e-09
415	1.65	1.65	7.57556e-09
416	1.65	1.65	7.56645e-09
417	1.65	1.65	7.67275e-09
418	1.65	1.65	7.66357e-09
419	1.65	1.65	7.65442e-09
420	1.65	1.65	7.75856e-09
421	1.65	1.65	7.74934e-09
422	1.65	1.65	7.85152e-09
423	1.65	1.65	7.84223e-09
424	1.65	1.65	7.83298e-09
425	1.65	1.65	7.93318e-09
426	1.65	1.65	7.92386e-09
427	1.65	1.65	8.02225e-09
428	1.65	1.65	8.01288e-09
429	1.65	1.65	8.10953e-09
430	1.65	1.65	8.1001e-09
431	1.65	1.65	8.0907e-09
432	1.65	1.65	8.1856e-09
433	1.65	1.65	8.17614e-09
434	1.65	1.65	8.26944e-09
435	1.65	1.65	8.25993e-09
436	1.65	1.65	8.25045e-09
437	1.65	1.65	8.34212e-09
438	1.65	1.65	8.33259e-09
439	1.65	1.65	8.42277e-09
440	1.65	1.65	8.41319e-09
441	1.65	1.65	8.40365e-09
442	1.65	1.65	8.49231e-09
443	1.65	1.65	8.48272e-09
444	1.65	1.65	8.47316e-09
445	1.65	1.65	8.56036e-09
446	1.65	1.65	8.55075e-09
447	1.65	1.65	8.63661e-09
448	1.65	1.65	8.62697e-09
449	1.65	1.65	8.61736e-09
450	1.65	1.65	8.70185e-09
451	1.65	1.65	8.69219e-09
452	1.65	1.65	8.68257e-09
453	1.65	1.65	8.76574e-09
454	1.65	1.65	8.75608e-09
455	1.65	1.65	8.83804e-09
456	1.65	1.65	8.82834e-09
457	1.65	1.65	8.81868e-09
458	1.65	1.65	8.89939e-09
459	1.65	1.65	8.88969e-09
460	1.65	1.65	8.88002e-09
461	1.65	1.65	8.95953e-09
462	1.65	1.65	8.94983e-09
463	1.65	1.65	8.94016e-09
464	1.65	1.65	9.0185e-09
465	1.65	1.65	9.0088e-09
466	1.65	1.65	8.99913e-09
467	1.65	1.65	9.07634e-09
468	1.65	1.65	9.06664e-09
469	1.65	1.65	9.14281e-09
470	1.65	1.65	9.13308e-09
471	1.65	1.65	9.12338e-09
472	1.65	1.65	9.19849e-09
473	1.65	1.65	9.18876e-09
474	1.65	1.65	9.17906e-09
475	1.65	1.65	9.25313e-09
476	1.65	1.65	9.2434e-09
477	1.65	1.65	9.23371e-09
478	1.65	1.65	9.30677e-09
479	1.65	1.65	9.29705e-09
480	1.65	1.65	9.28736e-09
481	1.65	1.65	9.35944e-09
482	1.65	1.65	9.34973e-09
483	1.65	1.65	9.34004e-09
484	1.65	1.65	9.33039e-09
485	1.65	1.65	9.40146e-09
486	1.65	1.65	9.39178e-09
487	1.65	1.65	9.38214e-09
488	1.65	1.65	9.45228e-09
489	1.65	1.65	9.44261e-09
490	1.65	1.65	9.43297e-09
491	1.65	1.65	9.50222e-09
492	1.65	1.65	9.49255e-09
493	1.65	1.65	9.48292e-09
494	1.65	1.65	9.55129e-09
495	1.65	1.65	9.54163e-09
496	1.65	1.65	9.53201e-09
497	1.65	1.65	9.59952e-09
498	1.65	1.65	9.58988e-09
499	1.65	1.65	9.58026e-09
500	1.65	1.65	9.57068e-09
501	1.65	1.65	9.6373e-09
502	1.65	1.65	9.6277e-09
503	1.65	1.65	9.61812e-09
504	1.65	1.65	9.68394e-09
505	1.65	1.65	9.67434e-09
506	1.65	1.65	9.66478e-09
507	1.65	1.65	9.7298e-09
508	1.65	1.65	9.72022e-09
509	1.65	1.65	9.71066e-09
510	1.65	1.65	9.70114e-09
511	1.65	1.65	9.76534e-09
512	1.65	1.65	9.7558e-09
513	1.65	1.65	9.74629e-09
514	1.65	1.65	9.80973e-09
515	1.65	1.65	9.8002e-09
516	1.65	1.65	9.7907e-09
517	1.65	1.65	9.78123e-09
518	1.65	1.65	9.8439e-09
519	1.65	1.65	9.83441e-09
520	1.65	1.65	9.82495e-09
521	1.65	1.65	9.8869e-09
522	1.65	1.65	9.87742e-09
523	1.65	1.65	9.86798e-09
524	1.65	1.65	9.85856e-09
525	1.65	1.65	9.91976e-09
526	1.65	1.65	9.91033e-09
527	1.65	1.65	9.90092e-09
528	1.65	1.65	9.89154e-09
529	1.65	1.65	9.95203e-09
530	1.65	1.65	9.94263e-09
531	1.65	1.65	9.93327e-09
532	1.65	1.65	9.99308e-09
533	1.65	1.65	9.9837e-09
534	1.65	1.65	9.97435e-09
535	1.65	1.65	9.96502e-09
536	1.65	1.65	1.00241e-08
537	1.65	1.65	1.00148e-08
538	1.65	1.65	1.00055e-08
539	1.65	1.65	9.99621e-09
540	1.65	1.65	1.00547e-08
541	1.65	1.65	1.00454e-08
542	1.65	1.65	1.00361e-08
543	1.65	1.65	1.00268e-08
544	1.65	1.65	1.00846e-08
545	1.65	1.65	1.00754e-08
546	1.65	1.65	1.00661e-08
547	1.65	1.65	1.00569e-08
548	1.65	1.65	1.01141e-08
549	1.65	1.65	1.01049e-08
550	1.65	1.65	1.00957e-08
551	1.65	1.65	1.00865e-08
552	1.65	1.65	1.0143e-08
553	1.65	1.65	1.01338e-08
554	1.65	1.65	1.01247e-08
555	1.65	1.65	1.01156e-08
556	1.65	1.65	1.01715e-08
557	1.65	1.65	1.01623e-08
558	1.65	1.65	1.01532e-08
559	1.65	1.65	1.01441e-08
560	1.65	1.65	1.01994e-08
561	1.65	1.65	1.01903e-08
562	1.65	1.65	1.01812e-08
563	1.65	1.65	1.01722e-08
564	1.65	1.65	1.02269e-08
565	1.65	1.65	1.02178e-08
566	1.65	1.65	1.02088e-08
567	1.65	1.65	1.01998e-08
568	1.65	1.65	1.01908e-08
569	1.65	1.65	1.02449e-08
570	1.65	1.65	1.02359e-08
571	1.65	1.65	1.02269e-08
572	1.65	1.65	1.0218e-08
573	1.65	1.65	1.02715e-08
574	1.65	1.65	1.02626e-08
575	1.65	1.65	1.02536e-08
576	1.65	1.65	1.02447e-08
577	1.65	1.65	1.02977e-08
578	1.65	1.65	1.02888e-08
579	1.65	1.65	1.02799e-08
580	1.65	1.65	1.0271e-08
581	1.65	1.65	1.02622e-08
582	1.65	1.65	1.03146e-08
583	1.65	1.65	1.03057e-08
584	1.65	1.65	1.02969e-08
585	1.65	1.65	1.02881e-08
586	1.65	1.65	1.034e-08
587	1.65	1.65	1.03312e-08
588	1.65	1.65	1.03224e-08
589	1.65	1.65	1.03136e-08
590	1.65	1.65	1.03049e-08
591	1.65	1.65	1.03562e-08
592	1.65	1.65	1.03474e-08
593	1.65	1.65	1.03387e-08
594	1.65	1.65	1.033e-08
595	1.65	1.65	1.03808e-08
596	1.65	1.65	1.03721e-08
597	1.65	1.65	1.03634e-08
598	1.65	1.65	1.03547e-08
599	1.65	1.65	1.03461e-08
600	1.65	1.65	1.03963e-08
601	1.65	1.65	1.03877e-08
602	1.65	1.65	1.03791e-08
603	1.65	1.65	1.03704e-08
604	1.65	1.65	1.03619e-08
605	1.65	1.65	1.04116e-08
606	1.65	1.65	1.0403e-08
607	1.65	1.65	1.03945e-08
608	1.65	1.65	1.03859e-08
609	1.65	1.65	1.03774e-08
610	1.65	1.65	1.04266e-08
611	1.65	1.65	1.04181e-08
612	1.65	1.65	1.04096e-08
613	1.65	1.65	1.04011e-08
614	1.65	1.65	1.03926e-08
615	1.65	1.65	1.04414e-08
616	1.65	1.65	1.04329e-08
617	1.65	1.65	1.04244e-08
618	1.65	1.65	1.0416e-08
619	1.65	1.65	1.04076e-08
620	1.65	1.65	1.04558e-08
621	1.65	1.65	1.04474e-08
622	1.65	1.65	1.03824e-08
623	1.65	1.65	1.03741e-08
624	1.65	1.65	1.0309e-08
625	1.65	1.65	1.02437e-08
626	1.65	1.65	1.02355e-08
627	1.65	1.65	1.017e-08
628	1.65	1.65	1.01044e-08
629	1.65	1.65	1.00963e-08
630	1.65	1.65	1.00305e-08
631	1.65	1.65	1.00225e-08
632	1.65	1.65	9.95656e-09
633	1.65	1.65	9.89034e-09
634	1.65	1.65	9.88254e-09
635	1.65	1.65	9.81615e-09
636	1.65	1.65	9.80843e-09
637	1.65	1.65	9.74187e-09
638	1.65	1.65	9.67506e-09
639	1.65	1.65	9.66749e-09
640	1.65	1.65	9.60049e-09
641	1.65	1.65	9.59299e-09
642	1.65	1.65	9.5258e-09
643	1.65	1.65	9.45834e-09
644	1.65	1.65	9.45099e-09
645	1.65	1.65	9.38332e-09
646	1.65	1.65	9.37606e-09
647	1.65	1.65	9.30817e-09
648	1.65	1.65	9.30098e-09
649	1.65	1.65	9.23287e-09
650	1.65	1.65	9.16447e-09
651	1.65	1.65	9.15743e-09
652	1.65	1.65	9.08879e-09
653	1.65	1.65	9.08182e-09
654	1.65	1.65	9.01294e-09
655	1.65	1.65	9.00605e-09
656	1.65	1.65	8.93691e-09
657	1.65	1.65	8.86744e-09
658	1.65	1.65	8.8607e-09
659	1.65	1.65	8.79096e-09
660	1.65	1.65	8.7843e-09
661	1.65	1.65	8.71427e-09
662	1.65	1.65	8.70769e-09
663	1.65	1.65	8.63738e-09
664	1.65	1.65	8.5667e-09
665	1.65	1.65	8.56026e-09
666	1.65	1.65	8.48928e-09
667	1.65	1.65	8.48291e-09
668	1.65	1.65	8.41161e-09
669	1.65	1.65	8.40532e-09
670	1.65	1.65	8.33368e-09
671	1.65	1.65	8.32747e-09
672	1.65	1.65	8.25549e-09
673	1.65	1.65	8.24936e-09
674	1.65	1.65	8.17703e-09
675	1.65	1.65	8.17097e-09
676	1.65	1.65	8.09827e-09
677	1.65	1.65	8.02513e-09
678	1.65	1.65	8.01921e-09
679	1.65	1.65	7.94569e-09
680	1.65	1.65	7.93984e-09
681	1.65	1.65	7.86591e-09
682	1.65	1.65	7.86014e-09
683	1.65	1.65	7.78579e-09
684	1.65	1.65	7.7801e-09
685	1.65	1.65	7.70531e-09
686	1.65	1.65	7.69969e-09
687	1.65	1.65	7.62446e-09
688	1.65	1.65	7.61892e-09
689	1.65	1.65	7.54322e-09
690	1.65	1.65	7.53775e-09
691	1.65	1.65	7.46157e-09
692	1.65	1.65	7.45618e-09
693	1.65	1.65	7.3795e-09
694	1.65	1.65	7.37418e-09
695	1.65	1.65	7.29698e-09
696	1.65	1.65	7.29174e-09
697	1.65	1.65	7.21401e-09
698	1.65	1.65	7.20884e-09
699	1.65	1.65	7.13055e-09
700	1.65	1.65	7.12545e-09
701	1.65	1.65	7.04659e-09
702	1.65	1.65	7.04156e-09
703	1.65	1.65	6.9621e-09
704	1.65	1.65	6.95715e-09
705	1.65	1.65	6.87706e-09
706	1.65	1.65	6.87219e-09
707	1.65	1.65	6.79144e-09
708	1.65	1.65	6.78665e-09
709	1.65	1.65	6.70523e-09
710	1.65	1.65	6.70051e-09
711	1.65	1.65	6.61839e-09
712	1.65	1.65	6.61374e-09
713	1.65	1.65	6.53089e-09
714	1.65	1.65	6.52631e-09
715	1.65	1.65	6.4427e-09
716	1.65	1.65	6.4382e-09
717	1.65	1.65	6.35379e-09
718	1.65	1.65	6.34936e-09
719	1.65	1.65	6.34494e-09
720	1.65	1.65	6.25977e-09
721	1.65	1.65	6.25543e-09
722	1.65	1.65	6.16938e-09
723	1.65	1.65	6.16511e-09
724	1.65	1.65	6.07816e-09
725	1.65	1.65	6.07397e-09
726	1.65	1.65	5.98607e-09
727	1.65	1.65	5.98195e-09
728	1.65	1.65	5.89305e-09
729	1.65	1.65	5.88901e-09
730	1.65	1.65	5.79906e-09
731	1.65	1.65	5.79509e-09
732	1.65	1.65	5.79113e-09
733	1.65	1.65	5.70016e-09
734	1.65	1.65	5.69628e-09
735	1.65	1.65	5.60415e-09
736	1.65	1.65	5.60034e-09
737	1.65	1.65	5.507e-09
738	1.65	1.65	5.50326e-09
739	1.65	1.65	5.40864e-09
740	1.65	1.65	5.40499e-09
741	1.65	1.65	5.40134e-09
742	1.65	1.65	5.30543e-09
743	1.65	1.65	5.30186e-09
744	1.65	1.65	5.20452e-09
745	1.65	1.65	5.20103e-09
746	1.65	1.65	5.10218e-09
747	1.65	1.65	5.09876e-09
748	1.65	1.65	4.9983e-09
749	1.65	1.65	4.99496e-09
750	1.65	1.65	4.99163e-09
751	1.65	1.65	4.88953e-09
752	1.65	1.65	4.88628e-09
753	1.65	1.65	4.78235e-09
754	1.65	1.65	4.77918e-09
755	1.65	1.65	4.60994e-09
756	1.65	1.65	4.54269e-09
757	1.65	1.65	4.53969e-09
758	1.65	1.65	4.36223e-09
759	1.65	1.65	4.29172e-09
760	1.65	1.65	4.17499e-09
761	1.65	1.65	4.10171e-09
762	1.65	1.65	3.90609e-09
763	1.65	1.65	3.90353e-09
764	1.65	1.65	3.82575e-09
765	1.65	1.65	3.61647e-09
766	1.65	1.65	3.61411e-09
767	1.65	1.65	3.3927e-09
768	1.65	1.65	3.30412e-09
769	1.65	1.65	3.30197e-09
770	1.65	1.65	3.05949e-09
771	1.65	1.65	2.96181e-09
772	1.65	1.65	2.79496e-09
773	1.65	1.65	2.68835e-09
774	1.65	1.65	2.57762e-09
775	1.65	1.65	2.38539e-09
776	1.65	1.65	2.26063e-09
777	1.65	1.65	2.03981e-09
778	1.65	1.65	1.89332e-09
779	1.65	1.65	1.73494e-09
780	1.65	1.65	1.43761e-09
781	1.65	1.65	1.22289e-09
782	1.65	1.65	1.06573e-10
783	1.65	1.65	1.06505e-10
784	1.65	1.65	7.60111e-10
785	1.65	1.65	1.4409e-09
786	1.65	1.65	1.43998e-09
787	1.65	1.65	1.88845e-09
788	1.65	1.65	1.88725e-09
789	1.65	1.65	2.02979e-09
790	1.65	1.65	2.36739e-09
791	1.65	1.65	2.36589e-09
792	1.65	1.65	2.66013e-09
793	1.65	1.65	2.65845e-09
794	1.65	1.65	2.76003e-09
795	1.65	1.65	3.01471e-09
796	1.65	1.65	3.01281e-09
797	1.65	1.65	3.10207e-09
798	1.65	1.65	3.32949e-09
799	1.65	1.65	3.32741e-09
800	1.65	1.65	3.53961e-09
801	1.65	1.65	3.5374e-09
802	1.65	1.65	3.61267e-09
803	1.65	1.65	3.80797e-09
804	1.65	1.65	3.8056e-09
805	1.65	1.65	3.99081e-09
806	1.65	1.65	3.98833e-09
807	1.65	1.65	4.0543e-09
808	1.65	1.65	4.1622e-09
809	1.65	1.65	4.22509e-09
810	1.65	1.65	4.28691e-09
811	1.65	1.65	4.38845e-09
812	1.65	1.65	4.44766e-09
813	1.65	1.65	4.44492e-09
814	1.65	1.65	4.60204e-09
815	1.65	1.65	4.65808e-09
816	1.65	1.65	4.75069e-09
817	1.65	1.65	4.80469e-09
818	1.65	1.65	4.80175e-09
819	1.65	1.65	4.94627e-09
820	1.65	1.65	4.94325e-09
821	1.65	1.65	4.99469e-09
822	1.65	1.65	5.13305e-09
823	1.65	1.65	5.12993e-09
824	1.65	1.65	5.17911e-09
825	1.65	1.65	5.26107e-09
826	1.65	1.65	5.30877e-09
827	1.65	1.65	5.38841e-09
828	1.65	1.65	5.43472e-09
829	1.65	1.65	5.48054e-09
830	1.65	1.65	5.55724e-09
831	1.65	1.65	5.6018e-09
832	1.65	1.65	5.59843e-09
833	1.65	1.65	5.71993e-09
834	1.65	1.65	5.7165e-09
835	1.65	1.65	5.75943e-09
836	1.65	1.65	5.83163e-09
837	1.65	1.65	5.87349e-09
838	1.65	1.65	5.91495e-09
839	1.65	1.65	5.98484e-09
840	1.65	1.65	6.0253e-09
841	1.65	1.65	6.02172e-09
842	1.65	1.65	6.13317e-09
843	1.65	1.65	6.12953e-09
844	1.65	1.65	6.16869e-09
845	1.65	1.65	6.23497e-09
846	1.65	1.65	6.27327e-09
847	1.65	1.65	6.26956e-09
848	1.65	1.65	6.37564e-09
849	1.65	1.65	6.37189e-09
850	1.65	1.65	6.40903e-09
851	1.65	1.65	6.51232e-09
852	1.65	1.65	6.50849e-09
853	1.65	1.65	6.54457e-09
854	1.65	1.65	6.60601e-09
855	1.65	1.65	6.64136e-09
856	1.65	1.65	6.63748e-09
857	1.65	1.65	6.73631e-09
858	1.65	1.65	6.73239e-09
859	1.65	1.65	6.76678e-09
860	1.65	1.65	6.82554e-09
861	1.65	1.65	6.85928e-09
862	1.65	1.65	6.8553e-09
863	1.65	1.65	6.95013e-09
864	1.65	1.65	6.94611e-09
865	1.65	1.65	6.97897e-09
866	1.65	1.65	7.03534e-09
867	1.65	1.65	7.06761e-09
868	1.65	1.65	7.06353e-09
869	1.65	1.65	7.15474e-09
870	1.65	1.65	7.15063e-09
871	1.65	1.65	7.18211e-09
872	1.65	1.65	7.23629e-09
873	1.65	1.65	7.26722e-09
874	1.65	1.65	7.26306e-09
875	1.65	1.65	7.35097e-09
876	1.65	1.65	7.34677e-09
877	1.65	1.65	7.37699e-09
878	1.65	1.65	7.42917e-09
879	1.65	1.65	7.45888e-09
880	1.65	1.65	7.45464e-09
881	1.65	1.65	7.53952e-09
882	1.65	1.65	7.53525e-09
883	1.65	1.65	7.5643e-09
884	1.65	1.65	7.56002e-09
885	1.65	1.65	7.64324e-09
886	1.65	1.65	7.63892e-09
887	1.65	1.65	7.66733e-09
888	1.65	1.65	7.71667e-09
889	1.65	1.65	7.74464e-09
890	1.65	1.65	7.74029e-09
891	1.65	1.65	7.82085e-09
892	1.65	1.65	7.81646e-09
893	1.65	1.65	7.84385e-09
894	1.65	1.65	7.89157e-09
895	1.65	1.65	7.91855e-09
896	1.65	1.65	7.91413e-09
897	1.65	1.65	7.94095e-09
898	1.65	1.65	7.98777e-09
899	1.65	1.65	8.0142e-09
900	1.65	1.65	8.00975e-09
901	1.65	1.65	8.08647e-09
902	1.65	1.65	8.08199e-09
903	1.65	1.65	8.1079e-09
904	1.65	1.65	8.15327e-09
905	1.65	1.65	8.17882e-09
906	1.65	1.65	8.1743e-09
907	1.65	1.65	8.1698e-09
908	1.65	1.65	8.24428e-09
909	1.65	1.65	8.23974e-09
910	1.65	1.65	8.26479e-09
911	1.65	1.65	8.3088e-09
912	1.65	1.65	8.33351e-09
913	1.65	1.65	8.32894e-09
914	1.65	1.65	8.35352e-09
915	1.65	1.65	8.39678e-09
916	1.65	1.65	8.42103e-09
917	1.65	1.65	8.41643e-09
918	1.65	1.65	8.48771e-09
919	1.65	1.65	8.48309e-09
920	1.65	1.65	8.47847e-09
921	1.65	1.65	8.50227e-09
922	1.65	1.65	8.5443e-09
923	1.65	1.65	8.56779e-09
924	1.65	1.65	8.56315e-09
925	1.65	1.65	8.63253e-09
926	1.65	1.65	8.62787e-09
927	1.65	1.65	8.65095e-09
928	1.65	1.65	8.64628e-09
929	1.65	1.65	8.71461e-09
930	1.65	1.65	8.70993e-09
931	1.65	1.65	8.70525e-09
932	1.65	1.65	8.77284e-09
933	1.65	1.65	8.76814e-09
934	1.65	1.65	8.79053e-09
935	1.65	1.65	8.78583e-09
936	1.65	1.65	8.85244e-09
937	1.65	1.65	8.84771e-09
938	1.65	1.65	8.86972e-09
939	1.65	1.65	8.9089e-09
940	1.65	1.65	8.90416e-09
941	1.65	1.65	8.9259e-09
942	1.65	1.65	8.92117e-09
943	1.65	1.65	8.98614e-09
944	1.65	1.65	8.98138e-09
945	1.65	1.65	9.00277e-09
946	1.65	1.65	8.99801e-09
947	1.65	1.65	9.03617e-09
948	1.65	1.65	9.0573e-09
949	1.65	1.65	9.05253e-09
950	1.65	1.65	9.11596e-09
951	1.65	1.65	9.11117e-09
952	1.65	1.65	9.13196e-09
953	1.65	1.65	9.12717e-09
954	1.65	1.65	9.16438e-09
955	1.65	1.65	9.18493e-09
956	1.65	1.65	9.18013e-09
957	1.65	1.65	9.20058e-09
958	1.65	1.65	9.23727e-09
959	1.65	1.65	9.2575e-09
960	1.65	1.65	9.25268e-09
961	1.65	1.65	9.24786e-09
962	1.65	1.65	9.309e-09
963	1.65	1.65	9.30416e-09
964	1.65	1.65	9.32407e-09
965	1.65	1.65	9.35989e-09
966	1.65	1.65	9.35504e-09
967	1.65	1.65	9.37473e-09
968	1.65	1.65	9.36989e-09
969	1.65	1.65	9.42967e-09
970	1.65	1.65	9.42481e-09
971	1.65	1.65	9.41995e-09
972	1.65	1.65	9.43934e-09
973	1.65	1.65	9.47431e-09
974	1.65	1.65	9.49349e-09
975	1.65	1.65	9.48862e-09
976	1.65	1.65	9.50772e-09
977	1.65	1.65	9.54223e-09
978	1.65	1.65	9.53735e-09
979	1.65	1.65	9.55624e-09
980	1.65	1.65	9.55137e-09
981	1.65	1.65	9.60912e-09
982	1.65	1.65	9.60423e-09
983	1.65	1.65	9.59934e-09
984	1.65	1.65	9.61795e-09
985	1.65	1.65	9.65169e-09
986	1.65	1.65	9.67011e-09
987	1.65	1.65	9.66521e-09
988	1.65	1.65	9.66031e-09
989	1.65	1.65	9.71685e-09
990	1.65	1.65	9.71194e-09
991	1.65	1.65	9.70704e-09
992	1.65	1.65	9.72519e-09
993	1.65	1.65	9.75818e-09
994	1.65	1.65	9.77614e-09
995	1.65	1.65	9.77123e-09
996	1.65	1.65	9.76632e-09
997	1.65	1.65	9.8217e-09
998	1.65	1.65	9.81678e-09
999	1.65	1.65	9.83449e-09
1000	1.65	1.65	9.82957e-09
