BLOCK:	ACTUAL_PE:	PE_AVE:	ERROR:
1	-5.47987	-5.47987	0
2	-5.47932	-5.47959	0.00019584
3	-5.43332	-5.46417	0.0125956
4	-5.49108	-5.4709	0.0110993
5	-5.44848	-5.46641	0.00974283
6	-5.46421	-5.46605	0.00812592
7	-5.45405	-5.46433	0.00714366
8	-5.4644	-5.46434	0.00625071
9	-5.47267	-5.46527	0.00562425
10	-5.46138	-5.46488	0.00507521
11	-5.45	-5.46353	0.00479061
12	-5.45719	-5.463	0.00442041
13	-5.47033	-5.46356	0.00411619
14	-5.48467	-5.46507	0.00408911
15	-5.50465	-5.46771	0.00458971
16	-5.46596	-5.4676	0.00430414
17	-5.46103	-5.46721	0.00406829
18	-5.46582	-5.46714	0.00384301
19	-5.446	-5.46602	0.00379836
20	-5.45262	-5.46535	0.00366711
21	-5.45886	-5.46504	0.00350551
22	-5.46105	-5.46486	0.00335087
23	-5.49024	-5.46597	0.00338203
24	-5.47648	-5.4664	0.00326935
25	-5.48056	-5.46697	0.00318723
26	-5.44828	-5.46625	0.00314462
27	-5.45858	-5.46597	0.00304094
28	-5.44588	-5.46525	0.00301577
29	-5.47405	-5.46555	0.00292702
30	-5.44842	-5.46498	0.00288461
31	-5.47977	-5.46546	0.00283075
32	-5.45374	-5.46509	0.00276588
33	-5.47722	-5.46546	0.00270637
34	-5.45818	-5.46525	0.00263524
35	-5.47596	-5.46555	0.00257766
36	-5.44747	-5.46505	0.00255451
37	-5.49301	-5.46581	0.00259482
38	-5.4596	-5.46564	0.00253167
39	-5.47839	-5.46597	0.00248777
40	-5.48322	-5.4664	0.00246267
41	-5.4647	-5.46636	0.00240296
42	-5.46669	-5.46637	0.00234576
43	-5.50194	-5.46719	0.00243273
44	-5.48049	-5.4675	0.00239613
45	-5.46319	-5.4674	0.00234479
46	-5.50448	-5.46821	0.00242844
47	-5.46688	-5.46818	0.00237693
48	-5.49269	-5.46869	0.00238165
49	-5.45767	-5.46846	0.00234364
50	-5.42734	-5.46764	0.00243683
51	-5.4668	-5.46763	0.0023891
52	-5.45977	-5.46747	0.00234793
53	-5.47036	-5.46753	0.00230426
54	-5.48167	-5.46779	0.00227643
55	-5.49005	-5.4682	0.00227074
56	-5.46323	-5.46811	0.00223193
57	-5.44245	-5.46766	0.0022377
58	-5.4575	-5.46748	0.00220597
59	-5.49498	-5.46795	0.00221726
60	-5.46273	-5.46786	0.00218202
61	-5.45158	-5.46759	0.00216251
62	-5.46528	-5.46756	0.00212795
63	-5.46439	-5.46751	0.00209477
64	-5.47269	-5.46759	0.0020636
65	-5.47162	-5.46765	0.00203279
66	-5.46459	-5.4676	0.00200252
67	-5.44118	-5.46721	0.00201107
68	-5.45572	-5.46704	0.00198858
69	-5.49057	-5.46738	0.00198878
70	-5.41556	-5.46664	0.00209362
71	-5.48384	-5.46688	0.00207811
72	-5.43403	-5.46643	0.00209875
73	-5.42958	-5.46592	0.00212983
74	-5.48861	-5.46623	0.002123
75	-5.43248	-5.46578	0.00214185
76	-5.46454	-5.46576	0.00211373
77	-5.46622	-5.46577	0.00208629
78	-5.45545	-5.46564	0.00206373
79	-5.48591	-5.46589	0.0020535
80	-5.45309	-5.46573	0.00203406
81	-5.42267	-5.4652	0.00207726
82	-5.45514	-5.46508	0.00205554
83	-5.44981	-5.46489	0.002039
84	-5.43529	-5.46454	0.00204495
85	-5.48503	-5.46478	0.00203505
86	-5.462	-5.46475	0.00201164
87	-5.47636	-5.46488	0.00199294
88	-5.46379	-5.46487	0.00197033
89	-5.49699	-5.46523	0.00198096
90	-5.45968	-5.46517	0.00195991
91	-5.48263	-5.46536	0.00194775
92	-5.46297	-5.46534	0.00192675
93	-5.48589	-5.46556	0.00191866
94	-5.46806	-5.46558	0.00189843
95	-5.43656	-5.46528	0.00190288
96	-5.46825	-5.46531	0.00188331
97	-5.46048	-5.46526	0.00186455
98	-5.46048	-5.46521	0.00184617
99	-5.48521	-5.46541	0.00183854
100	-5.43796	-5.46514	0.00184053
101	-5.46311	-5.46512	0.00182242
102	-5.46911	-5.46516	0.00180497
103	-5.45537	-5.46506	0.00178994
104	-5.43212	-5.46475	0.00180055
105	-5.42496	-5.46437	0.00182284
106	-5.4469	-5.4642	0.00181308
107	-5.48282	-5.46438	0.00180446
108	-5.48166	-5.46454	0.00179484
109	-5.45498	-5.46445	0.00178051
110	-5.46184	-5.46442	0.00176448
111	-5.46693	-5.46445	0.00174873
112	-5.44732	-5.46429	0.00173979
113	-5.44237	-5.4641	0.00173517
114	-5.44674	-5.46395	0.00172662
115	-5.47317	-5.46403	0.00171347
116	-5.46708	-5.46405	0.0016989
117	-5.4704	-5.46411	0.00168524
118	-5.47312	-5.46418	0.00167269
119	-5.4797	-5.46432	0.00166371
120	-5.46536	-5.46432	0.00164987
121	-5.45512	-5.46425	0.00163799
122	-5.45024	-5.46413	0.00162858
123	-5.44654	-5.46399	0.00162161
124	-5.4406	-5.4638	0.00161946
125	-5.48184	-5.46395	0.00161292
126	-5.44154	-5.46377	0.00160989
127	-5.46441	-5.46377	0.00159722
128	-5.44527	-5.46363	0.00159127
129	-5.43027	-5.46337	0.00159981
130	-5.45421	-5.4633	0.00158906
131	-5.47471	-5.46339	0.00157931
132	-5.46862	-5.46343	0.00156784
133	-5.46469	-5.46344	0.00155609
134	-5.43449	-5.46322	0.0015594
135	-5.46759	-5.46325	0.00154818
136	-5.45216	-5.46317	0.00153894
137	-5.47782	-5.46328	0.00153142
138	-5.48231	-5.46342	0.00152652
139	-5.45704	-5.46337	0.00151623
140	-5.47722	-5.46347	0.00150862
141	-5.46371	-5.46347	0.00149792
142	-5.4693	-5.46351	0.00148794
143	-5.47936	-5.46362	0.00148166
144	-5.49451	-5.46384	0.00148681
145	-5.46753	-5.46386	0.00147677
146	-5.48774	-5.46403	0.00147569
147	-5.44965	-5.46393	0.00146888
148	-5.45331	-5.46386	0.00146071
149	-5.48025	-5.46397	0.00145504
150	-5.47006	-5.46401	0.00144591
151	-5.50613	-5.46429	0.001463
152	-5.45637	-5.46423	0.0014543
153	-5.4551	-5.46417	0.00144602
154	-5.46009	-5.46415	0.00143687
155	-5.46744	-5.46417	0.00142776
156	-5.47269	-5.46422	0.00141965
157	-5.45247	-5.46415	0.00141258
158	-5.47206	-5.4642	0.00140453
159	-5.45126	-5.46412	0.00139805
160	-5.47418	-5.46418	0.00139073
161	-5.45228	-5.46411	0.00138405
162	-5.46467	-5.46411	0.00137551
163	-5.46194	-5.4641	0.00136714
164	-5.46693	-5.46411	0.00135891
165	-5.45249	-5.46404	0.0013525
166	-5.46479	-5.46405	0.00134436
167	-5.47081	-5.46409	0.00133692
168	-5.45872	-5.46406	0.00132934
169	-5.46484	-5.46406	0.00132149
170	-5.47147	-5.4641	0.00131443
171	-5.4565	-5.46406	0.0013075
172	-5.46733	-5.46408	0.00130003
173	-5.44996	-5.464	0.00129508
174	-5.46071	-5.46398	0.00128777
175	-5.4837	-5.46409	0.00128533
176	-5.49244	-5.46425	0.00128808
177	-5.43297	-5.46408	0.00129287
178	-5.45235	-5.46401	0.00128729
179	-5.45019	-5.46393	0.00128241
180	-5.46916	-5.46396	0.00127561
181	-5.49629	-5.46414	0.00128101
182	-5.47427	-5.4642	0.00127518
183	-5.49502	-5.46436	0.00127929
184	-5.49061	-5.46451	0.00128027
185	-5.48122	-5.4646	0.00127653
186	-5.46869	-5.46462	0.00126986
187	-5.46716	-5.46463	0.00126314
188	-5.42189	-5.46441	0.00127672
189	-5.45642	-5.46436	0.00127066
190	-5.46632	-5.46437	0.00126401
191	-5.48937	-5.4645	0.00126415
192	-5.46783	-5.46452	0.00125769
193	-5.43641	-5.46438	0.00125958
194	-5.4924	-5.46452	0.00126134
195	-5.47647	-5.46458	0.00125636
196	-5.46559	-5.46459	0.00124996
197	-5.45704	-5.46455	0.0012442
198	-5.46144	-5.46453	0.00123802
199	-5.45339	-5.46448	0.00123306
200	-5.46573	-5.46448	0.00122691
201	-5.44685	-5.4644	0.00122394
202	-5.46634	-5.4644	0.00121792
203	-5.43754	-5.46427	0.00121909
204	-5.46002	-5.46425	0.00121329
205	-5.46463	-5.46425	0.00120737
206	-5.44996	-5.46418	0.0012035
207	-5.49337	-5.46433	0.00120592
208	-5.45779	-5.46429	0.00120053
209	-5.43897	-5.46417	0.00120089
210	-5.43347	-5.46403	0.00120404
211	-5.44818	-5.46395	0.00120067
212	-5.44967	-5.46388	0.0011969
213	-5.43529	-5.46375	0.00119878
214	-5.46117	-5.46374	0.00119324
215	-5.44053	-5.46363	0.00119257
216	-5.45168	-5.46357	0.00118833
217	-5.46454	-5.46358	0.00118286
218	-5.46445	-5.46358	0.00117744
219	-5.46519	-5.46359	0.00117209
220	-5.48011	-5.46367	0.00116916
221	-5.50259	-5.46384	0.00117706
222	-5.47529	-5.46389	0.00117289
223	-5.51282	-5.46411	0.00118797
224	-5.47249	-5.46415	0.00118326
225	-5.48495	-5.46424	0.00118161
226	-5.4552	-5.4642	0.00117705
227	-5.46745	-5.46422	0.00117196
228	-5.44961	-5.46415	0.00116857
229	-5.47316	-5.46419	0.00116412
230	-5.45439	-5.46415	0.00115984
231	-5.48461	-5.46424	0.0011582
232	-5.45512	-5.4642	0.00115387
233	-5.44755	-5.46413	0.00115113
234	-5.44069	-5.46403	0.00115056
235	-5.46913	-5.46405	0.00114587
236	-5.49279	-5.46417	0.00114747
237	-5.43254	-5.46404	0.00115036
238	-5.47374	-5.46408	0.00114625
239	-5.46229	-5.46407	0.00114148
240	-5.45554	-5.46403	0.00113727
241	-5.49014	-5.46414	0.0011377
242	-5.48752	-5.46424	0.00113709
243	-5.46373	-5.46424	0.00113241
244	-5.48701	-5.46433	0.00113161
245	-5.44746	-5.46426	0.00112909
246	-5.44352	-5.46418	0.00112764
247	-5.48033	-5.46424	0.00112497
248	-5.46897	-5.46426	0.00112059
249	-5.45788	-5.46424	0.00111639
250	-5.46413	-5.46424	0.00111192
251	-5.47234	-5.46427	0.00110796
252	-5.45436	-5.46423	0.00110426
253	-5.48444	-5.46431	0.00110278
254	-5.46598	-5.46432	0.00109846
255	-5.45623	-5.46428	0.00109461
256	-5.47575	-5.46433	0.00109125
257	-5.45852	-5.46431	0.00108724
258	-5.48498	-5.46439	0.00108597
259	-5.45426	-5.46435	0.00108248
260	-5.47476	-5.46439	0.00107906
261	-5.42993	-5.46425	0.00108297
262	-5.49024	-5.46435	0.00108337
263	-5.49225	-5.46446	0.00108443
264	-5.4359	-5.46435	0.0010857
265	-5.47494	-5.46439	0.00108234
266	-5.46944	-5.46441	0.00107844
267	-5.47626	-5.46446	0.00107531
268	-5.48976	-5.46455	0.00107544
269	-5.46015	-5.46453	0.00107156
270	-5.46386	-5.46453	0.0010676
271	-5.46143	-5.46452	0.00106372
272	-5.47638	-5.46456	0.0010607
273	-5.47903	-5.46462	0.00105814
274	-5.47506	-5.46465	0.00105496
275	-5.48115	-5.46471	0.00105283
276	-5.46647	-5.46472	0.00104904
277	-5.46744	-5.46473	0.0010453
278	-5.44737	-5.46467	0.0010434
279	-5.46139	-5.46466	0.00103973
280	-5.44625	-5.46459	0.00103809
281	-5.46486	-5.46459	0.00103439
282	-5.47962	-5.46464	0.0010321
283	-5.48878	-5.46473	0.00103197
284	-5.49969	-5.46485	0.00103565
285	-5.47716	-5.4649	0.00103292
286	-5.44118	-5.46481	0.00103263
287	-5.47364	-5.46484	0.00102949
288	-5.44559	-5.46478	0.00102808
289	-5.48021	-5.46483	0.00102591
290	-5.45365	-5.46479	0.0010231
291	-5.45246	-5.46475	0.00102046
292	-5.46021	-5.46473	0.00101708
293	-5.44997	-5.46468	0.00101486
294	-5.49721	-5.46479	0.00101742
295	-5.4725	-5.46482	0.0010143
296	-5.45145	-5.46478	0.00101188
297	-5.42443	-5.46464	0.00101755
298	-5.46547	-5.46464	0.00101414
299	-5.44079	-5.46456	0.00101388
300	-5.49101	-5.46465	0.00101433
301	-5.44793	-5.46459	0.00101248
302	-5.47505	-5.46463	0.00100972
303	-5.44414	-5.46456	0.00100865
304	-5.46039	-5.46455	0.00100542
305	-5.49996	-5.46466	0.00100881
306	-5.46387	-5.46466	0.00100551
307	-5.47381	-5.46469	0.00100268
308	-5.4792	-5.46474	0.00100053
309	-5.46745	-5.46475	0.000997332
310	-5.46079	-5.46473	0.000994197
311	-5.44253	-5.46466	0.000993561
312	-5.48811	-5.46474	0.000993214
313	-5.4646	-5.46474	0.00099004
314	-5.47698	-5.46478	0.000987654
315	-5.49015	-5.46486	0.000987798
316	-5.47519	-5.46489	0.000985214
317	-5.50291	-5.46501	0.000989378
318	-5.48758	-5.46508	0.000988809
319	-5.48264	-5.46514	0.00098724
320	-5.46817	-5.46515	0.0009842
321	-5.47569	-5.46518	0.000981682
322	-5.47051	-5.46519	0.000978772
323	-5.52624	-5.46538	0.000993819
324	-5.46134	-5.46537	0.00099083
325	-5.46055	-5.46536	0.000987893
326	-5.46707	-5.46536	0.000984876
327	-5.43637	-5.46527	0.000985847
328	-5.46564	-5.46527	0.000982842
329	-5.47502	-5.4653	0.000980301
330	-5.45441	-5.46527	0.000977886
331	-5.44045	-5.4652	0.000977803
332	-5.4617	-5.46519	0.000974914
333	-5.44843	-5.46514	0.000973284
334	-5.44627	-5.46508	0.000972007
335	-5.48783	-5.46515	0.000971476
336	-5.47935	-5.46519	0.000969504
337	-5.48132	-5.46524	0.000967807
338	-5.45486	-5.46521	0.00096543
339	-5.47632	-5.46524	0.000963139
340	-5.48252	-5.46529	0.000961646
341	-5.4686	-5.4653	0.000958875
342	-5.45329	-5.46526	0.000956714
343	-5.46012	-5.46525	0.000954042
344	-5.46548	-5.46525	0.000951269
345	-5.48636	-5.46531	0.000950478
346	-5.51486	-5.46545	0.000958457
347	-5.45046	-5.46541	0.000956669
348	-5.45361	-5.46538	0.000954521
349	-5.4611	-5.46536	0.000951865
350	-5.45611	-5.46534	0.000949512
351	-5.4479	-5.46529	0.000948105
352	-5.43695	-5.46521	0.000948824
353	-5.48555	-5.46527	0.000947884
354	-5.47435	-5.46529	0.000945554
355	-5.44672	-5.46524	0.000944337
356	-5.47552	-5.46527	0.000942126
357	-5.46828	-5.46528	0.000939525
358	-5.44877	-5.46523	0.000938031
359	-5.46898	-5.46524	0.000935477
360	-5.45934	-5.46522	0.000933021
361	-5.43909	-5.46515	0.000933241
362	-5.47573	-5.46518	0.00093112
363	-5.45815	-5.46516	0.000928756
364	-5.46638	-5.46517	0.00092621
365	-5.46277	-5.46516	0.000923696
366	-5.47893	-5.4652	0.000921938
367	-5.47123	-5.46521	0.000919573
368	-5.46486	-5.46521	0.000917075
369	-5.48191	-5.46526	0.000915706
370	-5.47063	-5.46527	0.000913346
371	-5.50373	-5.46538	0.000916749
372	-5.46905	-5.46539	0.000914338
373	-5.48087	-5.46543	0.000912828
374	-5.48556	-5.46548	0.000911974
375	-5.43475	-5.4654	0.000913216
376	-5.4215	-5.46528	0.000918218
377	-5.48068	-5.46532	0.000916691
378	-5.46699	-5.46533	0.000914276
379	-5.44285	-5.46527	0.000913786
380	-5.44982	-5.46523	0.000912285
381	-5.49869	-5.46531	0.000914108
382	-5.44949	-5.46527	0.000912652
383	-5.45084	-5.46524	0.000911047
384	-5.47486	-5.46526	0.000909019
385	-5.46845	-5.46527	0.000906696
386	-5.4571	-5.46525	0.000904594
387	-5.44321	-5.46519	0.000904046
388	-5.48024	-5.46523	0.000902548
389	-5.47064	-5.46524	0.000900335
390	-5.48437	-5.46529	0.000899361
391	-5.43139	-5.46521	0.00090123
392	-5.45224	-5.46517	0.000899537
393	-5.46257	-5.46517	0.000897273
394	-5.47108	-5.46518	0.000895121
395	-5.4501	-5.46514	0.000893669
396	-5.48743	-5.4652	0.000893182
397	-5.44017	-5.46514	0.000893154
398	-5.45437	-5.46511	0.000891319
399	-5.46757	-5.46512	0.000889107
400	-5.44243	-5.46506	0.000888691
401	-5.45916	-5.46504	0.000886596
402	-5.44664	-5.465	0.000885571
403	-5.44315	-5.46494	0.000885033
404	-5.45968	-5.46493	0.000882938
405	-5.46469	-5.46493	0.000880758
406	-5.45992	-5.46492	0.000878675
407	-5.44776	-5.46488	0.000877527
408	-5.47078	-5.46489	0.000875496
409	-5.43499	-5.46482	0.000876401
410	-5.46158	-5.46481	0.000874299
411	-5.44652	-5.46476	0.000873303
412	-5.4504	-5.46473	0.00087188
413	-5.48888	-5.46479	0.000871727
414	-5.45983	-5.46478	0.000869703
415	-5.46263	-5.46477	0.000867623
416	-5.45631	-5.46475	0.000865776
417	-5.43674	-5.46468	0.000866301
418	-5.48179	-5.46472	0.000865194
419	-5.48069	-5.46476	0.000863969
420	-5.46245	-5.46476	0.000861929
421	-5.48555	-5.46481	0.000861296
422	-5.4566	-5.46479	0.000859475
423	-5.45498	-5.46476	0.000857756
424	-5.47099	-5.46478	0.000855858
425	-5.47136	-5.46479	0.000853985
426	-5.42314	-5.4647	0.000857559
427	-5.47967	-5.46473	0.000856268
428	-5.47114	-5.46475	0.000854398
429	-5.50748	-5.46485	0.000858192
430	-5.48465	-5.46489	0.000857431
431	-5.45125	-5.46486	0.000856026
432	-5.46194	-5.46485	0.000854071
433	-5.48854	-5.46491	0.000853849
434	-5.4585	-5.46489	0.000852009
435	-5.40363	-5.46475	0.00086161
436	-5.46841	-5.46476	0.000859675
437	-5.47172	-5.46478	0.000857855
438	-5.47076	-5.46479	0.000856005
439	-5.44842	-5.46475	0.000854867
440	-5.43949	-5.4647	0.000854851
441	-5.48985	-5.46475	0.000854813
442	-5.43182	-5.46468	0.000856119
443	-5.47079	-5.46469	0.000854298
444	-5.4704	-5.46471	0.000852471
445	-5.4667	-5.46471	0.000850567
446	-5.45659	-5.46469	0.000848854
447	-5.44638	-5.46465	0.000847943
448	-5.41172	-5.46453	0.000854242
449	-5.47198	-5.46455	0.0008525
450	-5.47534	-5.46457	0.000850943
451	-5.47916	-5.46461	0.00084967
452	-5.45412	-5.46458	0.000848107
453	-5.51798	-5.4647	0.000854387
454	-5.47051	-5.46471	0.000852601
455	-5.45672	-5.4647	0.000850908
456	-5.4873	-5.46474	0.000850485
457	-5.48988	-5.4648	0.0008504
458	-5.46002	-5.46479	0.000848607
459	-5.49976	-5.46487	0.000850171
460	-5.46753	-5.46487	0.000848342
461	-5.46263	-5.46487	0.000846516
462	-5.46058	-5.46486	0.000844735
463	-5.4708	-5.46487	0.000843008
464	-5.48133	-5.46491	0.000841937
465	-5.41645	-5.4648	0.000846552
466	-5.44343	-5.46476	0.000845976
467	-5.4755	-5.46478	0.000844478
468	-5.45685	-5.46476	0.000842843
469	-5.47606	-5.46479	0.00084139
470	-5.45229	-5.46476	0.00084002
471	-5.44827	-5.46472	0.000838966
472	-5.49418	-5.46479	0.000839506
473	-5.44662	-5.46475	0.000838609
474	-5.44922	-5.46472	0.000837479
475	-5.45488	-5.46469	0.000835972
476	-5.45685	-5.46468	0.000834378
477	-5.45256	-5.46465	0.000833015
478	-5.46186	-5.46465	0.000831293
479	-5.45949	-5.46464	0.000829627
480	-5.47042	-5.46465	0.000827986
481	-5.48122	-5.46468	0.000826982
482	-5.46048	-5.46467	0.000825312
483	-5.45795	-5.46466	0.00082372
484	-5.48073	-5.46469	0.000822688
485	-5.47144	-5.46471	0.000821109
486	-5.48811	-5.46476	0.00082083
487	-5.45472	-5.46473	0.000819404
488	-5.48026	-5.46477	0.000818342
489	-5.4408	-5.46472	0.000818134
490	-5.43138	-5.46465	0.000819289
491	-5.44746	-5.46461	0.000818368
492	-5.44124	-5.46457	0.000818082
493	-5.47936	-5.4646	0.000816973
494	-5.41377	-5.46449	0.000821773
495	-5.48116	-5.46453	0.000820802
496	-5.49296	-5.46459	0.000821147
497	-5.48187	-5.46462	0.000820231
498	-5.4873	-5.46467	0.000819847
499	-5.48045	-5.4647	0.000818813
500	-5.44167	-5.46465	0.00081847
501	-5.46113	-5.46464	0.000816866
502	-5.44673	-5.46461	0.000816019
503	-5.45087	-5.46458	0.000814853
504	-5.48131	-5.46461	0.000813913
505	-5.43506	-5.46456	0.000814402
506	-5.48383	-5.46459	0.000813683
507	-5.4744	-5.46461	0.000812308
508	-5.43582	-5.46456	0.000812683
509	-5.45292	-5.46453	0.000811408
510	-5.49307	-5.46459	0.000811744
511	-5.46179	-5.46458	0.000810174
512	-5.45198	-5.46456	0.000808966
513	-5.46741	-5.46456	0.000807408
514	-5.43553	-5.46451	0.000807811
515	-5.48272	-5.46454	0.000807016
516	-5.4659	-5.46455	0.000805456
517	-5.48112	-5.46458	0.000804536
518	-5.50041	-5.46465	0.000805951
519	-5.4602	-5.46464	0.000804444
520	-5.47598	-5.46466	0.000803192
521	-5.47069	-5.46467	0.000801734
522	-5.44337	-5.46463	0.000801236
523	-5.48755	-5.46468	0.000800901
524	-5.47463	-5.46469	0.000799597
525	-5.47711	-5.46472	0.000798424
526	-5.47186	-5.46473	0.000797021
527	-5.46879	-5.46474	0.000795546
528	-5.48164	-5.46477	0.000794683
529	-5.45438	-5.46475	0.000793423
530	-5.44483	-5.46471	0.000792816
531	-5.48351	-5.46475	0.000792112
532	-5.47075	-5.46476	0.000790704
533	-5.4533	-5.46474	0.000789512
534	-5.42086	-5.46466	0.000792298
535	-5.44503	-5.46462	0.000791667
536	-5.4804	-5.46465	0.000790737
537	-5.46784	-5.46466	0.000789287
538	-5.47454	-5.46467	0.000788033
539	-5.48748	-5.46472	0.000787707
540	-5.46725	-5.46472	0.000786262
541	-5.48922	-5.46477	0.000786111
542	-5.47057	-5.46478	0.000784734
543	-5.47521	-5.4648	0.000783524
544	-5.4564	-5.46478	0.000782236
545	-5.48565	-5.46482	0.000781737
546	-5.48416	-5.46485	0.000781107
547	-5.44429	-5.46482	0.000780584
548	-5.45716	-5.4648	0.000779284
549	-5.45439	-5.46478	0.000778096
550	-5.4652	-5.46478	0.000776681
551	-5.46602	-5.46479	0.000775275
552	-5.45171	-5.46476	0.000774232
553	-5.47124	-5.46478	0.000772921
554	-5.47649	-5.4648	0.000771815
555	-5.47797	-5.46482	0.000770789
556	-5.46242	-5.46482	0.000769415
557	-5.48472	-5.46485	0.000768863
558	-5.45204	-5.46483	0.000767828
559	-5.47085	-5.46484	0.00076653
560	-5.46654	-5.46484	0.000765167
561	-5.48581	-5.46488	0.000764716
562	-5.47026	-5.46489	0.000763415
563	-5.46766	-5.46489	0.000762075
564	-5.44342	-5.46486	0.000761674
565	-5.45917	-5.46485	0.000760392
566	-5.47653	-5.46487	0.000759329
567	-5.48242	-5.4649	0.000758621
568	-5.45636	-5.46488	0.000757434
569	-5.48334	-5.46492	0.000756797
570	-5.42893	-5.46485	0.000758097
571	-5.44403	-5.46482	0.000757646
572	-5.43868	-5.46477	0.000757698
573	-5.47198	-5.46478	0.00075648
574	-5.4703	-5.46479	0.000755223
575	-5.44712	-5.46476	0.000754535
576	-5.44189	-5.46472	0.000754269
577	-5.45729	-5.46471	0.000753072
578	-5.44807	-5.46468	0.000752319
579	-5.48664	-5.46472	0.000751976
580	-5.4633	-5.46472	0.000750683
581	-5.45	-5.46469	0.000749818
582	-5.49149	-5.46474	0.000749942
583	-5.445	-5.4647	0.00074942
584	-5.47033	-5.46471	0.000748198
585	-5.45799	-5.4647	0.000747008
586	-5.45519	-5.46468	0.000745909
587	-5.47034	-5.46469	0.0007447
588	-5.49079	-5.46474	0.000744755
589	-5.45693	-5.46472	0.000743609
590	-5.46491	-5.46473	0.000742348
591	-5.47611	-5.46474	0.000741342
592	-5.47918	-5.46477	0.000740491
593	-5.46149	-5.46476	0.000739263
594	-5.49545	-5.46482	0.000739821
595	-5.43677	-5.46477	0.000740078
596	-5.49598	-5.46482	0.000740687
597	-5.48101	-5.46485	0.000739942
598	-5.47566	-5.46487	0.000738926
599	-5.41477	-5.46478	0.000742411
600	-5.43961	-5.46474	0.000742357
601	-5.44899	-5.46471	0.000741585
602	-5.4901	-5.46476	0.00074155
603	-5.4749	-5.46477	0.000740511
604	-5.44261	-5.46474	0.000740194
605	-5.4544	-5.46472	0.000739167
606	-5.45528	-5.4647	0.000738112
607	-5.48539	-5.46474	0.000737682
608	-5.47099	-5.46475	0.00073654
609	-5.44798	-5.46472	0.000735845
610	-5.47248	-5.46473	0.000734749
611	-5.4728	-5.46475	0.000733665
612	-5.45482	-5.46473	0.000732645
613	-5.45016	-5.46471	0.000731835
614	-5.44617	-5.46468	0.000731266
615	-5.44876	-5.46465	0.000730535
616	-5.43924	-5.46461	0.000730512
617	-5.4325	-5.46456	0.00073118
618	-5.45562	-5.46454	0.00073014
619	-5.4916	-5.46459	0.000730268
620	-5.44457	-5.46455	0.000729803
621	-5.45633	-5.46454	0.000728748
622	-5.45951	-5.46453	0.000727621
623	-5.47009	-5.46454	0.000726508
624	-5.51224	-5.46462	0.000729354
625	-5.42049	-5.46455	0.000731597
626	-5.43789	-5.4645	0.000731667
627	-5.45195	-5.46448	0.000730774
628	-5.45862	-5.46448	0.00072967
629	-5.455	-5.46446	0.000728666
630	-5.4832	-5.46449	0.000728116
631	-5.45828	-5.46448	0.000727029
632	-5.46679	-5.46448	0.000725887
633	-5.42502	-5.46442	0.000727413
634	-5.47323	-5.46444	0.000726398
635	-5.45714	-5.46442	0.000725345
636	-5.47877	-5.46445	0.000724556
637	-5.47592	-5.46446	0.000723642
638	-5.45471	-5.46445	0.000722669
639	-5.48668	-5.46448	0.000722376
640	-5.46893	-5.46449	0.00072128
641	-5.45576	-5.46448	0.000720284
642	-5.46456	-5.46448	0.000719162
643	-5.44168	-5.46444	0.000718916
644	-5.46007	-5.46443	0.000717832
645	-5.46939	-5.46444	0.00071676
646	-5.45185	-5.46442	0.000715915
647	-5.47649	-5.46444	0.000715052
648	-5.48552	-5.46447	0.000714688
649	-5.47527	-5.46449	0.000713781
650	-5.44664	-5.46446	0.00071321
651	-5.45575	-5.46445	0.00071224
652	-5.4425	-5.46442	0.000711943
653	-5.44619	-5.46439	0.0007114
654	-5.46887	-5.4644	0.000710345
655	-5.4211	-5.46433	0.000712329
656	-5.47714	-5.46435	0.000711511
657	-5.49885	-5.4644	0.000712363
658	-5.48447	-5.46443	0.000711933
659	-5.46921	-5.46444	0.00071089
660	-5.44608	-5.46441	0.000710357
661	-5.44871	-5.46439	0.00070968
662	-5.4583	-5.46438	0.000708667
663	-5.45868	-5.46437	0.00070765
664	-5.46373	-5.46437	0.000706585
665	-5.45916	-5.46436	0.000705566
666	-5.44283	-5.46433	0.000705247
667	-5.46194	-5.46433	0.000704198
668	-5.48114	-5.46435	0.000703594
669	-5.46506	-5.46435	0.000702543
670	-5.43185	-5.4643	0.000703167
671	-5.42941	-5.46425	0.00070404
672	-5.46139	-5.46425	0.000703005
673	-5.46846	-5.46425	0.000701988
674	-5.46186	-5.46425	0.000700956
675	-5.50329	-5.46431	0.0007023
676	-5.46815	-5.46431	0.000701284
677	-5.43583	-5.46427	0.000701509
678	-5.46102	-5.46427	0.00070049
679	-5.45271	-5.46425	0.000699665
680	-5.47011	-5.46426	0.00069869
681	-5.45556	-5.46424	0.00069778
682	-5.45551	-5.46423	0.000696875
683	-5.45055	-5.46421	0.000696142
684	-5.46682	-5.46422	0.000695135
685	-5.44643	-5.46419	0.000694605
686	-5.45245	-5.46417	0.000693803
687	-5.45586	-5.46416	0.000692898
688	-5.46294	-5.46416	0.000691893
689	-5.45085	-5.46414	0.000691159
690	-5.45511	-5.46413	0.000690281
691	-5.43987	-5.46409	0.000690174
692	-5.45696	-5.46408	0.000689254
693	-5.44838	-5.46406	0.000688631
694	-5.46562	-5.46406	0.000687643
695	-5.46716	-5.46407	0.000686668
696	-5.46223	-5.46406	0.000685686
697	-5.47435	-5.46408	0.000684861
698	-5.4789	-5.4641	0.000684209
699	-5.48385	-5.46413	0.000683814
700	-5.46272	-5.46412	0.00068284
701	-5.46859	-5.46413	0.000681895
702	-5.49705	-5.46418	0.000682535
703	-5.44569	-5.46415	0.00068207
704	-5.44332	-5.46412	0.000681743
705	-5.47741	-5.46414	0.000681036
706	-5.4894	-5.46418	0.000681011
707	-5.46996	-5.46418	0.000680097
708	-5.45125	-5.46417	0.000679381
709	-5.45993	-5.46416	0.00067845
710	-5.4446	-5.46413	0.000678053
711	-5.45551	-5.46412	0.000677208
712	-5.47853	-5.46414	0.000676559
713	-5.48137	-5.46417	0.000676041
714	-5.45289	-5.46415	0.000675279
715	-5.45452	-5.46414	0.000674469
716	-5.46807	-5.46414	0.000673549
717	-5.46104	-5.46414	0.000672624
718	-5.47609	-5.46415	0.000671893
719	-5.4527	-5.46414	0.000671147
720	-5.45721	-5.46413	0.000670284
721	-5.44356	-5.4641	0.000669961
722	-5.45146	-5.46408	0.000669262
723	-5.48678	-5.46411	0.000669072
724	-5.46655	-5.46412	0.000668157
725	-5.46509	-5.46412	0.000667236
726	-5.45552	-5.46411	0.000666422
727	-5.47012	-5.46411	0.000665557
728	-5.4605	-5.46411	0.000664661
729	-5.4551	-5.4641	0.000663865
730	-5.45788	-5.46409	0.00066301
731	-5.46505	-5.46409	0.000662104
732	-5.43111	-5.46405	0.000662731
733	-5.45799	-5.46404	0.000661878
734	-5.47195	-5.46405	0.000661064
735	-5.48429	-5.46408	0.000660738
736	-5.45188	-5.46406	0.000660048
737	-5.48435	-5.46409	0.000659727
738	-5.4431	-5.46406	0.000659446
739	-5.47215	-5.46407	0.000658644
740	-5.44785	-5.46405	0.000658119
741	-5.46064	-5.46404	0.000657247
742	-5.45118	-5.46402	0.000656589
743	-5.49674	-5.46407	0.00065718
744	-5.46798	-5.46407	0.000656318
745	-5.4636	-5.46407	0.000655437
746	-5.48312	-5.4641	0.000655056
747	-5.44512	-5.46407	0.000654671
748	-5.47225	-5.46408	0.000653887
749	-5.47151	-5.46409	0.000653089
750	-5.46345	-5.46409	0.000652219
751	-5.46386	-5.46409	0.000651351
752	-5.45832	-5.46409	0.00065053
753	-5.46875	-5.46409	0.000649695
754	-5.48628	-5.46412	0.0006495
755	-5.48528	-5.46415	0.000649243
756	-5.45751	-5.46414	0.000648444
757	-5.45193	-5.46412	0.000647788
758	-5.44893	-5.4641	0.000647244
759	-5.43113	-5.46406	0.000647848
760	-5.43927	-5.46403	0.000647816
761	-5.45313	-5.46401	0.000647123
762	-5.48524	-5.46404	0.000646873
763	-5.44948	-5.46402	0.000646306
764	-5.43665	-5.46399	0.000646453
765	-5.47626	-5.464	0.000645807
766	-5.46191	-5.464	0.000644969
767	-5.48222	-5.46402	0.000644566
768	-5.44651	-5.464	0.00064413
769	-5.45616	-5.46399	0.000643373
770	-5.45391	-5.46398	0.000642671
771	-5.44967	-5.46396	0.000642105
772	-5.47381	-5.46397	0.0006414
773	-5.45869	-5.46397	0.000640607
774	-5.48322	-5.46399	0.000640262
775	-5.47115	-5.464	0.000639502
776	-5.45217	-5.46398	0.00063886
777	-5.4549	-5.46397	0.000638145
778	-5.48673	-5.464	0.000637995
779	-5.48026	-5.46402	0.000637517
780	-5.47349	-5.46403	0.000636816
781	-5.48514	-5.46406	0.000636573
782	-5.44609	-5.46404	0.000636174
783	-5.48588	-5.46407	0.000635973
784	-5.47898	-5.46409	0.000635446
785	-5.46547	-5.46409	0.000634639
786	-5.46366	-5.46409	0.000633832
787	-5.48634	-5.46412	0.000633657
788	-5.45843	-5.46411	0.000632894
789	-5.44743	-5.46409	0.000632445
790	-5.48947	-5.46412	0.00063246
791	-5.48279	-5.46414	0.000632101
792	-5.4792	-5.46416	0.000631589
793	-5.45967	-5.46416	0.000630818
794	-5.47169	-5.46417	0.000630095
795	-5.45965	-5.46416	0.000629328
796	-5.43588	-5.46412	0.000629539
797	-5.47242	-5.46413	0.000628835
798	-5.4605	-5.46413	0.000628063
799	-5.48089	-5.46415	0.000627628
800	-5.47013	-5.46416	0.000626888
801	-5.49168	-5.46419	0.000627046
802	-5.44509	-5.46417	0.000626716
803	-5.45114	-5.46415	0.000626146
804	-5.47845	-5.46417	0.000625619
805	-5.43739	-5.46414	0.000625726
806	-5.44332	-5.46411	0.000625482
807	-5.47174	-5.46412	0.000624779
808	-5.44215	-5.46409	0.000624597
809	-5.4652	-5.4641	0.000623827
810	-5.45439	-5.46408	0.000623172
811	-5.47081	-5.46409	0.000622458
812	-5.46199	-5.46409	0.000621697
813	-5.47579	-5.4641	0.000621099
814	-5.45156	-5.46409	0.000620527
815	-5.50273	-5.46414	0.000621575
816	-5.50068	-5.46418	0.000622425
817	-5.47107	-5.46419	0.00062172
818	-5.4607	-5.46418	0.000620975
819	-5.46109	-5.46418	0.000620228
820	-5.47219	-5.46419	0.000619548
821	-5.47576	-5.4642	0.000618954
822	-5.45199	-5.46419	0.000618379
823	-5.46054	-5.46418	0.000617644
824	-5.4564	-5.46418	0.000616966
825	-5.45617	-5.46417	0.000616295
826	-5.44945	-5.46415	0.000615806
827	-5.45431	-5.46414	0.000615176
828	-5.4534	-5.46412	0.00061457
829	-5.50302	-5.46417	0.000615617
830	-5.43753	-5.46414	0.000615711
831	-5.46482	-5.46414	0.000614971
832	-5.47875	-5.46416	0.000614483
833	-5.44728	-5.46414	0.000614079
834	-5.45251	-5.46412	0.0006135
835	-5.50066	-5.46417	0.000614324
836	-5.48598	-5.46419	0.000614143
837	-5.45834	-5.46419	0.000613449
838	-5.48573	-5.46421	0.000613255
839	-5.50202	-5.46426	0.000614178
840	-5.48133	-5.46428	0.000613783
841	-5.42823	-5.46423	0.000614548
842	-5.48265	-5.46426	0.000614207
843	-5.47946	-5.46427	0.000613744
844	-5.46903	-5.46428	0.000613042
845	-5.49464	-5.46431	0.000613369
846	-5.46805	-5.46432	0.00061266
847	-5.47842	-5.46434	0.000612162
848	-5.4772	-5.46435	0.000611628
849	-5.45787	-5.46434	0.000610956
850	-5.44967	-5.46433	0.000610481
851	-5.47704	-5.46434	0.000609946
852	-5.47181	-5.46435	0.000609293
853	-5.48818	-5.46438	0.000609219
854	-5.48765	-5.4644	0.000609115
855	-5.45918	-5.4644	0.000608433
856	-5.4721	-5.46441	0.000607789
857	-5.46339	-5.46441	0.00060708
858	-5.45389	-5.46439	0.000606497
859	-5.45046	-5.46438	0.000606008
860	-5.49092	-5.46441	0.000606088
861	-5.44271	-5.46438	0.000605908
862	-5.45547	-5.46437	0.000605293
863	-5.47595	-5.46439	0.00060474
864	-5.48122	-5.46441	0.000604354
865	-5.46471	-5.46441	0.000603656
866	-5.44525	-5.46438	0.000603364
867	-5.43402	-5.46435	0.000603683
868	-5.45351	-5.46434	0.000603117
869	-5.4834	-5.46436	0.000602822
870	-5.49407	-5.46439	0.000603096
871	-5.46721	-5.4644	0.000602412
872	-5.41704	-5.46434	0.000604164
873	-5.44115	-5.46432	0.000604056
874	-5.44705	-5.4643	0.000603688
875	-5.48558	-5.46432	0.000603488
876	-5.49274	-5.46435	0.000603671
877	-5.47879	-5.46437	0.000603207
878	-5.45688	-5.46436	0.00060258
879	-5.49876	-5.4644	0.000603164
880	-5.47535	-5.46441	0.000602607
881	-5.44865	-5.46439	0.000602189
882	-5.46827	-5.4644	0.000601522
883	-5.46662	-5.4644	0.000600846
884	-5.45723	-5.46439	0.000600221
885	-5.46492	-5.46439	0.000599543
886	-5.46573	-5.4644	0.000598868
887	-5.50916	-5.46445	0.000600315
888	-5.46232	-5.46444	0.000599644
889	-5.44368	-5.46442	0.000599424
890	-5.45698	-5.46441	0.000598809
891	-5.46988	-5.46442	0.000598168
892	-5.44724	-5.4644	0.000597808
893	-5.4792	-5.46441	0.000597368
894	-5.45955	-5.46441	0.000596724
895	-5.4776	-5.46442	0.00059624
896	-5.45093	-5.46441	0.000595764
897	-5.46703	-5.46441	0.000595107
898	-5.46993	-5.46442	0.000594476
899	-5.46727	-5.46442	0.000593823
900	-5.48808	-5.46445	0.000593745
901	-5.4836	-5.46447	0.000593467
902	-5.47471	-5.46448	0.000592917
903	-5.48644	-5.4645	0.000592759
904	-5.47316	-5.46451	0.000592181
905	-5.4468	-5.46449	0.00059185
906	-5.46899	-5.4645	0.000591218
907	-5.47111	-5.46451	0.000590611
908	-5.44519	-5.46449	0.000590343
909	-5.4662	-5.46449	0.000589697
910	-5.47116	-5.46449	0.000589094
911	-5.46354	-5.46449	0.000588449
912	-5.49496	-5.46453	0.000588751
913	-5.44946	-5.46451	0.000588338
914	-5.45297	-5.4645	0.000587829
915	-5.44325	-5.46447	0.000587645
916	-5.4555	-5.46446	0.000587085
917	-5.42436	-5.46442	0.000588072
918	-5.50299	-5.46446	0.000588931
919	-5.43744	-5.46443	0.000589023
920	-5.44514	-5.46441	0.000588756
921	-5.45497	-5.4644	0.000588206
922	-5.4486	-5.46439	0.000587818
923	-5.46773	-5.46439	0.000587192
924	-5.4483	-5.46437	0.000586815
925	-5.47549	-5.46438	0.000586303
926	-5.47859	-5.4644	0.000585871
927	-5.42358	-5.46436	0.000586892
928	-5.47647	-5.46437	0.000586404
929	-5.44262	-5.46434	0.00058624
930	-5.45647	-5.46434	0.000585671
931	-5.46656	-5.46434	0.000585047
932	-5.47292	-5.46435	0.000584492
933	-5.48557	-5.46437	0.000584308
934	-5.45629	-5.46436	0.000583746
935	-5.4506	-5.46435	0.000583307
936	-5.49879	-5.46438	0.000583844
937	-5.45232	-5.46437	0.000583362
938	-5.48694	-5.4644	0.000583236
939	-5.44843	-5.46438	0.000582863
940	-5.49209	-5.46441	0.000582988
941	-5.45075	-5.46439	0.000582549
942	-5.48792	-5.46442	0.000582465
943	-5.48227	-5.46444	0.000582155
944	-5.49079	-5.46446	0.000582208
945	-5.48676	-5.46449	0.000582069
946	-5.48525	-5.46451	0.000581868
947	-5.44624	-5.46449	0.000581573
948	-5.47389	-5.4645	0.000581044
949	-5.45277	-5.46449	0.000580563
950	-5.46031	-5.46448	0.000579969
951	-5.45668	-5.46448	0.000579417
952	-5.46509	-5.46448	0.000578808
953	-5.44133	-5.46445	0.000578711
954	-5.45215	-5.46444	0.000578248
955	-5.45228	-5.46443	0.000577782
956	-5.45104	-5.46441	0.000577348
957	-5.47519	-5.46442	0.000576854
958	-5.46206	-5.46442	0.000576257
959	-5.45059	-5.46441	0.000575837
960	-5.44645	-5.46439	0.000575541
961	-5.45786	-5.46438	0.000574982
962	-5.43727	-5.46435	0.000575075
963	-5.48756	-5.46438	0.000574982
964	-5.45677	-5.46437	0.00057444
965	-5.46484	-5.46437	0.000573845
966	-5.47414	-5.46438	0.00057334
967	-5.4888	-5.46441	0.000573303
968	-5.48686	-5.46443	0.00057318
969	-5.49021	-5.46446	0.000573205
970	-5.42195	-5.46441	0.000574287
971	-5.46646	-5.46441	0.000573699
972	-5.43614	-5.46438	0.000573846
973	-5.45926	-5.46438	0.00057328
974	-5.48595	-5.4644	0.00057312
975	-5.45289	-5.46439	0.000572653
976	-5.47012	-5.4644	0.000572097
977	-5.48086	-5.46441	0.000571759
978	-5.46183	-5.46441	0.000571181
979	-5.46358	-5.46441	0.000570598
980	-5.48313	-5.46443	0.000570336
981	-5.46591	-5.46443	0.000569756
982	-5.48043	-5.46445	0.000569409
983	-5.48356	-5.46447	0.000569161
984	-5.47461	-5.46448	0.000568676
985	-5.4812	-5.46449	0.000568353
986	-5.47203	-5.4645	0.000567828
987	-5.43641	-5.46447	0.000567965
988	-5.46584	-5.46447	0.000567392
989	-5.48544	-5.46449	0.000567214
990	-5.49521	-5.46453	0.000567489
991	-5.46491	-5.46453	0.000566916
992	-5.46985	-5.46453	0.00056637
993	-5.44396	-5.46451	0.000566179
994	-5.48112	-5.46453	0.000565856
995	-5.47842	-5.46454	0.000565459
996	-5.44819	-5.46452	0.00056513
997	-5.47179	-5.46453	0.00056461
998	-5.49895	-5.46457	0.000565097
999	-5.50667	-5.46461	0.0005661
1000	-5.4466	-5.46459	0.00056582
