BLOCK:	ACTUAL_P:	P_AVE:	ERROR:
1	0.890538	0.890538	0
2	0.890488	0.890513	1.77968e-05
3	0.892252	0.891093	0.000473636
4	0.889859	0.890784	0.000444465
5	0.891678	0.890963	0.000389833
6	0.891121	0.890989	0.000325756
7	0.891745	0.891097	0.000296583
8	0.891201	0.89111	0.000259793
9	0.891022	0.8911	0.000231113
10	0.891212	0.891112	0.000208271
11	0.891947	0.891187	0.000202707
12	0.891336	0.8912	0.000186192
13	0.89079	0.891168	0.000174514
14	0.890433	0.891116	0.00016977
15	0.888999	0.890975	0.000209026
16	0.890976	0.890975	0.000195961
17	0.89119	0.890987	0.000184843
18	0.891452	0.891013	0.000176363
19	0.892061	0.891068	0.000175492
20	0.891279	0.891079	0.000167033
21	0.8917	0.891108	0.000161675
22	0.891516	0.891127	0.000155386
23	0.890057	0.89108	0.000155442
24	0.890794	0.891069	0.000149424
25	0.890868	0.89106	0.000143663
26	0.891644	0.891083	0.000139877
27	0.891259	0.891089	0.000134849
28	0.892515	0.89114	0.000139317
29	0.89088	0.891131	0.000134802
30	0.89135	0.891139	0.000130507
31	0.89056	0.89112	0.000127625
32	0.891465	0.891131	0.00012409
33	0.890299	0.891106	0.000122863
34	0.891309	0.891112	0.000119395
35	0.89062	0.891098	0.000116806
36	0.891435	0.891107	0.000113937
37	0.889866	0.891073	0.000115691
38	0.891842	0.891094	0.000114402
39	0.891023	0.891092	0.000111483
40	0.890267	0.891071	0.000110587
41	0.890907	0.891067	0.000107962
42	0.891136	0.891069	0.000105403
43	0.889328	0.891028	0.000110457
44	0.890474	0.891016	0.000108662
45	0.891719	0.891031	0.000107364
46	0.889308	0.890994	0.000111373
47	0.891366	0.891002	0.000109284
48	0.889831	0.890977	0.000109697
49	0.891573	0.89099	0.000108129
50	0.892844	0.891027	0.000112145
51	0.890524	0.891017	0.000110378
52	0.891574	0.891028	0.000108775
53	0.891031	0.891028	0.000106722
54	0.890428	0.891016	0.000105321
55	0.88993	0.890997	0.000105244
56	0.891672	0.891009	0.000104054
57	0.892033	0.891027	0.000103768
58	0.891465	0.891034	0.000102254
59	0.889823	0.891014	0.000102562
60	0.891384	0.89102	0.000101038
61	0.891911	0.891035	0.000100432
62	0.89117	0.891037	9.88354e-05
63	0.890996	0.891036	9.72687e-05
64	0.890684	0.891031	9.59042e-05
65	0.89059	0.891024	9.46683e-05
66	0.891126	0.891025	9.32465e-05
67	0.892219	0.891043	9.35411e-05
68	0.891288	0.891047	9.22348e-05
69	0.890008	0.891032	9.21184e-05
70	0.893371	0.891065	9.66724e-05
71	0.890483	0.891057	9.56582e-05
72	0.89245	0.891076	9.62658e-05
73	0.892371	0.891094	9.65677e-05
74	0.889899	0.891078	9.66044e-05
75	0.892712	0.8911	9.7742e-05
76	0.891259	0.891102	9.64783e-05
77	0.89086	0.891099	9.52766e-05
78	0.891204	0.8911	9.40648e-05
79	0.890181	0.891088	9.3591e-05
80	0.89209	0.891101	9.32554e-05
81	0.892893	0.891123	9.46937e-05
82	0.891256	0.891125	9.35528e-05
83	0.891215	0.891126	9.2432e-05
84	0.892644	0.891144	9.30814e-05
85	0.890017	0.891131	9.29257e-05
86	0.891775	0.891138	9.21471e-05
87	0.890575	0.891132	9.13151e-05
88	0.890938	0.891129	9.03038e-05
89	0.889457	0.891111	9.12221e-05
90	0.891134	0.891111	9.02089e-05
91	0.890686	0.891106	8.93385e-05
92	0.890736	0.891102	8.8458e-05
93	0.889616	0.891086	8.89387e-05
94	0.890683	0.891082	8.80959e-05
95	0.89199	0.891091	8.7686e-05
96	0.891189	0.891092	8.67784e-05
97	0.891471	0.891096	8.59716e-05
98	0.890864	0.891094	8.51271e-05
99	0.890097	0.891084	8.48607e-05
100	0.892773	0.891101	8.56769e-05
101	0.89106	0.8911	8.48295e-05
102	0.891276	0.891102	8.40153e-05
103	0.8915	0.891106	8.32884e-05
104	0.892238	0.891117	8.31961e-05
105	0.892797	0.891133	8.39292e-05
106	0.89195	0.891141	8.34905e-05
107	0.889879	0.891129	8.35385e-05
108	0.890396	0.891122	8.304e-05
109	0.891697	0.891127	8.24459e-05
110	0.891241	0.891128	8.17028e-05
111	0.890902	0.891126	8.09923e-05
112	0.892063	0.891135	8.06997e-05
113	0.892351	0.891145	8.07004e-05
114	0.891863	0.891152	8.02375e-05
115	0.890495	0.891146	7.97428e-05
116	0.890997	0.891145	7.90657e-05
117	0.890805	0.891142	7.84432e-05
118	0.890763	0.891139	7.78442e-05
119	0.890347	0.891132	7.74739e-05
120	0.8909	0.89113	7.68523e-05
121	0.891662	0.891134	7.63428e-05
122	0.891484	0.891137	7.57707e-05
123	0.892662	0.89115	7.6162e-05
124	0.891984	0.891156	7.58442e-05
125	0.890255	0.891149	7.55798e-05
126	0.892077	0.891157	7.53375e-05
127	0.89083	0.891154	7.47882e-05
128	0.892208	0.891162	7.46562e-05
129	0.892953	0.891176	7.53569e-05
130	0.891326	0.891177	7.4786e-05
131	0.890816	0.891174	7.42658e-05
132	0.890636	0.89117	7.3815e-05
133	0.890894	0.891168	7.32892e-05
134	0.892426	0.891178	7.33405e-05
135	0.890983	0.891176	7.28114e-05
136	0.891692	0.89118	7.23746e-05
137	0.890722	0.891177	7.19237e-05
138	0.890377	0.891171	7.16357e-05
139	0.891325	0.891172	7.1129e-05
140	0.890272	0.891166	7.09108e-05
141	0.891112	0.891165	7.04089e-05
142	0.890671	0.891162	6.99991e-05
143	0.890678	0.891158	6.95913e-05
144	0.890074	0.891151	6.95142e-05
145	0.890821	0.891149	6.90721e-05
146	0.889828	0.891139	6.9189e-05
147	0.891933	0.891145	6.89286e-05
148	0.892366	0.891153	6.8955e-05
149	0.890474	0.891149	6.86426e-05
150	0.891162	0.891149	6.8185e-05
151	0.889077	0.891135	6.91004e-05
152	0.891302	0.891136	6.86545e-05
153	0.89167	0.89114	6.82944e-05
154	0.891303	0.891141	6.78592e-05
155	0.890765	0.891138	6.74647e-05
156	0.890826	0.891136	6.70618e-05
157	0.89174	0.89114	6.67449e-05
158	0.891489	0.891142	6.6359e-05
159	0.891619	0.891145	6.60093e-05
160	0.890978	0.891144	6.5605e-05
161	0.89129	0.891145	6.52038e-05
162	0.891314	0.891146	6.48096e-05
163	0.891333	0.891147	6.44221e-05
164	0.89111	0.891147	6.40297e-05
165	0.891533	0.891149	6.36845e-05
166	0.890951	0.891148	6.3312e-05
167	0.890651	0.891145	6.30028e-05
168	0.891449	0.891147	6.26538e-05
169	0.891164	0.891147	6.22831e-05
170	0.890959	0.891146	6.19265e-05
171	0.891145	0.891146	6.15644e-05
172	0.89127	0.891147	6.12107e-05
173	0.891908	0.891151	6.1015e-05
174	0.891083	0.891151	6.06656e-05
175	0.889981	0.891144	6.06862e-05
176	0.889593	0.891135	6.09778e-05
177	0.892397	0.891142	6.10484e-05
178	0.891532	0.891145	6.07447e-05
179	0.891881	0.891149	6.05445e-05
180	0.891109	0.891148	6.02085e-05
181	0.889308	0.891138	6.07283e-05
182	0.890518	0.891135	6.04901e-05
183	0.889396	0.891125	6.09013e-05
184	0.890196	0.89112	6.07793e-05
185	0.8908	0.891119	6.04754e-05
186	0.890742	0.891117	6.01843e-05
187	0.891004	0.891116	5.98654e-05
188	0.893008	0.891126	6.03867e-05
189	0.891844	0.89113	6.01865e-05
190	0.890971	0.891129	5.98755e-05
191	0.889791	0.891122	5.99704e-05
192	0.890966	0.891121	5.96636e-05
193	0.892384	0.891128	5.97123e-05
194	0.889986	0.891122	5.96939e-05
195	0.890375	0.891118	5.95106e-05
196	0.891773	0.891121	5.93008e-05
197	0.891822	0.891125	5.91064e-05
198	0.891445	0.891127	5.883e-05
199	0.891682	0.891129	5.86005e-05
200	0.890687	0.891127	5.83492e-05
201	0.892232	0.891133	5.83173e-05
202	0.891035	0.891132	5.80306e-05
203	0.892236	0.891138	5.79989e-05
204	0.891577	0.89114	5.77546e-05
205	0.891442	0.891141	5.74917e-05
206	0.89159	0.891143	5.72539e-05
207	0.889397	0.891135	5.75954e-05
208	0.891548	0.891137	5.73527e-05
209	0.892289	0.891142	5.73426e-05
210	0.892464	0.891149	5.74139e-05
211	0.891657	0.891151	5.71922e-05
212	0.891488	0.891153	5.69445e-05
213	0.892916	0.891161	5.72759e-05
214	0.891534	0.891163	5.70348e-05
215	0.892331	0.891168	5.70278e-05
216	0.891353	0.891169	5.67703e-05
217	0.89099	0.891168	5.65146e-05
218	0.890738	0.891166	5.62897e-05
219	0.891192	0.891166	5.60328e-05
220	0.890467	0.891163	5.58682e-05
221	0.889101	0.891154	5.6389e-05
222	0.89072	0.891152	5.61688e-05
223	0.88901	0.891142	5.67319e-05
224	0.891028	0.891142	5.6481e-05
225	0.889793	0.891136	5.65473e-05
226	0.891264	0.891136	5.63e-05
227	0.890722	0.891135	5.60816e-05
228	0.892193	0.891139	5.60273e-05
229	0.890548	0.891137	5.5842e-05
230	0.891841	0.89114	5.56831e-05
231	0.889996	0.891135	5.56615e-05
232	0.891783	0.891137	5.54918e-05
233	0.891911	0.891141	5.53528e-05
234	0.892741	0.891148	5.55372e-05
235	0.890874	0.891146	5.53131e-05
236	0.890026	0.891142	5.52819e-05
237	0.892333	0.891147	5.52768e-05
238	0.890662	0.891145	5.5082e-05
239	0.891088	0.891144	5.48521e-05
240	0.891481	0.891146	5.46414e-05
241	0.88965	0.89114	5.47662e-05
242	0.890336	0.891136	5.46404e-05
243	0.890975	0.891136	5.44196e-05
244	0.890021	0.891131	5.43878e-05
245	0.89172	0.891134	5.42189e-05
246	0.891904	0.891137	5.40889e-05
247	0.890269	0.891133	5.39838e-05
248	0.890958	0.891132	5.37707e-05
249	0.891536	0.891134	5.35793e-05
250	0.8911	0.891134	5.33651e-05
251	0.891082	0.891134	5.31529e-05
252	0.891861	0.891137	5.30202e-05
253	0.890647	0.891135	5.2846e-05
254	0.891301	0.891135	5.2642e-05
255	0.891185	0.891136	5.24359e-05
256	0.890454	0.891133	5.22985e-05
257	0.891361	0.891134	5.21026e-05
258	0.890141	0.89113	5.20425e-05
259	0.891477	0.891131	5.18588e-05
260	0.890546	0.891129	5.17082e-05
261	0.892715	0.891135	5.18658e-05
262	0.889571	0.891129	5.20104e-05
263	0.889948	0.891125	5.20063e-05
264	0.892647	0.89113	5.2128e-05
265	0.891093	0.89113	5.19314e-05
266	0.890851	0.891129	5.17468e-05
267	0.890434	0.891127	5.16186e-05
268	0.889874	0.891122	5.16372e-05
269	0.891156	0.891122	5.14454e-05
270	0.891599	0.891124	5.12851e-05
271	0.891442	0.891125	5.11093e-05
272	0.890394	0.891122	5.0992e-05
273	0.890116	0.891119	5.09382e-05
274	0.890925	0.891118	5.07572e-05
275	0.890021	0.891114	5.07292e-05
276	0.890743	0.891113	5.05631e-05
277	0.891019	0.891112	5.03818e-05
278	0.892438	0.891117	5.04256e-05
279	0.891403	0.891118	5.02553e-05
280	0.891913	0.891121	5.01559e-05
281	0.89096	0.89112	4.99807e-05
282	0.890979	0.89112	4.9806e-05
283	0.890174	0.891116	4.97421e-05
284	0.889496	0.891111	4.98932e-05
285	0.890449	0.891108	4.97721e-05
286	0.892318	0.891113	4.97773e-05
287	0.890682	0.891111	4.96265e-05
288	0.892236	0.891115	4.96075e-05
289	0.890473	0.891113	4.94856e-05
290	0.891539	0.891114	4.93368e-05
291	0.891576	0.891116	4.91927e-05
292	0.891751	0.891118	4.90723e-05
293	0.89146	0.891119	4.89187e-05
294	0.88958	0.891114	4.90318e-05
295	0.8906	0.891112	4.88966e-05
296	0.891775	0.891114	4.87826e-05
297	0.892982	0.891121	4.90219e-05
298	0.891175	0.891121	4.88577e-05
299	0.892673	0.891126	4.89692e-05
300	0.890253	0.891123	4.88924e-05
301	0.892347	0.891127	4.88989e-05
302	0.890602	0.891126	4.87678e-05
303	0.891939	0.891128	4.86807e-05
304	0.891447	0.891129	4.85318e-05
305	0.889605	0.891124	4.86293e-05
306	0.891268	0.891125	4.84727e-05
307	0.890174	0.891122	4.84136e-05
308	0.890494	0.89112	4.82993e-05
309	0.89088	0.891119	4.81492e-05
310	0.891264	0.891119	4.79962e-05
311	0.891832	0.891122	4.78965e-05
312	0.889919	0.891118	4.78979e-05
313	0.890818	0.891117	4.77544e-05
314	0.890229	0.891114	4.7686e-05
315	0.890038	0.891111	4.76568e-05
316	0.890542	0.891109	4.75399e-05
317	0.889226	0.891103	4.77595e-05
318	0.890245	0.8911	4.76855e-05
319	0.890429	0.891098	4.75824e-05
320	0.891628	0.8911	4.74625e-05
321	0.890603	0.891098	4.73399e-05
322	0.890825	0.891097	4.72005e-05
323	0.888515	0.891089	4.77268e-05
324	0.891251	0.89109	4.75821e-05
325	0.890902	0.891089	4.74392e-05
326	0.891115	0.891089	4.72937e-05
327	0.892243	0.891093	4.72805e-05
328	0.891098	0.891093	4.71364e-05
329	0.891012	0.891093	4.69938e-05
330	0.891737	0.891095	4.68919e-05
331	0.892319	0.891098	4.68959e-05
332	0.891274	0.891099	4.67577e-05
333	0.891653	0.8911	4.66469e-05
334	0.891848	0.891103	4.65609e-05
335	0.889362	0.891097	4.67109e-05
336	0.891137	0.891098	4.65721e-05
337	0.890069	0.891095	4.65337e-05
338	0.89139	0.891095	4.64043e-05
339	0.890631	0.891094	4.62876e-05
340	0.890546	0.891092	4.61795e-05
341	0.891137	0.891093	4.60443e-05
342	0.891441	0.891094	4.59209e-05
343	0.891099	0.891094	4.5787e-05
344	0.891174	0.891094	4.56545e-05
345	0.889981	0.891091	4.5636e-05
346	0.889033	0.891085	4.58898e-05
347	0.891311	0.891085	4.57622e-05
348	0.891651	0.891087	4.56596e-05
349	0.891224	0.891087	4.55305e-05
350	0.891717	0.891089	4.5436e-05
351	0.892012	0.891092	4.53826e-05
352	0.892192	0.891095	4.53611e-05
353	0.890264	0.891093	4.52937e-05
354	0.890669	0.891091	4.51816e-05
355	0.892358	0.891095	4.51949e-05
356	0.890601	0.891093	4.50892e-05
357	0.89114	0.891094	4.49631e-05
358	0.891767	0.891096	4.48769e-05
359	0.891393	0.891096	4.47595e-05
360	0.891177	0.891097	4.46357e-05
361	0.8919	0.891099	4.45676e-05
362	0.890683	0.891098	4.44593e-05
363	0.891624	0.891099	4.43604e-05
364	0.891222	0.891099	4.42399e-05
365	0.891364	0.8911	4.41246e-05
366	0.890948	0.8911	4.4006e-05
367	0.891125	0.8911	4.38862e-05
368	0.891217	0.8911	4.37681e-05
369	0.890428	0.891098	4.36873e-05
370	0.891187	0.891099	4.35699e-05
371	0.889674	0.891095	4.36213e-05
372	0.890908	0.891094	4.35069e-05
373	0.890394	0.891092	4.34308e-05
374	0.890266	0.89109	4.33709e-05
375	0.892558	0.891094	4.34316e-05
376	0.893477	0.8911	4.37759e-05
377	0.890227	0.891098	4.37211e-05
378	0.890754	0.891097	4.36149e-05
379	0.89221	0.8911	4.35986e-05
380	0.89226	0.891103	4.35906e-05
381	0.889313	0.891098	4.37286e-05
382	0.891642	0.8911	4.36372e-05
383	0.891654	0.891101	4.35473e-05
384	0.890209	0.891099	4.34958e-05
385	0.891146	0.891099	4.3383e-05
386	0.891587	0.8911	4.32891e-05
387	0.892216	0.891103	4.3273e-05
388	0.890353	0.891101	4.32047e-05
389	0.890755	0.8911	4.31028e-05
390	0.890375	0.891099	4.30324e-05
391	0.892667	0.891103	4.31088e-05
392	0.891691	0.891104	4.30249e-05
393	0.891277	0.891105	4.29177e-05
394	0.891012	0.891104	4.28094e-05
395	0.891679	0.891106	4.27258e-05
396	0.890027	0.891103	4.27047e-05
397	0.891955	0.891105	4.2651e-05
398	0.891848	0.891107	4.25846e-05
399	0.890765	0.891106	4.24865e-05
400	0.892282	0.891109	4.24819e-05
401	0.891228	0.891109	4.2377e-05
402	0.891777	0.891111	4.23041e-05
403	0.892069	0.891113	4.22659e-05
404	0.891479	0.891114	4.2171e-05
405	0.891545	0.891115	4.20803e-05
406	0.891466	0.891116	4.19855e-05
407	0.891708	0.891118	4.19075e-05
408	0.890636	0.891117	4.18214e-05
409	0.892614	0.89112	4.18791e-05
410	0.891102	0.89112	4.1777e-05
411	0.892058	0.891122	4.17376e-05
412	0.891371	0.891123	4.16407e-05
413	0.890119	0.891121	4.16108e-05
414	0.891196	0.891121	4.15107e-05
415	0.891003	0.891121	4.14116e-05
416	0.891845	0.891122	4.13487e-05
417	0.891999	0.891124	4.1303e-05
418	0.890269	0.891122	4.12548e-05
419	0.890641	0.891121	4.11723e-05
420	0.891147	0.891121	4.10743e-05
421	0.889873	0.891118	4.10836e-05
422	0.891437	0.891119	4.09932e-05
423	0.89162	0.89112	4.09134e-05
424	0.891172	0.89112	4.0817e-05
425	0.890697	0.891119	4.07331e-05
426	0.892761	0.891123	4.08193e-05
427	0.890626	0.891122	4.07403e-05
428	0.890561	0.891121	4.06662e-05
429	0.889114	0.891116	4.08396e-05
430	0.889839	0.891113	4.08524e-05
431	0.891771	0.891115	4.07862e-05
432	0.891078	0.891114	4.06918e-05
433	0.889625	0.891111	4.07429e-05
434	0.892007	0.891113	4.07013e-05
435	0.893851	0.891119	4.10916e-05
436	0.891373	0.89112	4.10015e-05
437	0.890819	0.891119	4.09135e-05
438	0.890669	0.891118	4.0833e-05
439	0.891991	0.89112	4.07883e-05
440	0.892645	0.891124	4.08426e-05
441	0.89042	0.891122	4.07811e-05
442	0.892243	0.891125	4.07677e-05
443	0.890749	0.891124	4.06845e-05
444	0.890899	0.891123	4.0596e-05
445	0.890981	0.891123	4.0506e-05
446	0.891495	0.891124	4.04238e-05
447	0.892778	0.891128	4.05024e-05
448	0.89366	0.891133	4.08047e-05
449	0.890824	0.891132	4.07197e-05
450	0.890267	0.891131	4.06746e-05
451	0.890619	0.891129	4.06002e-05
452	0.892073	0.891132	4.05641e-05
453	0.888184	0.891125	4.09929e-05
454	0.891013	0.891125	4.09034e-05
455	0.891428	0.891125	4.08189e-05
456	0.890059	0.891123	4.07963e-05
457	0.889835	0.89112	4.08044e-05
458	0.891407	0.891121	4.07201e-05
459	0.889378	0.891117	4.08081e-05
460	0.890977	0.891117	4.07205e-05
461	0.891104	0.891117	4.06322e-05
462	0.891098	0.891117	4.05443e-05
463	0.89055	0.891116	4.04751e-05
464	0.890279	0.891114	4.04281e-05
465	0.893483	0.891119	4.06611e-05
466	0.89207	0.891121	4.0625e-05
467	0.890344	0.891119	4.05721e-05
468	0.89155	0.89112	4.04959e-05
469	0.890445	0.891119	4.04351e-05
470	0.892135	0.891121	4.04068e-05
471	0.892113	0.891123	4.03759e-05
472	0.889416	0.891119	4.0452e-05
473	0.891768	0.891121	4.03897e-05
474	0.891775	0.891122	4.03281e-05
475	0.891518	0.891123	4.02518e-05
476	0.891374	0.891123	4.01707e-05
477	0.892074	0.891125	4.01358e-05
478	0.891548	0.891126	4.00616e-05
479	0.891455	0.891127	3.99839e-05
480	0.891178	0.891127	3.99007e-05
481	0.890322	0.891125	3.98528e-05
482	0.8912	0.891126	3.97704e-05
483	0.891279	0.891126	3.96893e-05
484	0.890016	0.891124	3.96735e-05
485	0.890972	0.891123	3.9593e-05
486	0.890055	0.891121	3.95724e-05
487	0.891925	0.891123	3.95256e-05
488	0.890128	0.891121	3.94971e-05
489	0.892455	0.891123	3.95104e-05
490	0.893345	0.891128	3.9689e-05
491	0.891592	0.891129	3.96194e-05
492	0.892098	0.891131	3.95879e-05
493	0.89025	0.891129	3.95479e-05
494	0.893417	0.891134	3.97381e-05
495	0.890536	0.891133	3.96762e-05
496	0.889743	0.89113	3.96951e-05
497	0.890026	0.891127	3.96772e-05
498	0.889523	0.891124	3.97282e-05
499	0.890749	0.891124	3.96558e-05
500	0.892083	0.891125	3.96228e-05
501	0.891598	0.891126	3.9555e-05
502	0.891777	0.891128	3.94974e-05
503	0.891952	0.891129	3.94529e-05
504	0.890392	0.891128	3.94017e-05
505	0.891862	0.891129	3.93505e-05
506	0.890599	0.891128	3.92867e-05
507	0.89074	0.891127	3.92166e-05
508	0.892487	0.89113	3.92306e-05
509	0.891889	0.891132	3.91818e-05
510	0.889984	0.891129	3.91696e-05
511	0.891305	0.89113	3.90944e-05
512	0.891766	0.891131	3.90378e-05
513	0.891083	0.891131	3.89618e-05
514	0.89282	0.891134	3.90243e-05
515	0.890188	0.891132	3.89918e-05
516	0.891053	0.891132	3.89165e-05
517	0.890203	0.89113	3.88828e-05
518	0.889203	0.891127	3.89853e-05
519	0.891084	0.891127	3.89103e-05
520	0.890564	0.891126	3.88505e-05
521	0.891421	0.891126	3.87801e-05
522	0.892275	0.891128	3.87682e-05
523	0.890274	0.891127	3.87285e-05
524	0.891078	0.891127	3.86547e-05
525	0.890675	0.891126	3.85906e-05
526	0.891221	0.891126	3.85177e-05
527	0.890519	0.891125	3.84618e-05
528	0.890084	0.891123	3.84394e-05
529	0.891764	0.891124	3.83859e-05
530	0.891957	0.891126	3.83456e-05
531	0.890379	0.891124	3.82992e-05
532	0.890984	0.891124	3.82281e-05
533	0.891802	0.891125	3.81775e-05
534	0.893431	0.891129	3.83494e-05
535	0.89178	0.891131	3.8297e-05
536	0.890257	0.891129	3.82603e-05
537	0.891037	0.891129	3.81894e-05
538	0.890706	0.891128	3.81265e-05
539	0.889845	0.891126	3.813e-05
540	0.891069	0.891126	3.80595e-05
541	0.890025	0.891124	3.80435e-05
542	0.890801	0.891123	3.7978e-05
543	0.890235	0.891121	3.79433e-05
544	0.891807	0.891123	3.78945e-05
545	0.890126	0.891121	3.7869e-05
546	0.889834	0.891118	3.78729e-05
547	0.892198	0.89112	3.7855e-05
548	0.891446	0.891121	3.77906e-05
549	0.891516	0.891122	3.77287e-05
550	0.891426	0.891122	3.76641e-05
551	0.890937	0.891122	3.75973e-05
552	0.891651	0.891123	3.75414e-05
553	0.890529	0.891122	3.74888e-05
554	0.890584	0.891121	3.74337e-05
555	0.890488	0.89112	3.73837e-05
556	0.891181	0.89112	3.73166e-05
557	0.89001	0.891118	3.73028e-05
558	0.891781	0.891119	3.72549e-05
559	0.890859	0.891119	3.71911e-05
560	0.892026	0.89112	3.716e-05
561	0.89028	0.891119	3.71239e-05
562	0.890581	0.891118	3.70702e-05
563	0.890765	0.891117	3.70096e-05
564	0.892259	0.891119	3.69994e-05
565	0.891521	0.89112	3.69407e-05
566	0.890454	0.891119	3.68942e-05
567	0.889854	0.891116	3.68964e-05
568	0.891686	0.891117	3.68451e-05
569	0.889962	0.891115	3.68362e-05
570	0.892626	0.891118	3.68669e-05
571	0.892139	0.89112	3.68456e-05
572	0.892107	0.891122	3.68216e-05
573	0.891006	0.891121	3.67579e-05
574	0.890568	0.89112	3.67065e-05
575	0.891931	0.891122	3.66698e-05
576	0.892101	0.891123	3.66455e-05
577	0.891346	0.891124	3.6584e-05
578	0.891795	0.891125	3.65391e-05
579	0.890104	0.891123	3.65185e-05
580	0.890809	0.891123	3.64596e-05
581	0.891355	0.891123	3.6399e-05
582	0.890144	0.891121	3.63753e-05
583	0.89209	0.891123	3.63509e-05
584	0.891202	0.891123	3.62889e-05
585	0.891509	0.891124	3.62328e-05
586	0.891522	0.891125	3.61774e-05
587	0.890569	0.891124	3.61281e-05
588	0.890004	0.891122	3.61168e-05
589	0.891347	0.891122	3.60576e-05
590	0.891107	0.891122	3.59964e-05
591	0.890635	0.891121	3.5945e-05
592	0.890271	0.89112	3.59129e-05
593	0.891086	0.89112	3.58524e-05
594	0.889343	0.891117	3.59166e-05
595	0.892428	0.891119	3.59237e-05
596	0.889578	0.891116	3.59564e-05
597	0.890277	0.891115	3.59236e-05
598	0.890424	0.891114	3.58821e-05
599	0.893378	0.891118	3.60208e-05
600	0.892514	0.89112	3.60358e-05
601	0.891801	0.891121	3.59936e-05
602	0.889699	0.891119	3.60113e-05
603	0.891007	0.891119	3.59521e-05
604	0.891931	0.89112	3.59177e-05
605	0.891561	0.891121	3.58658e-05
606	0.891623	0.891121	3.58161e-05
607	0.890474	0.89112	3.5773e-05
608	0.890531	0.891119	3.57273e-05
609	0.891649	0.89112	3.56792e-05
610	0.890346	0.891119	3.56433e-05
611	0.890838	0.891119	3.55879e-05
612	0.891654	0.891119	3.55405e-05
613	0.891796	0.891121	3.54997e-05
614	0.891714	0.891121	3.5455e-05
615	0.891647	0.891122	3.54077e-05
616	0.891738	0.891123	3.53643e-05
617	0.89251	0.891126	3.53783e-05
618	0.89145	0.891126	3.5325e-05
619	0.890103	0.891124	3.53066e-05
620	0.892385	0.891126	3.53081e-05
621	0.891826	0.891128	3.52693e-05
622	0.891713	0.891129	3.52251e-05
623	0.890781	0.891128	3.5173e-05
624	0.88908	0.891125	3.52695e-05
625	0.892827	0.891127	3.53181e-05
626	0.892368	0.891129	3.53172e-05
627	0.892006	0.891131	3.52885e-05
628	0.891032	0.891131	3.52327e-05
629	0.891438	0.891131	3.518e-05
630	0.890047	0.891129	3.51663e-05
631	0.891302	0.89113	3.51116e-05
632	0.890832	0.891129	3.50592e-05
633	0.892851	0.891132	3.51091e-05
634	0.890971	0.891132	3.50547e-05
635	0.891492	0.891132	3.50041e-05
636	0.890358	0.891131	3.49702e-05
637	0.890669	0.89113	3.49228e-05
638	0.891646	0.891131	3.48774e-05
639	0.890072	0.891129	3.48622e-05
640	0.890907	0.891129	3.48095e-05
641	0.891538	0.89113	3.4761e-05
642	0.891177	0.89113	3.47069e-05
643	0.892038	0.891131	3.46817e-05
644	0.890935	0.891131	3.46292e-05
645	0.890681	0.89113	3.45825e-05
646	0.891785	0.891131	3.45438e-05
647	0.890585	0.89113	3.45008e-05
648	0.890649	0.89113	3.44555e-05
649	0.891185	0.89113	3.44025e-05
650	0.891876	0.891131	3.43687e-05
651	0.891208	0.891131	3.43161e-05
652	0.892041	0.891132	3.42919e-05
653	0.892025	0.891134	3.42666e-05
654	0.890986	0.891134	3.4215e-05
655	0.893249	0.891137	3.43148e-05
656	0.890906	0.891136	3.42643e-05
657	0.889358	0.891134	3.4319e-05
658	0.889998	0.891132	3.43103e-05
659	0.89105	0.891132	3.42584e-05
660	0.892012	0.891133	3.42325e-05
661	0.891838	0.891134	3.41973e-05
662	0.891546	0.891135	3.41513e-05
663	0.891419	0.891135	3.41025e-05
664	0.89105	0.891135	3.40514e-05
665	0.891614	0.891136	3.40078e-05
666	0.891801	0.891137	3.39714e-05
667	0.891142	0.891137	3.39204e-05
668	0.890424	0.891136	3.38864e-05
669	0.890894	0.891135	3.38377e-05
670	0.892271	0.891137	3.38296e-05
671	0.892411	0.891139	3.38325e-05
672	0.891304	0.891139	3.3783e-05
673	0.891166	0.891139	3.37328e-05
674	0.890891	0.891139	3.36848e-05
675	0.888955	0.891136	3.37899e-05
676	0.891311	0.891136	3.37409e-05
677	0.8927	0.891138	3.377e-05
678	0.891137	0.891138	3.37202e-05
679	0.891892	0.891139	3.36888e-05
680	0.890524	0.891139	3.36514e-05
681	0.891608	0.891139	3.36091e-05
682	0.891607	0.89114	3.35668e-05
683	0.891915	0.891141	3.35368e-05
684	0.891358	0.891141	3.34893e-05
685	0.891967	0.891143	3.34621e-05
686	0.892045	0.891144	3.34391e-05
687	0.891639	0.891145	3.33982e-05
688	0.891297	0.891145	3.33504e-05
689	0.891733	0.891146	3.33129e-05
690	0.891449	0.891146	3.32675e-05
691	0.892791	0.891148	3.33045e-05
692	0.891371	0.891149	3.32579e-05
693	0.891715	0.89115	3.32199e-05
694	0.891153	0.89115	3.31721e-05
695	0.891564	0.89115	3.31297e-05
696	0.891325	0.89115	3.30831e-05
697	0.891024	0.89115	3.30361e-05
698	0.890488	0.891149	3.30024e-05
699	0.890398	0.891148	3.29727e-05
700	0.890993	0.891148	3.29263e-05
701	0.890949	0.891148	3.28806e-05
702	0.889341	0.891145	3.29344e-05
703	0.892109	0.891147	3.2916e-05
704	0.892126	0.891148	3.28987e-05
705	0.89065	0.891147	3.28596e-05
706	0.889949	0.891146	3.28569e-05
707	0.891307	0.891146	3.28112e-05
708	0.891292	0.891146	3.27655e-05
709	0.890872	0.891146	3.27216e-05
710	0.892026	0.891147	3.2699e-05
711	0.891522	0.891147	3.26572e-05
712	0.89055	0.891147	3.26221e-05
713	0.89025	0.891145	3.26006e-05
714	0.891539	0.891146	3.25596e-05
715	0.891868	0.891147	3.25297e-05
716	0.891438	0.891147	3.24868e-05
717	0.891429	0.891148	3.24439e-05
718	0.890547	0.891147	3.24095e-05
719	0.891949	0.891148	3.23836e-05
720	0.891949	0.891149	3.23577e-05
721	0.891767	0.89115	3.23242e-05
722	0.89169	0.891151	3.22881e-05
723	0.889782	0.891149	3.22989e-05
724	0.890826	0.891148	3.22574e-05
725	0.891249	0.891148	3.22132e-05
726	0.891536	0.891149	3.21732e-05
727	0.891022	0.891149	3.21295e-05
728	0.89097	0.891149	3.20863e-05
729	0.891394	0.891149	3.2044e-05
730	0.891365	0.891149	3.20015e-05
731	0.891197	0.891149	3.19578e-05
732	0.892676	0.891151	3.19821e-05
733	0.891362	0.891152	3.19398e-05
734	0.891036	0.891151	3.18966e-05
735	0.890508	0.891151	3.18652e-05
736	0.892131	0.891152	3.18498e-05
737	0.890161	0.891151	3.18349e-05
738	0.892109	0.891152	3.18182e-05
739	0.890371	0.891151	3.17927e-05
740	0.891772	0.891152	3.17608e-05
741	0.891647	0.891152	3.1725e-05
742	0.891488	0.891153	3.16855e-05
743	0.889468	0.891151	3.17238e-05
744	0.890726	0.89115	3.16863e-05
745	0.891241	0.89115	3.1644e-05
746	0.890155	0.891149	3.16297e-05
747	0.89223	0.89115	3.16204e-05
748	0.890849	0.89115	3.15807e-05
749	0.891159	0.89115	3.15386e-05
750	0.891664	0.89115	3.1504e-05
751	0.891242	0.891151	3.14623e-05
752	0.891776	0.891151	3.14314e-05
753	0.890707	0.891151	3.13952e-05
754	0.89027	0.89115	3.13753e-05
755	0.890517	0.891149	3.1345e-05
756	0.891614	0.891149	3.13096e-05
757	0.891288	0.89115	3.12687e-05
758	0.891968	0.891151	3.12461e-05
759	0.892764	0.891153	3.12771e-05
760	0.892861	0.891155	3.13166e-05
761	0.892019	0.891156	3.1296e-05
762	0.890274	0.891155	3.12764e-05
763	0.892231	0.891156	3.12672e-05
764	0.892238	0.891158	3.12583e-05
765	0.890686	0.891157	3.12235e-05
766	0.891272	0.891157	3.11831e-05
767	0.890509	0.891157	3.11539e-05
768	0.891913	0.891158	3.11289e-05
769	0.891526	0.891158	3.10921e-05
770	0.891485	0.891158	3.10547e-05
771	0.892141	0.89116	3.10405e-05
772	0.891153	0.89116	3.10003e-05
773	0.891489	0.89116	3.09631e-05
774	0.890155	0.891159	3.09504e-05
775	0.891131	0.891159	3.09104e-05
776	0.892058	0.89116	3.08923e-05
777	0.891556	0.89116	3.08568e-05
778	0.890127	0.891159	3.08456e-05
779	0.890402	0.891158	3.08214e-05
780	0.890865	0.891158	3.07842e-05
781	0.890075	0.891156	3.07759e-05
782	0.89213	0.891158	3.07618e-05
783	0.890266	0.891157	3.07435e-05
784	0.890516	0.891156	3.07152e-05
785	0.890869	0.891155	3.06782e-05
786	0.891052	0.891155	3.06395e-05
787	0.890222	0.891154	3.06235e-05
788	0.891211	0.891154	3.05847e-05
789	0.891644	0.891155	3.05522e-05
790	0.88996	0.891153	3.05509e-05
791	0.890254	0.891152	3.05335e-05
792	0.89028	0.891151	3.05148e-05
793	0.890953	0.891151	3.04773e-05
794	0.89057	0.89115	3.04477e-05
795	0.891579	0.891151	3.04142e-05
796	0.892287	0.891152	3.04095e-05
797	0.89004	0.891151	3.04033e-05
798	0.892142	0.891152	3.03906e-05
799	0.890757	0.891151	3.03566e-05
800	0.891037	0.891151	3.0319e-05
801	0.889563	0.891149	3.03459e-05
802	0.891692	0.89115	3.03156e-05
803	0.891299	0.89115	3.02784e-05
804	0.890319	0.891149	3.02584e-05
805	0.892006	0.89115	3.02395e-05
806	0.892285	0.891151	3.02348e-05
807	0.890754	0.891151	3.02013e-05
808	0.892155	0.891152	3.01895e-05
809	0.891242	0.891152	3.01524e-05
810	0.892117	0.891154	3.01386e-05
811	0.891278	0.891154	3.01019e-05
812	0.891255	0.891154	3.00651e-05
813	0.890553	0.891153	3.00372e-05
814	0.891695	0.891154	3.00077e-05
815	0.889321	0.891151	3.0055e-05
816	0.889728	0.89115	3.00687e-05
817	0.891071	0.89115	3.00321e-05
818	0.891262	0.89115	2.99957e-05
819	0.891004	0.89115	2.99596e-05
820	0.890839	0.891149	2.99254e-05
821	0.890657	0.891149	2.9895e-05
822	0.891692	0.891149	2.98659e-05
823	0.89128	0.891149	2.98301e-05
824	0.891813	0.89115	2.98047e-05
825	0.891889	0.891151	2.97821e-05
826	0.891781	0.891152	2.97558e-05
827	0.891258	0.891152	2.97201e-05
828	0.891652	0.891153	2.96903e-05
829	0.889316	0.89115	2.9737e-05
830	0.892551	0.891152	2.9749e-05
831	0.891184	0.891152	2.97132e-05
832	0.890719	0.891152	2.96821e-05
833	0.891917	0.891153	2.96607e-05
834	0.891881	0.891153	2.9638e-05
835	0.889443	0.891151	2.96732e-05
836	0.890337	0.89115	2.96537e-05
837	0.891041	0.89115	2.96185e-05
838	0.889897	0.891149	2.96209e-05
839	0.889711	0.891147	2.96352e-05
840	0.890483	0.891146	2.96105e-05
841	0.892779	0.891148	2.96389e-05
842	0.890288	0.891147	2.96213e-05
843	0.890123	0.891146	2.9611e-05
844	0.891092	0.891146	2.9576e-05
845	0.890236	0.891145	2.95606e-05
846	0.891115	0.891145	2.95257e-05
847	0.890649	0.891144	2.94966e-05
848	0.891045	0.891144	2.94621e-05
849	0.890957	0.891144	2.94282e-05
850	0.891428	0.891144	2.93955e-05
851	0.890479	0.891143	2.93713e-05
852	0.890719	0.891143	2.93411e-05
853	0.889872	0.891141	2.93445e-05
854	0.889868	0.89114	2.9348e-05
855	0.891251	0.89114	2.9314e-05
856	0.890443	0.891139	2.9291e-05
857	0.891267	0.891139	2.92572e-05
858	0.891517	0.89114	2.92264e-05
859	0.891589	0.89114	2.91971e-05
860	0.889693	0.891139	2.92116e-05
861	0.892152	0.89114	2.92013e-05
862	0.891667	0.89114	2.91739e-05
863	0.890565	0.89114	2.91477e-05
864	0.890299	0.891139	2.91302e-05
865	0.891076	0.891139	2.90966e-05
866	0.892345	0.89114	2.90964e-05
867	0.892363	0.891142	2.90969e-05
868	0.891413	0.891142	2.90651e-05
869	0.890402	0.891141	2.90441e-05
870	0.889393	0.891139	2.90802e-05
871	0.890689	0.891139	2.90514e-05
872	0.893182	0.891141	2.91124e-05
873	0.892307	0.891142	2.91097e-05
874	0.892002	0.891143	2.9093e-05
875	0.889897	0.891142	2.90946e-05
876	0.889758	0.89114	2.91042e-05
877	0.890276	0.891139	2.90877e-05
878	0.891478	0.89114	2.90572e-05
879	0.88957	0.891138	2.90789e-05
880	0.890377	0.891137	2.90587e-05
881	0.891667	0.891138	2.9032e-05
882	0.890687	0.891137	2.90035e-05
883	0.891247	0.891137	2.8971e-05
884	0.89144	0.891137	2.89402e-05
885	0.891439	0.891138	2.89095e-05
886	0.890844	0.891137	2.88788e-05
887	0.889194	0.891135	2.89293e-05
888	0.891372	0.891136	2.88979e-05
889	0.892017	0.891137	2.88824e-05
890	0.891593	0.891137	2.88545e-05
891	0.890613	0.891136	2.88281e-05
892	0.891789	0.891137	2.88051e-05
893	0.890484	0.891136	2.87821e-05
894	0.89159	0.891137	2.87544e-05
895	0.890056	0.891136	2.87476e-05
896	0.891623	0.891136	2.87206e-05
897	0.890899	0.891136	2.86898e-05
898	0.891108	0.891136	2.86579e-05
899	0.89193	0.891137	2.86396e-05
900	0.890273	0.891136	2.86239e-05
901	0.890378	0.891135	2.86044e-05
902	0.890863	0.891135	2.85743e-05
903	0.890383	0.891134	2.85548e-05
904	0.890949	0.891134	2.8524e-05
905	0.892353	0.891135	2.85242e-05
906	0.891087	0.891135	2.84928e-05
907	0.890949	0.891135	2.84621e-05
908	0.891908	0.891136	2.84435e-05
909	0.890934	0.891135	2.84131e-05
910	0.89086	0.891135	2.83835e-05
911	0.890994	0.891135	2.83527e-05
912	0.889373	0.891133	2.83874e-05
913	0.892003	0.891134	2.83723e-05
914	0.89181	0.891135	2.83509e-05
915	0.891868	0.891136	2.83312e-05
916	0.89126	0.891136	2.83006e-05
917	0.893481	0.891138	2.83851e-05
918	0.88923	0.891136	2.84302e-05
919	0.892638	0.891138	2.84462e-05
920	0.891647	0.891138	2.84207e-05
921	0.891702	0.891139	2.83964e-05
922	0.891748	0.89114	2.83733e-05
923	0.891177	0.89114	2.83426e-05
924	0.891996	0.891141	2.8327e-05
925	0.890316	0.89114	2.83104e-05
926	0.890274	0.891139	2.82953e-05
927	0.893008	0.891141	2.83366e-05
928	0.890534	0.89114	2.83136e-05
929	0.891814	0.891141	2.82924e-05
930	0.891422	0.891141	2.82636e-05
931	0.890696	0.891141	2.82373e-05
932	0.890582	0.89114	2.82133e-05
933	0.890475	0.891139	2.81921e-05
934	0.891749	0.89114	2.81695e-05
935	0.89148	0.89114	2.81417e-05
936	0.889446	0.891139	2.81698e-05
937	0.891722	0.891139	2.81466e-05
938	0.890298	0.891138	2.81309e-05
939	0.892028	0.891139	2.81169e-05
940	0.88942	0.891137	2.81464e-05
941	0.891797	0.891138	2.81252e-05
942	0.889747	0.891137	2.81341e-05
943	0.890275	0.891136	2.81191e-05
944	0.889672	0.891134	2.81321e-05
945	0.889869	0.891133	2.81341e-05
946	0.890449	0.891132	2.81137e-05
947	0.891833	0.891133	2.80937e-05
948	0.890236	0.891132	2.808e-05
949	0.8914	0.891132	2.80518e-05
950	0.891214	0.891132	2.80225e-05
951	0.891242	0.891132	2.79932e-05
952	0.891176	0.891132	2.79639e-05
953	0.892049	0.891133	2.7951e-05
954	0.891687	0.891134	2.79278e-05
955	0.892023	0.891135	2.7914e-05
956	0.891878	0.891136	2.78957e-05
957	0.890538	0.891135	2.78735e-05
958	0.891602	0.891136	2.78487e-05
959	0.892098	0.891137	2.78377e-05
960	0.89191	0.891137	2.78204e-05
961	0.89176	0.891138	2.7799e-05
962	0.892505	0.891139	2.78064e-05
963	0.890092	0.891138	2.77988e-05
964	0.891527	0.891139	2.77729e-05
965	0.891119	0.891139	2.77441e-05
966	0.890869	0.891138	2.77168e-05
967	0.889879	0.891137	2.77187e-05
968	0.889956	0.891136	2.77169e-05
969	0.889788	0.891135	2.77232e-05
970	0.893011	0.891137	2.7762e-05
971	0.891092	0.891136	2.77334e-05
972	0.892601	0.891138	2.77458e-05
973	0.891969	0.891139	2.77304e-05
974	0.890101	0.891138	2.77224e-05
975	0.891525	0.891138	2.76968e-05
976	0.89083	0.891138	2.76702e-05
977	0.890766	0.891137	2.76445e-05
978	0.891112	0.891137	2.76163e-05
979	0.891023	0.891137	2.75883e-05
980	0.890402	0.891137	2.75704e-05
981	0.89081	0.891136	2.75443e-05
982	0.89086	0.891136	2.75177e-05
983	0.890139	0.891135	2.75083e-05
984	0.890786	0.891135	2.74827e-05
985	0.890566	0.891134	2.74608e-05
986	0.890694	0.891134	2.74366e-05
987	0.892841	0.891135	2.74633e-05
988	0.891162	0.891135	2.74355e-05
989	0.890094	0.891134	2.7428e-05
990	0.88981	0.891133	2.74328e-05
991	0.89115	0.891133	2.74052e-05
992	0.890807	0.891133	2.73795e-05
993	0.891746	0.891133	2.73589e-05
994	0.890166	0.891132	2.73487e-05
995	0.890741	0.891132	2.7324e-05
996	0.891546	0.891132	2.72998e-05
997	0.890928	0.891132	2.72731e-05
998	0.889678	0.891131	2.72847e-05
999	0.889061	0.891129	2.73359e-05
1000	0.892221	0.89113	2.73304e-05
