BLOCK:	ACTUAL_TE:	TE_AVE:	ERROR:
1	-3.82987	-3.82987	0
2	-3.82932	-3.82959	0.00019584
3	-3.78332	-3.81417	0.0125956
4	-3.84108	-3.8209	0.0110993
5	-3.79848	-3.81641	0.00974283
6	-3.81421	-3.81605	0.00812592
7	-3.80405	-3.81433	0.00714366
8	-3.8144	-3.81434	0.00625071
9	-3.82267	-3.81527	0.00562425
10	-3.81138	-3.81488	0.00507521
11	-3.8	-3.81353	0.00479061
12	-3.80719	-3.813	0.00442041
13	-3.82033	-3.81356	0.00411619
14	-3.83467	-3.81507	0.00408911
15	-3.85465	-3.81771	0.00458971
16	-3.81596	-3.8176	0.00430414
17	-3.81103	-3.81721	0.00406829
18	-3.81582	-3.81714	0.00384301
19	-3.796	-3.81602	0.00379836
20	-3.80262	-3.81535	0.00366711
21	-3.80886	-3.81504	0.00350551
22	-3.81105	-3.81486	0.00335087
23	-3.84024	-3.81597	0.00338203
24	-3.82648	-3.8164	0.00326935
25	-3.83056	-3.81697	0.00318723
26	-3.79828	-3.81625	0.00314462
27	-3.80858	-3.81597	0.00304094
28	-3.79588	-3.81525	0.00301577
29	-3.82405	-3.81555	0.00292702
30	-3.79842	-3.81498	0.00288461
31	-3.82977	-3.81546	0.00283075
32	-3.80374	-3.81509	0.00276588
33	-3.82722	-3.81546	0.00270637
34	-3.80818	-3.81525	0.00263524
35	-3.82596	-3.81555	0.00257766
36	-3.79747	-3.81505	0.00255451
37	-3.84301	-3.81581	0.00259482
38	-3.8096	-3.81564	0.00253167
39	-3.82839	-3.81597	0.00248777
40	-3.83322	-3.8164	0.00246267
41	-3.8147	-3.81636	0.00240296
42	-3.81669	-3.81637	0.00234576
43	-3.85194	-3.81719	0.00243273
44	-3.83049	-3.8175	0.00239613
45	-3.81319	-3.8174	0.00234479
46	-3.85448	-3.81821	0.00242844
47	-3.81688	-3.81818	0.00237693
48	-3.84269	-3.81869	0.00238165
49	-3.80767	-3.81846	0.00234364
50	-3.77734	-3.81764	0.00243683
51	-3.8168	-3.81763	0.0023891
52	-3.80977	-3.81747	0.00234793
53	-3.82036	-3.81753	0.00230426
54	-3.83167	-3.81779	0.00227643
55	-3.84005	-3.8182	0.00227074
56	-3.81323	-3.81811	0.00223193
57	-3.79245	-3.81766	0.0022377
58	-3.8075	-3.81748	0.00220597
59	-3.84498	-3.81795	0.00221726
60	-3.81273	-3.81786	0.00218202
61	-3.80158	-3.81759	0.00216251
62	-3.81528	-3.81756	0.00212795
63	-3.81439	-3.81751	0.00209477
64	-3.82269	-3.81759	0.0020636
65	-3.82162	-3.81765	0.00203279
66	-3.81459	-3.8176	0.00200252
67	-3.79118	-3.81721	0.00201107
68	-3.80572	-3.81704	0.00198858
69	-3.84057	-3.81738	0.00198878
70	-3.76556	-3.81664	0.00209362
71	-3.83384	-3.81688	0.00207811
72	-3.78403	-3.81643	0.00209875
73	-3.77958	-3.81592	0.00212983
74	-3.83861	-3.81623	0.002123
75	-3.78248	-3.81578	0.00214185
76	-3.81454	-3.81576	0.00211373
77	-3.81622	-3.81577	0.00208629
78	-3.80545	-3.81564	0.00206373
79	-3.83591	-3.81589	0.0020535
80	-3.80309	-3.81573	0.00203406
81	-3.77267	-3.8152	0.00207726
82	-3.80514	-3.81508	0.00205554
83	-3.79981	-3.81489	0.002039
84	-3.78529	-3.81454	0.00204495
85	-3.83503	-3.81478	0.00203505
86	-3.812	-3.81475	0.00201164
87	-3.82636	-3.81488	0.00199294
88	-3.81379	-3.81487	0.00197033
89	-3.84699	-3.81523	0.00198096
90	-3.80968	-3.81517	0.00195991
91	-3.83263	-3.81536	0.00194775
92	-3.81297	-3.81534	0.00192675
93	-3.83589	-3.81556	0.00191866
94	-3.81806	-3.81558	0.00189843
95	-3.78656	-3.81528	0.00190288
96	-3.81825	-3.81531	0.00188331
97	-3.81048	-3.81526	0.00186455
98	-3.81048	-3.81521	0.00184617
99	-3.83521	-3.81541	0.00183854
100	-3.78796	-3.81514	0.00184053
101	-3.81311	-3.81512	0.00182242
102	-3.81911	-3.81516	0.00180497
103	-3.80537	-3.81506	0.00178994
104	-3.78212	-3.81475	0.00180055
105	-3.77496	-3.81437	0.00182284
106	-3.7969	-3.8142	0.00181308
107	-3.83282	-3.81438	0.00180446
108	-3.83166	-3.81454	0.00179484
109	-3.80498	-3.81445	0.00178051
110	-3.81184	-3.81442	0.00176448
111	-3.81693	-3.81445	0.00174873
112	-3.79732	-3.81429	0.00173979
113	-3.79237	-3.8141	0.00173517
114	-3.79674	-3.81395	0.00172662
115	-3.82317	-3.81403	0.00171347
116	-3.81708	-3.81405	0.0016989
117	-3.8204	-3.81411	0.00168524
118	-3.82312	-3.81418	0.00167269
119	-3.8297	-3.81432	0.00166371
120	-3.81536	-3.81432	0.00164987
121	-3.80512	-3.81425	0.00163799
122	-3.80024	-3.81413	0.00162858
123	-3.79654	-3.81399	0.00162161
124	-3.7906	-3.8138	0.00161946
125	-3.83184	-3.81395	0.00161292
126	-3.79154	-3.81377	0.00160989
127	-3.81441	-3.81377	0.00159722
128	-3.79527	-3.81363	0.00159127
129	-3.78027	-3.81337	0.00159981
130	-3.80421	-3.8133	0.00158906
131	-3.82471	-3.81339	0.00157931
132	-3.81862	-3.81343	0.00156784
133	-3.81469	-3.81344	0.00155609
134	-3.78449	-3.81322	0.0015594
135	-3.81759	-3.81325	0.00154818
136	-3.80216	-3.81317	0.00153894
137	-3.82782	-3.81328	0.00153142
138	-3.83231	-3.81342	0.00152652
139	-3.80704	-3.81337	0.00151623
140	-3.82722	-3.81347	0.00150862
141	-3.81371	-3.81347	0.00149792
142	-3.8193	-3.81351	0.00148794
143	-3.82936	-3.81362	0.00148166
144	-3.84451	-3.81384	0.00148681
145	-3.81753	-3.81386	0.00147677
146	-3.83774	-3.81403	0.00147569
147	-3.79965	-3.81393	0.00146888
148	-3.80331	-3.81386	0.00146071
149	-3.83025	-3.81397	0.00145504
150	-3.82006	-3.81401	0.00144591
151	-3.85613	-3.81429	0.001463
152	-3.80637	-3.81423	0.0014543
153	-3.8051	-3.81417	0.00144602
154	-3.81009	-3.81415	0.00143687
155	-3.81744	-3.81417	0.00142776
156	-3.82269	-3.81422	0.00141965
157	-3.80247	-3.81415	0.00141258
158	-3.82206	-3.8142	0.00140453
159	-3.80126	-3.81412	0.00139805
160	-3.82418	-3.81418	0.00139073
161	-3.80228	-3.81411	0.00138405
162	-3.81467	-3.81411	0.00137551
163	-3.81194	-3.8141	0.00136714
164	-3.81693	-3.81411	0.00135891
165	-3.80249	-3.81404	0.0013525
166	-3.81479	-3.81405	0.00134436
167	-3.82081	-3.81409	0.00133692
168	-3.80872	-3.81406	0.00132934
169	-3.81484	-3.81406	0.00132149
170	-3.82147	-3.8141	0.00131443
171	-3.8065	-3.81406	0.0013075
172	-3.81733	-3.81408	0.00130003
173	-3.79996	-3.814	0.00129508
174	-3.81071	-3.81398	0.00128777
175	-3.8337	-3.81409	0.00128533
176	-3.84244	-3.81425	0.00128808
177	-3.78297	-3.81408	0.00129287
178	-3.80235	-3.81401	0.00128729
179	-3.80019	-3.81393	0.00128241
180	-3.81916	-3.81396	0.00127561
181	-3.84629	-3.81414	0.00128101
182	-3.82427	-3.8142	0.00127518
183	-3.84502	-3.81436	0.00127929
184	-3.84061	-3.81451	0.00128027
185	-3.83122	-3.8146	0.00127653
186	-3.81869	-3.81462	0.00126986
187	-3.81716	-3.81463	0.00126314
188	-3.77189	-3.81441	0.00127672
189	-3.80642	-3.81436	0.00127066
190	-3.81632	-3.81437	0.00126401
191	-3.83937	-3.8145	0.00126415
192	-3.81783	-3.81452	0.00125769
193	-3.78641	-3.81438	0.00125958
194	-3.8424	-3.81452	0.00126134
195	-3.82647	-3.81458	0.00125636
196	-3.81559	-3.81459	0.00124996
197	-3.80704	-3.81455	0.0012442
198	-3.81144	-3.81453	0.00123802
199	-3.80339	-3.81448	0.00123306
200	-3.81573	-3.81448	0.00122691
201	-3.79685	-3.8144	0.00122394
202	-3.81634	-3.8144	0.00121792
203	-3.78754	-3.81427	0.00121909
204	-3.81002	-3.81425	0.00121329
205	-3.81463	-3.81425	0.00120737
206	-3.79996	-3.81418	0.0012035
207	-3.84337	-3.81433	0.00120592
208	-3.80779	-3.81429	0.00120053
209	-3.78897	-3.81417	0.00120089
210	-3.78347	-3.81403	0.00120404
211	-3.79818	-3.81395	0.00120067
212	-3.79967	-3.81388	0.0011969
213	-3.78529	-3.81375	0.00119878
214	-3.81117	-3.81374	0.00119324
215	-3.79053	-3.81363	0.00119257
216	-3.80168	-3.81357	0.00118833
217	-3.81454	-3.81358	0.00118286
218	-3.81445	-3.81358	0.00117744
219	-3.81519	-3.81359	0.00117209
220	-3.83011	-3.81367	0.00116916
221	-3.85259	-3.81384	0.00117706
222	-3.82529	-3.81389	0.00117289
223	-3.86282	-3.81411	0.00118797
224	-3.82249	-3.81415	0.00118326
225	-3.83495	-3.81424	0.00118161
226	-3.8052	-3.8142	0.00117705
227	-3.81745	-3.81422	0.00117196
228	-3.79961	-3.81415	0.00116857
229	-3.82316	-3.81419	0.00116412
230	-3.80439	-3.81415	0.00115984
231	-3.83461	-3.81424	0.0011582
232	-3.80512	-3.8142	0.00115387
233	-3.79755	-3.81413	0.00115113
234	-3.79069	-3.81403	0.00115056
235	-3.81913	-3.81405	0.00114587
236	-3.84279	-3.81417	0.00114747
237	-3.78254	-3.81404	0.00115036
238	-3.82374	-3.81408	0.00114625
239	-3.81229	-3.81407	0.00114148
240	-3.80554	-3.81403	0.00113727
241	-3.84014	-3.81414	0.0011377
242	-3.83752	-3.81424	0.00113709
243	-3.81373	-3.81424	0.00113241
244	-3.83701	-3.81433	0.00113161
245	-3.79746	-3.81426	0.00112909
246	-3.79352	-3.81418	0.00112764
247	-3.83033	-3.81424	0.00112497
248	-3.81897	-3.81426	0.00112059
249	-3.80788	-3.81424	0.00111639
250	-3.81413	-3.81424	0.00111192
251	-3.82234	-3.81427	0.00110796
252	-3.80436	-3.81423	0.00110426
253	-3.83444	-3.81431	0.00110278
254	-3.81598	-3.81432	0.00109846
255	-3.80623	-3.81428	0.00109461
256	-3.82575	-3.81433	0.00109125
257	-3.80852	-3.81431	0.00108724
258	-3.83498	-3.81439	0.00108597
259	-3.80426	-3.81435	0.00108248
260	-3.82476	-3.81439	0.00107906
261	-3.77993	-3.81425	0.00108297
262	-3.84024	-3.81435	0.00108337
263	-3.84225	-3.81446	0.00108443
264	-3.7859	-3.81435	0.0010857
265	-3.82494	-3.81439	0.00108234
266	-3.81944	-3.81441	0.00107844
267	-3.82626	-3.81446	0.00107531
268	-3.83976	-3.81455	0.00107544
269	-3.81015	-3.81453	0.00107156
270	-3.81386	-3.81453	0.0010676
271	-3.81143	-3.81452	0.00106372
272	-3.82638	-3.81456	0.0010607
273	-3.82903	-3.81462	0.00105814
274	-3.82506	-3.81465	0.00105496
275	-3.83115	-3.81471	0.00105283
276	-3.81647	-3.81472	0.00104904
277	-3.81744	-3.81473	0.0010453
278	-3.79737	-3.81467	0.0010434
279	-3.81139	-3.81466	0.00103973
280	-3.79625	-3.81459	0.00103809
281	-3.81486	-3.81459	0.00103439
282	-3.82962	-3.81464	0.0010321
283	-3.83878	-3.81473	0.00103197
284	-3.84969	-3.81485	0.00103565
285	-3.82716	-3.8149	0.00103292
286	-3.79118	-3.81481	0.00103263
287	-3.82364	-3.81484	0.00102949
288	-3.79559	-3.81478	0.00102808
289	-3.83021	-3.81483	0.00102591
290	-3.80365	-3.81479	0.0010231
291	-3.80246	-3.81475	0.00102046
292	-3.81021	-3.81473	0.00101708
293	-3.79997	-3.81468	0.00101486
294	-3.84721	-3.81479	0.00101742
295	-3.8225	-3.81482	0.0010143
296	-3.80145	-3.81478	0.00101188
297	-3.77443	-3.81464	0.00101755
298	-3.81547	-3.81464	0.00101414
299	-3.79079	-3.81456	0.00101388
300	-3.84101	-3.81465	0.00101433
301	-3.79793	-3.81459	0.00101248
302	-3.82505	-3.81463	0.00100972
303	-3.79414	-3.81456	0.00100865
304	-3.81039	-3.81455	0.00100542
305	-3.84996	-3.81466	0.00100881
306	-3.81387	-3.81466	0.00100551
307	-3.82381	-3.81469	0.00100268
308	-3.8292	-3.81474	0.00100053
309	-3.81745	-3.81475	0.000997332
310	-3.81079	-3.81473	0.000994197
311	-3.79253	-3.81466	0.000993561
312	-3.83811	-3.81474	0.000993214
313	-3.8146	-3.81474	0.00099004
314	-3.82698	-3.81478	0.000987654
315	-3.84015	-3.81486	0.000987798
316	-3.82519	-3.81489	0.000985214
317	-3.85291	-3.81501	0.000989378
318	-3.83758	-3.81508	0.000988809
319	-3.83264	-3.81514	0.00098724
320	-3.81817	-3.81515	0.0009842
321	-3.82569	-3.81518	0.000981682
322	-3.82051	-3.81519	0.000978772
323	-3.87624	-3.81538	0.000993819
324	-3.81134	-3.81537	0.00099083
325	-3.81055	-3.81536	0.000987893
326	-3.81707	-3.81536	0.000984876
327	-3.78637	-3.81527	0.000985847
328	-3.81564	-3.81527	0.000982842
329	-3.82502	-3.8153	0.000980301
330	-3.80441	-3.81527	0.000977886
331	-3.79045	-3.8152	0.000977803
332	-3.8117	-3.81519	0.000974914
333	-3.79843	-3.81514	0.000973284
334	-3.79627	-3.81508	0.000972007
335	-3.83783	-3.81515	0.000971476
336	-3.82935	-3.81519	0.000969504
337	-3.83132	-3.81524	0.000967807
338	-3.80486	-3.81521	0.00096543
339	-3.82632	-3.81524	0.000963139
340	-3.83252	-3.81529	0.000961646
341	-3.8186	-3.8153	0.000958875
342	-3.80329	-3.81526	0.000956714
343	-3.81012	-3.81525	0.000954042
344	-3.81548	-3.81525	0.000951269
345	-3.83636	-3.81531	0.000950478
346	-3.86486	-3.81545	0.000958457
347	-3.80046	-3.81541	0.000956669
348	-3.80361	-3.81538	0.000954521
349	-3.8111	-3.81536	0.000951865
350	-3.80611	-3.81534	0.000949512
351	-3.7979	-3.81529	0.000948105
352	-3.78695	-3.81521	0.000948824
353	-3.83555	-3.81527	0.000947884
354	-3.82435	-3.81529	0.000945554
355	-3.79672	-3.81524	0.000944337
356	-3.82552	-3.81527	0.000942126
357	-3.81828	-3.81528	0.000939525
358	-3.79877	-3.81523	0.000938031
359	-3.81898	-3.81524	0.000935477
360	-3.80934	-3.81522	0.000933021
361	-3.78909	-3.81515	0.000933241
362	-3.82573	-3.81518	0.00093112
363	-3.80815	-3.81516	0.000928756
364	-3.81638	-3.81517	0.00092621
365	-3.81277	-3.81516	0.000923696
366	-3.82893	-3.8152	0.000921938
367	-3.82123	-3.81521	0.000919573
368	-3.81486	-3.81521	0.000917075
369	-3.83191	-3.81526	0.000915706
370	-3.82063	-3.81527	0.000913346
371	-3.85373	-3.81538	0.000916749
372	-3.81905	-3.81539	0.000914338
373	-3.83087	-3.81543	0.000912828
374	-3.83556	-3.81548	0.000911974
375	-3.78475	-3.8154	0.000913216
376	-3.7715	-3.81528	0.000918218
377	-3.83068	-3.81532	0.000916691
378	-3.81699	-3.81533	0.000914276
379	-3.79285	-3.81527	0.000913786
380	-3.79982	-3.81523	0.000912285
381	-3.84869	-3.81531	0.000914108
382	-3.79949	-3.81527	0.000912652
383	-3.80084	-3.81524	0.000911047
384	-3.82486	-3.81526	0.000909019
385	-3.81845	-3.81527	0.000906696
386	-3.8071	-3.81525	0.000904594
387	-3.79321	-3.81519	0.000904046
388	-3.83024	-3.81523	0.000902548
389	-3.82064	-3.81524	0.000900335
390	-3.83437	-3.81529	0.000899361
391	-3.78139	-3.81521	0.00090123
392	-3.80224	-3.81517	0.000899537
393	-3.81257	-3.81517	0.000897273
394	-3.82108	-3.81518	0.000895121
395	-3.8001	-3.81514	0.000893669
396	-3.83743	-3.8152	0.000893182
397	-3.79017	-3.81514	0.000893154
398	-3.80437	-3.81511	0.000891319
399	-3.81757	-3.81512	0.000889107
400	-3.79243	-3.81506	0.000888691
401	-3.80916	-3.81504	0.000886596
402	-3.79664	-3.815	0.000885571
403	-3.79315	-3.81494	0.000885033
404	-3.80968	-3.81493	0.000882938
405	-3.81469	-3.81493	0.000880758
406	-3.80992	-3.81492	0.000878675
407	-3.79776	-3.81488	0.000877527
408	-3.82078	-3.81489	0.000875496
409	-3.78499	-3.81482	0.000876401
410	-3.81158	-3.81481	0.000874299
411	-3.79652	-3.81476	0.000873303
412	-3.8004	-3.81473	0.00087188
413	-3.83888	-3.81479	0.000871727
414	-3.80983	-3.81478	0.000869703
415	-3.81263	-3.81477	0.000867623
416	-3.80631	-3.81475	0.000865776
417	-3.78674	-3.81468	0.000866301
418	-3.83179	-3.81472	0.000865194
419	-3.83069	-3.81476	0.000863969
420	-3.81245	-3.81476	0.000861929
421	-3.83555	-3.81481	0.000861296
422	-3.8066	-3.81479	0.000859475
423	-3.80498	-3.81476	0.000857756
424	-3.82099	-3.81478	0.000855858
425	-3.82136	-3.81479	0.000853985
426	-3.77314	-3.8147	0.000857559
427	-3.82967	-3.81473	0.000856268
428	-3.82114	-3.81475	0.000854398
429	-3.85748	-3.81485	0.000858192
430	-3.83465	-3.81489	0.000857431
431	-3.80125	-3.81486	0.000856026
432	-3.81194	-3.81485	0.000854071
433	-3.83854	-3.81491	0.000853849
434	-3.8085	-3.81489	0.000852009
435	-3.75363	-3.81475	0.00086161
436	-3.81841	-3.81476	0.000859675
437	-3.82172	-3.81478	0.000857855
438	-3.82076	-3.81479	0.000856005
439	-3.79842	-3.81475	0.000854867
440	-3.78949	-3.8147	0.000854851
441	-3.83985	-3.81475	0.000854813
442	-3.78182	-3.81468	0.000856119
443	-3.82079	-3.81469	0.000854298
444	-3.8204	-3.81471	0.000852471
445	-3.8167	-3.81471	0.000850567
446	-3.80659	-3.81469	0.000848854
447	-3.79638	-3.81465	0.000847943
448	-3.76172	-3.81453	0.000854242
449	-3.82198	-3.81455	0.0008525
450	-3.82534	-3.81457	0.000850943
451	-3.82916	-3.81461	0.00084967
452	-3.80412	-3.81458	0.000848107
453	-3.86798	-3.8147	0.000854387
454	-3.82051	-3.81471	0.000852601
455	-3.80672	-3.8147	0.000850908
456	-3.8373	-3.81474	0.000850485
457	-3.83988	-3.8148	0.0008504
458	-3.81002	-3.81479	0.000848607
459	-3.84976	-3.81487	0.000850171
460	-3.81753	-3.81487	0.000848342
461	-3.81263	-3.81487	0.000846516
462	-3.81058	-3.81486	0.000844735
463	-3.8208	-3.81487	0.000843008
464	-3.83133	-3.81491	0.000841937
465	-3.76645	-3.8148	0.000846552
466	-3.79343	-3.81476	0.000845976
467	-3.8255	-3.81478	0.000844478
468	-3.80685	-3.81476	0.000842843
469	-3.82606	-3.81479	0.00084139
470	-3.80229	-3.81476	0.00084002
471	-3.79827	-3.81472	0.000838966
472	-3.84418	-3.81479	0.000839506
473	-3.79662	-3.81475	0.000838609
474	-3.79922	-3.81472	0.000837479
475	-3.80488	-3.81469	0.000835972
476	-3.80685	-3.81468	0.000834378
477	-3.80256	-3.81465	0.000833015
478	-3.81186	-3.81465	0.000831293
479	-3.80949	-3.81464	0.000829627
480	-3.82042	-3.81465	0.000827986
481	-3.83122	-3.81468	0.000826982
482	-3.81048	-3.81467	0.000825312
483	-3.80795	-3.81466	0.00082372
484	-3.83073	-3.81469	0.000822688
485	-3.82144	-3.81471	0.000821109
486	-3.83811	-3.81476	0.00082083
487	-3.80472	-3.81473	0.000819404
488	-3.83026	-3.81477	0.000818342
489	-3.7908	-3.81472	0.000818134
490	-3.78138	-3.81465	0.000819289
491	-3.79746	-3.81461	0.000818368
492	-3.79124	-3.81457	0.000818082
493	-3.82936	-3.8146	0.000816973
494	-3.76377	-3.81449	0.000821773
495	-3.83116	-3.81453	0.000820802
496	-3.84296	-3.81459	0.000821147
497	-3.83187	-3.81462	0.000820231
498	-3.8373	-3.81467	0.000819847
499	-3.83045	-3.8147	0.000818813
500	-3.79167	-3.81465	0.00081847
501	-3.81113	-3.81464	0.000816866
502	-3.79673	-3.81461	0.000816019
503	-3.80087	-3.81458	0.000814853
504	-3.83131	-3.81461	0.000813913
505	-3.78506	-3.81456	0.000814402
506	-3.83383	-3.81459	0.000813683
507	-3.8244	-3.81461	0.000812308
508	-3.78582	-3.81456	0.000812683
509	-3.80292	-3.81453	0.000811408
510	-3.84307	-3.81459	0.000811744
511	-3.81179	-3.81458	0.000810174
512	-3.80198	-3.81456	0.000808966
513	-3.81741	-3.81456	0.000807408
514	-3.78553	-3.81451	0.000807811
515	-3.83272	-3.81454	0.000807016
516	-3.8159	-3.81455	0.000805456
517	-3.83112	-3.81458	0.000804536
518	-3.85041	-3.81465	0.000805951
519	-3.8102	-3.81464	0.000804444
520	-3.82598	-3.81466	0.000803192
521	-3.82069	-3.81467	0.000801734
522	-3.79337	-3.81463	0.000801236
523	-3.83755	-3.81468	0.000800901
524	-3.82463	-3.81469	0.000799597
525	-3.82711	-3.81472	0.000798424
526	-3.82186	-3.81473	0.000797021
527	-3.81879	-3.81474	0.000795546
528	-3.83164	-3.81477	0.000794683
529	-3.80438	-3.81475	0.000793423
530	-3.79483	-3.81471	0.000792816
531	-3.83351	-3.81475	0.000792112
532	-3.82075	-3.81476	0.000790704
533	-3.8033	-3.81474	0.000789512
534	-3.77086	-3.81466	0.000792298
535	-3.79503	-3.81462	0.000791667
536	-3.8304	-3.81465	0.000790737
537	-3.81784	-3.81466	0.000789287
538	-3.82454	-3.81467	0.000788033
539	-3.83748	-3.81472	0.000787707
540	-3.81725	-3.81472	0.000786262
541	-3.83922	-3.81477	0.000786111
542	-3.82057	-3.81478	0.000784734
543	-3.82521	-3.8148	0.000783524
544	-3.8064	-3.81478	0.000782236
545	-3.83565	-3.81482	0.000781737
546	-3.83416	-3.81485	0.000781107
547	-3.79429	-3.81482	0.000780584
548	-3.80716	-3.8148	0.000779284
549	-3.80439	-3.81478	0.000778096
550	-3.8152	-3.81478	0.000776681
551	-3.81602	-3.81479	0.000775275
552	-3.80171	-3.81476	0.000774232
553	-3.82124	-3.81478	0.000772921
554	-3.82649	-3.8148	0.000771815
555	-3.82797	-3.81482	0.000770789
556	-3.81242	-3.81482	0.000769415
557	-3.83472	-3.81485	0.000768863
558	-3.80204	-3.81483	0.000767828
559	-3.82085	-3.81484	0.00076653
560	-3.81654	-3.81484	0.000765167
561	-3.83581	-3.81488	0.000764716
562	-3.82026	-3.81489	0.000763415
563	-3.81766	-3.81489	0.000762075
564	-3.79342	-3.81486	0.000761674
565	-3.80917	-3.81485	0.000760392
566	-3.82653	-3.81487	0.000759329
567	-3.83242	-3.8149	0.000758621
568	-3.80636	-3.81488	0.000757434
569	-3.83334	-3.81492	0.000756797
570	-3.77893	-3.81485	0.000758097
571	-3.79403	-3.81482	0.000757646
572	-3.78868	-3.81477	0.000757698
573	-3.82198	-3.81478	0.00075648
574	-3.8203	-3.81479	0.000755223
575	-3.79712	-3.81476	0.000754535
576	-3.79189	-3.81472	0.000754269
577	-3.80729	-3.81471	0.000753072
578	-3.79807	-3.81468	0.000752319
579	-3.83664	-3.81472	0.000751976
580	-3.8133	-3.81472	0.000750683
581	-3.8	-3.81469	0.000749818
582	-3.84149	-3.81474	0.000749942
583	-3.795	-3.8147	0.00074942
584	-3.82033	-3.81471	0.000748198
585	-3.80799	-3.8147	0.000747008
586	-3.80519	-3.81468	0.000745909
587	-3.82034	-3.81469	0.0007447
588	-3.84079	-3.81474	0.000744755
589	-3.80693	-3.81472	0.000743609
590	-3.81491	-3.81473	0.000742348
591	-3.82611	-3.81474	0.000741342
592	-3.82918	-3.81477	0.000740491
593	-3.81149	-3.81476	0.000739263
594	-3.84545	-3.81482	0.000739821
595	-3.78677	-3.81477	0.000740078
596	-3.84598	-3.81482	0.000740687
597	-3.83101	-3.81485	0.000739942
598	-3.82566	-3.81487	0.000738926
599	-3.76477	-3.81478	0.000742411
600	-3.78961	-3.81474	0.000742357
601	-3.79899	-3.81471	0.000741585
602	-3.8401	-3.81476	0.00074155
603	-3.8249	-3.81477	0.000740511
604	-3.79261	-3.81474	0.000740194
605	-3.8044	-3.81472	0.000739167
606	-3.80528	-3.8147	0.000738112
607	-3.83539	-3.81474	0.000737682
608	-3.82099	-3.81475	0.00073654
609	-3.79798	-3.81472	0.000735845
610	-3.82248	-3.81473	0.000734749
611	-3.8228	-3.81475	0.000733665
612	-3.80482	-3.81473	0.000732645
613	-3.80016	-3.81471	0.000731835
614	-3.79617	-3.81468	0.000731266
615	-3.79876	-3.81465	0.000730535
616	-3.78924	-3.81461	0.000730512
617	-3.7825	-3.81456	0.00073118
618	-3.80562	-3.81454	0.00073014
619	-3.8416	-3.81459	0.000730268
620	-3.79457	-3.81455	0.000729803
621	-3.80633	-3.81454	0.000728748
622	-3.80951	-3.81453	0.000727621
623	-3.82009	-3.81454	0.000726508
624	-3.86224	-3.81462	0.000729354
625	-3.77049	-3.81455	0.000731597
626	-3.78789	-3.8145	0.000731667
627	-3.80195	-3.81448	0.000730774
628	-3.80862	-3.81448	0.00072967
629	-3.805	-3.81446	0.000728666
630	-3.8332	-3.81449	0.000728116
631	-3.80828	-3.81448	0.000727029
632	-3.81679	-3.81448	0.000725887
633	-3.77502	-3.81442	0.000727413
634	-3.82323	-3.81444	0.000726398
635	-3.80714	-3.81442	0.000725345
636	-3.82877	-3.81445	0.000724556
637	-3.82592	-3.81446	0.000723642
638	-3.80471	-3.81445	0.000722669
639	-3.83668	-3.81448	0.000722376
640	-3.81893	-3.81449	0.00072128
641	-3.80576	-3.81448	0.000720284
642	-3.81456	-3.81448	0.000719162
643	-3.79168	-3.81444	0.000718916
644	-3.81007	-3.81443	0.000717832
645	-3.81939	-3.81444	0.00071676
646	-3.80185	-3.81442	0.000715915
647	-3.82649	-3.81444	0.000715052
648	-3.83552	-3.81447	0.000714688
649	-3.82527	-3.81449	0.000713781
650	-3.79664	-3.81446	0.00071321
651	-3.80575	-3.81445	0.00071224
652	-3.7925	-3.81442	0.000711943
653	-3.79619	-3.81439	0.0007114
654	-3.81887	-3.8144	0.000710345
655	-3.7711	-3.81433	0.000712329
656	-3.82714	-3.81435	0.000711511
657	-3.84885	-3.8144	0.000712363
658	-3.83447	-3.81443	0.000711933
659	-3.81921	-3.81444	0.00071089
660	-3.79608	-3.81441	0.000710357
661	-3.79871	-3.81439	0.00070968
662	-3.8083	-3.81438	0.000708667
663	-3.80868	-3.81437	0.00070765
664	-3.81373	-3.81437	0.000706585
665	-3.80916	-3.81436	0.000705566
666	-3.79283	-3.81433	0.000705247
667	-3.81194	-3.81433	0.000704198
668	-3.83114	-3.81435	0.000703594
669	-3.81506	-3.81435	0.000702543
670	-3.78185	-3.8143	0.000703167
671	-3.77941	-3.81425	0.00070404
672	-3.81139	-3.81425	0.000703005
673	-3.81846	-3.81425	0.000701988
674	-3.81186	-3.81425	0.000700956
675	-3.85329	-3.81431	0.0007023
676	-3.81815	-3.81431	0.000701284
677	-3.78583	-3.81427	0.000701509
678	-3.81102	-3.81427	0.00070049
679	-3.80271	-3.81425	0.000699665
680	-3.82011	-3.81426	0.00069869
681	-3.80556	-3.81424	0.00069778
682	-3.80551	-3.81423	0.000696875
683	-3.80055	-3.81421	0.000696142
684	-3.81682	-3.81422	0.000695135
685	-3.79643	-3.81419	0.000694605
686	-3.80245	-3.81417	0.000693803
687	-3.80586	-3.81416	0.000692898
688	-3.81294	-3.81416	0.000691893
689	-3.80085	-3.81414	0.000691159
690	-3.80511	-3.81413	0.000690281
691	-3.78987	-3.81409	0.000690174
692	-3.80696	-3.81408	0.000689254
693	-3.79838	-3.81406	0.000688631
694	-3.81562	-3.81406	0.000687643
695	-3.81716	-3.81407	0.000686668
696	-3.81223	-3.81406	0.000685686
697	-3.82435	-3.81408	0.000684861
698	-3.8289	-3.8141	0.000684209
699	-3.83385	-3.81413	0.000683814
700	-3.81272	-3.81412	0.00068284
701	-3.81859	-3.81413	0.000681895
702	-3.84705	-3.81418	0.000682535
703	-3.79569	-3.81415	0.00068207
704	-3.79332	-3.81412	0.000681743
705	-3.82741	-3.81414	0.000681036
706	-3.8394	-3.81418	0.000681011
707	-3.81996	-3.81418	0.000680097
708	-3.80125	-3.81417	0.000679381
709	-3.80993	-3.81416	0.00067845
710	-3.7946	-3.81413	0.000678053
711	-3.80551	-3.81412	0.000677208
712	-3.82853	-3.81414	0.000676559
713	-3.83137	-3.81417	0.000676041
714	-3.80289	-3.81415	0.000675279
715	-3.80452	-3.81414	0.000674469
716	-3.81807	-3.81414	0.000673549
717	-3.81104	-3.81414	0.000672624
718	-3.82609	-3.81415	0.000671893
719	-3.8027	-3.81414	0.000671147
720	-3.80721	-3.81413	0.000670284
721	-3.79356	-3.8141	0.000669961
722	-3.80146	-3.81408	0.000669262
723	-3.83678	-3.81411	0.000669072
724	-3.81655	-3.81412	0.000668157
725	-3.81509	-3.81412	0.000667236
726	-3.80552	-3.81411	0.000666422
727	-3.82012	-3.81411	0.000665557
728	-3.8105	-3.81411	0.000664661
729	-3.8051	-3.8141	0.000663865
730	-3.80788	-3.81409	0.00066301
731	-3.81505	-3.81409	0.000662104
732	-3.78111	-3.81405	0.000662731
733	-3.80799	-3.81404	0.000661878
734	-3.82195	-3.81405	0.000661064
735	-3.83429	-3.81408	0.000660738
736	-3.80188	-3.81406	0.000660048
737	-3.83435	-3.81409	0.000659727
738	-3.7931	-3.81406	0.000659446
739	-3.82215	-3.81407	0.000658644
740	-3.79785	-3.81405	0.000658119
741	-3.81064	-3.81404	0.000657247
742	-3.80118	-3.81402	0.000656589
743	-3.84674	-3.81407	0.00065718
744	-3.81798	-3.81407	0.000656318
745	-3.8136	-3.81407	0.000655437
746	-3.83312	-3.8141	0.000655056
747	-3.79512	-3.81407	0.000654671
748	-3.82225	-3.81408	0.000653887
749	-3.82151	-3.81409	0.000653089
750	-3.81345	-3.81409	0.000652219
751	-3.81386	-3.81409	0.000651351
752	-3.80832	-3.81409	0.00065053
753	-3.81875	-3.81409	0.000649695
754	-3.83628	-3.81412	0.0006495
755	-3.83528	-3.81415	0.000649243
756	-3.80751	-3.81414	0.000648444
757	-3.80193	-3.81412	0.000647788
758	-3.79893	-3.8141	0.000647244
759	-3.78113	-3.81406	0.000647848
760	-3.78927	-3.81403	0.000647816
761	-3.80313	-3.81401	0.000647123
762	-3.83524	-3.81404	0.000646873
763	-3.79948	-3.81402	0.000646306
764	-3.78665	-3.81399	0.000646453
765	-3.82626	-3.814	0.000645807
766	-3.81191	-3.814	0.000644969
767	-3.83222	-3.81402	0.000644566
768	-3.79651	-3.814	0.00064413
769	-3.80616	-3.81399	0.000643373
770	-3.80391	-3.81398	0.000642671
771	-3.79967	-3.81396	0.000642105
772	-3.82381	-3.81397	0.0006414
773	-3.80869	-3.81397	0.000640607
774	-3.83322	-3.81399	0.000640262
775	-3.82115	-3.814	0.000639502
776	-3.80217	-3.81398	0.00063886
777	-3.8049	-3.81397	0.000638145
778	-3.83673	-3.814	0.000637995
779	-3.83026	-3.81402	0.000637517
780	-3.82349	-3.81403	0.000636816
781	-3.83514	-3.81406	0.000636573
782	-3.79609	-3.81404	0.000636174
783	-3.83588	-3.81407	0.000635973
784	-3.82898	-3.81409	0.000635446
785	-3.81547	-3.81409	0.000634639
786	-3.81366	-3.81409	0.000633832
787	-3.83634	-3.81412	0.000633657
788	-3.80843	-3.81411	0.000632894
789	-3.79743	-3.81409	0.000632445
790	-3.83947	-3.81412	0.00063246
791	-3.83279	-3.81414	0.000632101
792	-3.8292	-3.81416	0.000631589
793	-3.80967	-3.81416	0.000630818
794	-3.82169	-3.81417	0.000630095
795	-3.80965	-3.81416	0.000629328
796	-3.78588	-3.81412	0.000629539
797	-3.82242	-3.81413	0.000628835
798	-3.8105	-3.81413	0.000628063
799	-3.83089	-3.81415	0.000627628
800	-3.82013	-3.81416	0.000626888
801	-3.84168	-3.81419	0.000627046
802	-3.79509	-3.81417	0.000626716
803	-3.80114	-3.81415	0.000626146
804	-3.82845	-3.81417	0.000625619
805	-3.78739	-3.81414	0.000625726
806	-3.79332	-3.81411	0.000625482
807	-3.82174	-3.81412	0.000624779
808	-3.79215	-3.81409	0.000624597
809	-3.8152	-3.8141	0.000623827
810	-3.80439	-3.81408	0.000623172
811	-3.82081	-3.81409	0.000622458
812	-3.81199	-3.81409	0.000621697
813	-3.82579	-3.8141	0.000621099
814	-3.80156	-3.81409	0.000620527
815	-3.85273	-3.81414	0.000621575
816	-3.85068	-3.81418	0.000622425
817	-3.82107	-3.81419	0.00062172
818	-3.8107	-3.81418	0.000620975
819	-3.81109	-3.81418	0.000620228
820	-3.82219	-3.81419	0.000619548
821	-3.82576	-3.8142	0.000618954
822	-3.80199	-3.81419	0.000618379
823	-3.81054	-3.81418	0.000617644
824	-3.8064	-3.81418	0.000616966
825	-3.80617	-3.81417	0.000616295
826	-3.79945	-3.81415	0.000615806
827	-3.80431	-3.81414	0.000615176
828	-3.8034	-3.81412	0.00061457
829	-3.85302	-3.81417	0.000615617
830	-3.78753	-3.81414	0.000615711
831	-3.81482	-3.81414	0.000614971
832	-3.82875	-3.81416	0.000614483
833	-3.79728	-3.81414	0.000614079
834	-3.80251	-3.81412	0.0006135
835	-3.85066	-3.81417	0.000614324
836	-3.83598	-3.81419	0.000614143
837	-3.80834	-3.81419	0.000613449
838	-3.83573	-3.81421	0.000613255
839	-3.85202	-3.81426	0.000614178
840	-3.83133	-3.81428	0.000613783
841	-3.77823	-3.81423	0.000614548
842	-3.83265	-3.81426	0.000614207
843	-3.82946	-3.81427	0.000613744
844	-3.81903	-3.81428	0.000613042
845	-3.84464	-3.81431	0.000613369
846	-3.81805	-3.81432	0.00061266
847	-3.82842	-3.81434	0.000612162
848	-3.8272	-3.81435	0.000611628
849	-3.80787	-3.81434	0.000610956
850	-3.79967	-3.81433	0.000610481
851	-3.82704	-3.81434	0.000609946
852	-3.82181	-3.81435	0.000609293
853	-3.83818	-3.81438	0.000609219
854	-3.83765	-3.8144	0.000609115
855	-3.80918	-3.8144	0.000608433
856	-3.8221	-3.81441	0.000607789
857	-3.81339	-3.81441	0.00060708
858	-3.80389	-3.81439	0.000606497
859	-3.80046	-3.81438	0.000606008
860	-3.84092	-3.81441	0.000606088
861	-3.79271	-3.81438	0.000605908
862	-3.80547	-3.81437	0.000605293
863	-3.82595	-3.81439	0.00060474
864	-3.83122	-3.81441	0.000604354
865	-3.81471	-3.81441	0.000603656
866	-3.79525	-3.81438	0.000603364
867	-3.78402	-3.81435	0.000603683
868	-3.80351	-3.81434	0.000603117
869	-3.8334	-3.81436	0.000602822
870	-3.84407	-3.81439	0.000603096
871	-3.81721	-3.8144	0.000602412
872	-3.76704	-3.81434	0.000604164
873	-3.79115	-3.81432	0.000604056
874	-3.79705	-3.8143	0.000603688
875	-3.83558	-3.81432	0.000603488
876	-3.84274	-3.81435	0.000603671
877	-3.82879	-3.81437	0.000603207
878	-3.80688	-3.81436	0.00060258
879	-3.84876	-3.8144	0.000603164
880	-3.82535	-3.81441	0.000602607
881	-3.79865	-3.81439	0.000602189
882	-3.81827	-3.8144	0.000601522
883	-3.81662	-3.8144	0.000600846
884	-3.80723	-3.81439	0.000600221
885	-3.81492	-3.81439	0.000599543
886	-3.81573	-3.8144	0.000598868
887	-3.85916	-3.81445	0.000600315
888	-3.81232	-3.81444	0.000599644
889	-3.79368	-3.81442	0.000599424
890	-3.80698	-3.81441	0.000598809
891	-3.81988	-3.81442	0.000598168
892	-3.79724	-3.8144	0.000597808
893	-3.8292	-3.81441	0.000597368
894	-3.80955	-3.81441	0.000596724
895	-3.8276	-3.81442	0.00059624
896	-3.80093	-3.81441	0.000595764
897	-3.81703	-3.81441	0.000595107
898	-3.81993	-3.81442	0.000594476
899	-3.81727	-3.81442	0.000593823
900	-3.83808	-3.81445	0.000593745
901	-3.8336	-3.81447	0.000593467
902	-3.82471	-3.81448	0.000592917
903	-3.83644	-3.8145	0.000592759
904	-3.82316	-3.81451	0.000592181
905	-3.7968	-3.81449	0.00059185
906	-3.81899	-3.8145	0.000591218
907	-3.82111	-3.81451	0.000590611
908	-3.79519	-3.81449	0.000590343
909	-3.8162	-3.81449	0.000589697
910	-3.82116	-3.81449	0.000589094
911	-3.81354	-3.81449	0.000588449
912	-3.84496	-3.81453	0.000588751
913	-3.79946	-3.81451	0.000588338
914	-3.80297	-3.8145	0.000587829
915	-3.79325	-3.81447	0.000587645
916	-3.8055	-3.81446	0.000587085
917	-3.77436	-3.81442	0.000588072
918	-3.85299	-3.81446	0.000588931
919	-3.78744	-3.81443	0.000589023
920	-3.79514	-3.81441	0.000588756
921	-3.80497	-3.8144	0.000588206
922	-3.7986	-3.81439	0.000587818
923	-3.81773	-3.81439	0.000587192
924	-3.7983	-3.81437	0.000586815
925	-3.82549	-3.81438	0.000586303
926	-3.82859	-3.8144	0.000585871
927	-3.77358	-3.81436	0.000586892
928	-3.82647	-3.81437	0.000586404
929	-3.79262	-3.81434	0.00058624
930	-3.80647	-3.81434	0.000585671
931	-3.81656	-3.81434	0.000585047
932	-3.82292	-3.81435	0.000584492
933	-3.83557	-3.81437	0.000584308
934	-3.80629	-3.81436	0.000583746
935	-3.8006	-3.81435	0.000583307
936	-3.84879	-3.81438	0.000583844
937	-3.80232	-3.81437	0.000583362
938	-3.83694	-3.8144	0.000583236
939	-3.79843	-3.81438	0.000582863
940	-3.84209	-3.81441	0.000582988
941	-3.80075	-3.81439	0.000582549
942	-3.83792	-3.81442	0.000582465
943	-3.83227	-3.81444	0.000582155
944	-3.84079	-3.81446	0.000582208
945	-3.83676	-3.81449	0.000582069
946	-3.83525	-3.81451	0.000581868
947	-3.79624	-3.81449	0.000581573
948	-3.82389	-3.8145	0.000581044
949	-3.80277	-3.81449	0.000580563
950	-3.81031	-3.81448	0.000579969
951	-3.80668	-3.81448	0.000579417
952	-3.81509	-3.81448	0.000578808
953	-3.79133	-3.81445	0.000578711
954	-3.80215	-3.81444	0.000578248
955	-3.80228	-3.81443	0.000577782
956	-3.80104	-3.81441	0.000577348
957	-3.82519	-3.81442	0.000576854
958	-3.81206	-3.81442	0.000576257
959	-3.80059	-3.81441	0.000575837
960	-3.79645	-3.81439	0.000575541
961	-3.80786	-3.81438	0.000574982
962	-3.78727	-3.81435	0.000575075
963	-3.83756	-3.81438	0.000574982
964	-3.80677	-3.81437	0.00057444
965	-3.81484	-3.81437	0.000573845
966	-3.82414	-3.81438	0.00057334
967	-3.8388	-3.81441	0.000573303
968	-3.83686	-3.81443	0.00057318
969	-3.84021	-3.81446	0.000573205
970	-3.77195	-3.81441	0.000574287
971	-3.81646	-3.81441	0.000573699
972	-3.78614	-3.81438	0.000573846
973	-3.80926	-3.81438	0.00057328
974	-3.83595	-3.8144	0.00057312
975	-3.80289	-3.81439	0.000572653
976	-3.82012	-3.8144	0.000572097
977	-3.83086	-3.81441	0.000571759
978	-3.81183	-3.81441	0.000571181
979	-3.81358	-3.81441	0.000570598
980	-3.83313	-3.81443	0.000570336
981	-3.81591	-3.81443	0.000569756
982	-3.83043	-3.81445	0.000569409
983	-3.83356	-3.81447	0.000569161
984	-3.82461	-3.81448	0.000568676
985	-3.8312	-3.81449	0.000568353
986	-3.82203	-3.8145	0.000567828
987	-3.78641	-3.81447	0.000567965
988	-3.81584	-3.81447	0.000567392
989	-3.83544	-3.81449	0.000567214
990	-3.84521	-3.81453	0.000567489
991	-3.81491	-3.81453	0.000566916
992	-3.81985	-3.81453	0.00056637
993	-3.79396	-3.81451	0.000566179
994	-3.83112	-3.81453	0.000565856
995	-3.82842	-3.81454	0.000565459
996	-3.79819	-3.81452	0.00056513
997	-3.82179	-3.81453	0.00056461
998	-3.84895	-3.81457	0.000565097
999	-3.85667	-3.81461	0.0005661
1000	-3.7966	-3.81459	0.00056582
