BLOCK:	ACTUAL_KE:	KE_AVE:	ERROR:
1	1.15553	1.15553	0
2	1.17722	1.16637	0.00766785
3	1.17246	1.1684	0.00537354
4	1.17961	1.1712	0.00470396
5	1.15396	1.16775	0.0048658
6	1.18521	1.17066	0.00484722
7	1.15487	1.16841	0.0046505
8	1.17376	1.16908	0.00411712
9	1.16009	1.16808	0.00377881
10	1.17228	1.1685	0.00342418
11	1.16966	1.1686	0.00311453
12	1.17963	1.16952	0.00298744
13	1.16474	1.16915	0.0027802
14	1.18119	1.17001	0.00271133
15	1.16466	1.16966	0.00255394
16	1.16545	1.16939	0.0024078
17	1.18208	1.17014	0.00237904
18	1.15881	1.16951	0.00232868
19	1.17581	1.16984	0.00222957
20	1.16533	1.16962	0.00212946
21	1.17111	1.16969	0.00202924
22	1.16457	1.16946	0.00195028
23	1.17912	1.16988	0.0019102
24	1.15844	1.1694	0.00188905
25	1.16201	1.1691	0.00183644
26	1.18033	1.16954	0.00181585
27	1.1664	1.16942	0.00175231
28	1.16433	1.16924	0.00169914
29	1.17536	1.16945	0.00165361
30	1.15897	1.1691	0.00163497
31	1.17496	1.16929	0.00159314
32	1.1647	1.16915	0.00154979
33	1.15316	1.16866	0.00157671
34	1.17347	1.1688	0.00153666
35	1.16491	1.16869	0.00149677
36	1.17553	1.16888	0.0014672
37	1.16041	1.16865	0.00144529
38	1.17509	1.16882	0.00141715
39	1.16296	1.16867	0.00138875
40	1.16113	1.16848	0.00136676
41	1.16456	1.16839	0.00133676
42	1.17349	1.16851	0.00131043
43	1.17615	1.16869	0.00129196
44	1.1576	1.16843	0.00128695
45	1.17974	1.16869	0.00128265
46	1.1608	1.16851	0.00126618
47	1.16887	1.16852	0.00123927
48	1.1688	1.16853	0.00121346
49	1.17094	1.16858	0.00118969
50	1.15732	1.16835	0.00118701
51	1.1681	1.16835	0.00116375
52	1.17793	1.16853	0.00115587
53	1.1676	1.16851	0.0011342
54	1.1614	1.16838	0.00112083
55	1.17467	1.1685	0.00110626
56	1.16101	1.16836	0.00109456
57	1.16588	1.16832	0.00107622
58	1.15905	1.16816	0.00106948
59	1.17389	1.16826	0.00105576
60	1.16388	1.16818	0.00104068
61	1.16949	1.1682	0.00102384
62	1.16392	1.16814	0.00100965
63	1.16224	1.16804	0.00099796
64	1.16318	1.16797	0.000985258
65	1.16839	1.16797	0.000970122
66	1.16697	1.16796	0.000955542
67	1.1738	1.16804	0.00094525
68	1.17117	1.16809	0.000932468
69	1.16552	1.16805	0.000919696
70	1.16469	1.16801	0.00090781
71	1.17981	1.16817	0.000910133
72	1.16538	1.16813	0.000898317
73	1.17358	1.16821	0.000889105
74	1.16679	1.16819	0.000877297
75	1.16174	1.1681	0.000869803
76	1.174	1.16818	0.000861809
77	1.16017	1.16808	0.000856864
78	1.1748	1.16816	0.000850202
79	1.16027	1.16806	0.000845286
80	1.17172	1.16811	0.000835954
81	1.16796	1.16811	0.000825635
82	1.1743	1.16818	0.000819013
83	1.16594	1.16815	0.00080959
84	1.16609	1.16813	0.000800325
85	1.15781	1.16801	0.000800066
86	1.18445	1.1682	0.000813284
87	1.1625	1.16813	0.000806569
88	1.16243	1.16807	0.000800001
89	1.156	1.16793	0.000802432
90	1.17481	1.16801	0.000797144
91	1.1564	1.16788	0.000798534
92	1.16875	1.16789	0.00078991
93	1.16629	1.16787	0.000781603
94	1.1676	1.16787	0.000773293
95	1.15547	1.16774	0.000776089
96	1.17326	1.1678	0.00077013
97	1.16479	1.16777	0.000762817
98	1.16461	1.16774	0.000755711
99	1.16488	1.16771	0.000748629
100	1.16963	1.16773	0.000741388
101	1.16477	1.1677	0.000734625
102	1.16172	1.16764	0.00072976
103	1.16762	1.16764	0.000722675
104	1.16896	1.16765	0.000715837
105	1.16359	1.16761	0.000710065
106	1.17576	1.16769	0.000707519
107	1.16281	1.16764	0.000702371
108	1.16591	1.16763	0.000696052
109	1.15982	1.16756	0.000693338
110	1.17127	1.16759	0.000687858
111	1.17077	1.16762	0.000682258
112	1.15902	1.16754	0.000680472
113	1.1883	1.16772	0.000698803
114	1.16239	1.16768	0.000694238
115	1.16927	1.16769	0.000688339
116	1.17088	1.16772	0.000682952
117	1.17155	1.16775	0.000677899
118	1.16372	1.16772	0.000673013
119	1.17547	1.16778	0.000670505
120	1.16528	1.16776	0.000665241
121	1.17443	1.16782	0.000662024
122	1.15903	1.16775	0.000660503
123	1.17285	1.16779	0.000656434
124	1.16591	1.16777	0.000651315
125	1.16116	1.16772	0.00064825
126	1.17098	1.16774	0.000643621
127	1.1646	1.16772	0.000639029
128	1.17289	1.16776	0.000635311
129	1.16968	1.16777	0.000630561
130	1.17311	1.16782	0.000627045
131	1.16188	1.16777	0.000623892
132	1.17254	1.16781	0.000620212
133	1.16367	1.16778	0.000616329
134	1.16427	1.16775	0.000612286
135	1.17591	1.16781	0.000610728
136	1.17438	1.16786	0.000608144
137	1.16124	1.16781	0.000605624
138	1.1768	1.16788	0.000604728
139	1.16523	1.16786	0.000600677
140	1.16905	1.16786	0.000596447
141	1.16767	1.16786	0.000592218
142	1.1641	1.16784	0.00058864
143	1.17635	1.1679	0.000587529
144	1.15812	1.16783	0.000587362
145	1.1766	1.16789	0.00058642
146	1.16157	1.16785	0.000584
147	1.16389	1.16782	0.000580646
148	1.1763	1.16788	0.000579545
149	1.16795	1.16788	0.000575655
150	1.1528	1.16778	0.000580521
151	1.17875	1.16785	0.000581204
152	1.16714	1.16784	0.000577399
153	1.1589	1.16779	0.000576574
154	1.17517	1.16783	0.000574823
155	1.16842	1.16784	0.000571127
156	1.17161	1.16786	0.000567977
157	1.15744	1.1678	0.000568226
158	1.16627	1.16779	0.000564712
159	1.171	1.16781	0.000561523
160	1.16473	1.16779	0.000558342
161	1.16542	1.16777	0.000555067
162	1.15299	1.16768	0.000559085
163	1.1779	1.16774	0.00055916
164	1.17202	1.16777	0.00055636
165	1.14955	1.16766	0.000563841
166	1.16339	1.16763	0.000561032
167	1.16864	1.16764	0.000557705
168	1.16801	1.16764	0.000554389
169	1.16565	1.16763	0.000551234
170	1.16048	1.16759	0.000549596
171	1.17011	1.1676	0.00054658
172	1.17063	1.16762	0.000543685
173	1.17371	1.16766	0.00054168
174	1.16215	1.16762	0.000539491
175	1.17366	1.16766	0.000537509
176	1.1589	1.16761	0.000536752
177	1.15939	1.16756	0.000535724
178	1.16935	1.16757	0.000532809
179	1.17412	1.16761	0.000531087
180	1.15442	1.16754	0.000533167
181	1.17327	1.16757	0.000531162
182	1.16671	1.16756	0.000528265
183	1.17142	1.16758	0.000525798
184	1.17268	1.16761	0.000523669
185	1.16789	1.16761	0.00052084
186	1.16274	1.16759	0.000518699
187	1.16542	1.16757	0.000516054
188	1.17589	1.16762	0.000515203
189	1.14842	1.16752	0.000522394
190	1.16361	1.1675	0.00052005
191	1.17313	1.16753	0.000518164
192	1.16756	1.16753	0.000515466
193	1.16001	1.16749	0.000514262
194	1.17419	1.16752	0.00051277
195	1.16636	1.16752	0.000510175
196	1.17502	1.16755	0.000509007
197	1.1609	1.16752	0.000507541
198	1.17014	1.16753	0.00050515
199	1.16729	1.16753	0.000502613
200	1.15375	1.16746	0.000504803
201	1.16909	1.16747	0.000502357
202	1.1782	1.16752	0.000502671
203	1.16143	1.16749	0.000501092
204	1.16617	1.16749	0.000498678
205	1.16762	1.16749	0.000496246
206	1.16314	1.16747	0.000494287
207	1.17814	1.16752	0.000494582
208	1.1617	1.16749	0.000492994
209	1.17421	1.16752	0.000491682
210	1.17046	1.16754	0.000489539
211	1.16135	1.16751	0.000488096
212	1.17459	1.16754	0.000486934
213	1.17205	1.16756	0.000485109
214	1.16717	1.16756	0.000482845
215	1.16881	1.16757	0.000480635
216	1.16884	1.16757	0.000478445
217	1.16488	1.16756	0.000476401
218	1.16351	1.16754	0.000474578
219	1.17274	1.16757	0.000473005
220	1.16339	1.16755	0.000471235
221	1.16463	1.16753	0.000469288
222	1.1743	1.16756	0.000468163
223	1.16843	1.16757	0.00046608
224	1.17037	1.16758	0.000464167
225	1.16524	1.16757	0.000462221
226	1.17437	1.1676	0.000461155
227	1.16158	1.16757	0.000459885
228	1.16082	1.16754	0.00045882
229	1.16308	1.16752	0.000457231
230	1.17659	1.16756	0.000456937
231	1.15999	1.16753	0.000456134
232	1.16689	1.16753	0.000454176
233	1.1646	1.16752	0.0004524
234	1.17109	1.16753	0.000450725
235	1.17332	1.16756	0.000449479
236	1.16132	1.16753	0.000448351
237	1.17157	1.16755	0.000446783
238	1.1635	1.16753	0.000445229
239	1.17749	1.16757	0.000445311
240	1.17396	1.1676	0.000444249
241	1.16569	1.16759	0.000442477
242	1.16393	1.16757	0.000440906
243	1.16849	1.16758	0.000439108
244	1.16878	1.16758	0.000437336
245	1.17376	1.16761	0.000436278
246	1.16519	1.1676	0.000434615
247	1.16517	1.16759	0.000432966
248	1.16814	1.16759	0.000431226
249	1.16556	1.16758	0.000429572
250	1.15757	1.16754	0.000429716
251	1.15289	1.16748	0.000431952
252	1.17466	1.16751	0.000431175
253	1.16108	1.16749	0.000430219
254	1.17231	1.16751	0.000428945
255	1.16896	1.16751	0.000427301
256	1.15834	1.16748	0.00042713
257	1.17089	1.16749	0.000425674
258	1.16091	1.16746	0.000424789
259	1.17662	1.1675	0.000424618
260	1.16348	1.16748	0.000423266
261	1.17396	1.16751	0.000422372
262	1.16674	1.16751	0.00042077
263	1.16436	1.16749	0.000419339
264	1.17338	1.16752	0.000418342
265	1.16369	1.1675	0.000417012
266	1.1741	1.16753	0.000416181
267	1.16201	1.16751	0.000415134
268	1.17663	1.16754	0.00041498
269	1.16204	1.16752	0.000413941
270	1.1626	1.1675	0.00041281
271	1.16908	1.16751	0.000411328
272	1.17833	1.16755	0.000411734
273	1.15601	1.1675	0.000412388
274	1.17178	1.16752	0.000411177
275	1.16539	1.16751	0.000409755
276	1.16989	1.16752	0.000408361
277	1.16171	1.1675	0.000407425
278	1.17529	1.16753	0.000406922
279	1.15761	1.16749	0.000407014
280	1.17422	1.16752	0.000406269
281	1.15977	1.16749	0.000405757
282	1.19288	1.16758	0.000414192
283	1.14725	1.16751	0.000418913
284	1.17486	1.16753	0.000418237
285	1.17179	1.16755	0.000417036
286	1.16746	1.16755	0.000415578
287	1.17563	1.16758	0.000415084
288	1.15406	1.16753	0.000416288
289	1.17087	1.16754	0.000415008
290	1.16632	1.16754	0.000413598
291	1.16964	1.16754	0.000412239
292	1.16647	1.16754	0.000410844
293	1.16409	1.16753	0.000409611
294	1.17619	1.16756	0.000409276
295	1.15498	1.16751	0.000410105
296	1.16795	1.16752	0.000408722
297	1.16861	1.16752	0.000407363
298	1.16144	1.1675	0.000406506
299	1.16925	1.16751	0.000405188
300	1.16708	1.1675	0.00040384
301	1.16472	1.16749	0.000402605
302	1.17767	1.16753	0.000402679
303	1.14891	1.16747	0.000406014
304	1.17796	1.1675	0.000406142
305	1.15577	1.16746	0.000406628
306	1.16802	1.16746	0.000405303
307	1.15524	1.16742	0.000405934
308	1.1724	1.16744	0.000404937
309	1.16016	1.16742	0.000404312
310	1.1729	1.16744	0.000403394
311	1.16935	1.16744	0.000402144
312	1.16039	1.16742	0.00040149
313	1.16975	1.16743	0.000400276
314	1.16602	1.16742	0.000399027
315	1.16418	1.16741	0.000397893
316	1.16188	1.16739	0.000397018
317	1.17838	1.16743	0.000397276
318	1.15213	1.16738	0.00039893
319	1.17787	1.16741	0.000399032
320	1.1611	1.16739	0.000398272
321	1.16384	1.16738	0.000397185
322	1.1627	1.16737	0.000396217
323	1.16515	1.16736	0.00039505
324	1.16621	1.16736	0.000393847
325	1.15961	1.16733	0.000393355
326	1.16339	1.16732	0.000392335
327	1.15899	1.1673	0.000391962
328	1.17043	1.16731	0.000390884
329	1.16994	1.16731	0.000389778
330	1.16937	1.16732	0.000388647
331	1.17003	1.16733	0.000387559
332	1.17878	1.16736	0.000387923
333	1.15477	1.16732	0.000388598
334	1.17759	1.16736	0.000388648
335	1.16386	1.16735	0.000387628
336	1.16906	1.16735	0.000386508
337	1.17265	1.16737	0.000385681
338	1.1679	1.16737	0.000384544
339	1.17661	1.16739	0.000384375
340	1.15571	1.16736	0.000384779
341	1.17208	1.16737	0.0003839
342	1.16308	1.16736	0.000382982
343	1.17052	1.16737	0.000381977
344	1.17681	1.1674	0.00038185
345	1.16072	1.16738	0.000381233
346	1.16516	1.16737	0.000380185
347	1.18124	1.16741	0.000381183
348	1.16566	1.16741	0.000380121
349	1.16078	1.16739	0.000379506
350	1.16415	1.16738	0.000378535
351	1.18322	1.16742	0.000380138
352	1.16606	1.16742	0.000379078
353	1.16024	1.1674	0.00037855
354	1.16125	1.16738	0.000377879
355	1.1716	1.16739	0.000377002
356	1.17096	1.1674	0.000376076
357	1.17105	1.16741	0.000375161
358	1.15669	1.16738	0.000375308
359	1.16652	1.16738	0.00037427
360	1.17347	1.1674	0.000373612
361	1.15459	1.16736	0.000374259
362	1.17614	1.16739	0.000374009
363	1.16377	1.16738	0.000373111
364	1.17348	1.16739	0.000372463
365	1.15912	1.16737	0.000372131
366	1.16543	1.16737	0.000371152
367	1.17511	1.16739	0.000370741
368	1.16982	1.16739	0.000369792
369	1.16103	1.16738	0.000369192
370	1.16012	1.16736	0.000368714
371	1.16704	1.16736	0.000367721
372	1.17032	1.16736	0.000366819
373	1.16169	1.16735	0.000366151
374	1.17132	1.16736	0.000365326
375	1.16796	1.16736	0.000364355
376	1.16985	1.16737	0.000363446
377	1.16728	1.16737	0.000362482
378	1.16657	1.16737	0.00036153
379	1.15725	1.16734	0.000361559
380	1.16926	1.16734	0.000360643
381	1.17095	1.16735	0.000359821
382	1.15508	1.16732	0.000360311
383	1.16261	1.16731	0.000359581
384	1.15982	1.16729	0.000359173
385	1.17808	1.16732	0.000359332
386	1.15751	1.16729	0.000359299
387	1.17148	1.1673	0.000358533
388	1.15963	1.16728	0.000358155
389	1.16606	1.16728	0.000357248
390	1.16974	1.16729	0.000356387
391	1.16597	1.16728	0.000355492
392	1.16063	1.16727	0.00035499
393	1.17162	1.16728	0.000354259
394	1.17305	1.16729	0.000353663
395	1.15836	1.16727	0.00035349
396	1.17084	1.16728	0.000352712
397	1.16926	1.16728	0.000351859
398	1.16453	1.16728	0.000351042
399	1.16334	1.16727	0.000350301
400	1.17302	1.16728	0.00034972
401	1.17313	1.1673	0.000349152
402	1.16657	1.16729	0.000348288
403	1.17271	1.16731	0.000347683
404	1.15276	1.16727	0.000348683
405	1.16968	1.16728	0.000347873
406	1.17195	1.16729	0.000347206
407	1.16205	1.16728	0.000346591
408	1.1672	1.16728	0.000345742
409	1.16346	1.16727	0.000345022
410	1.16385	1.16726	0.000344281
411	1.17028	1.16727	0.000343522
412	1.15678	1.16724	0.000343629
413	1.173	1.16725	0.00034308
414	1.17284	1.16727	0.000342517
415	1.16943	1.16727	0.000341731
416	1.1601	1.16726	0.000341345
417	1.1706	1.16726	0.000340621
418	1.16714	1.16726	0.000339806
419	1.16951	1.16727	0.000339037
420	1.1683	1.16727	0.000338239
421	1.17133	1.16728	0.000337573
422	1.16667	1.16728	0.000336776
423	1.17299	1.16729	0.00033625
424	1.17555	1.16731	0.000336021
425	1.16524	1.16731	0.000335266
426	1.15325	1.16727	0.000336099
427	1.17773	1.1673	0.000336202
428	1.1601	1.16728	0.000335838
429	1.17809	1.16731	0.000335998
430	1.17079	1.16732	0.000335314
431	1.17146	1.16732	0.000334674
432	1.17317	1.16734	0.000334173
433	1.14753	1.16729	0.000336517
434	1.18186	1.16733	0.000337411
435	1.1682	1.16733	0.000336641
436	1.17983	1.16736	0.000337087
437	1.14688	1.16731	0.000339557
438	1.16577	1.16731	0.0003388
439	1.17004	1.16731	0.000338086
440	1.16209	1.1673	0.000337525
441	1.15692	1.16728	0.00033758
442	1.17588	1.1673	0.000337377
443	1.14657	1.16725	0.000339844
444	1.17214	1.16726	0.000339257
445	1.15941	1.16724	0.000338954
446	1.1753	1.16726	0.000338675
447	1.16826	1.16726	0.000337925
448	1.16478	1.16726	0.000337216
449	1.17157	1.16727	0.000336601
450	1.16101	1.16725	0.000336141
451	1.16387	1.16725	0.000335479
452	1.17443	1.16726	0.000335113
453	1.173	1.16727	0.000334612
454	1.16513	1.16727	0.000333908
455	1.15568	1.16724	0.000334145
456	1.18127	1.16728	0.000334825
457	1.15791	1.16726	0.000334718
458	1.17347	1.16727	0.000334262
459	1.18172	1.1673	0.000335013
460	1.16282	1.16729	0.000334426
461	1.1535	1.16726	0.000335037
462	1.17813	1.16728	0.000335136
463	1.1599	1.16727	0.000334791
464	1.1687	1.16727	0.000334084
465	1.17285	1.16728	0.000333581
466	1.15868	1.16726	0.000333375
467	1.1766	1.16728	0.00033326
468	1.16009	1.16727	0.000332902
469	1.16901	1.16727	0.000332213
470	1.16257	1.16726	0.000331657
471	1.16587	1.16726	0.000330966
472	1.15519	1.16723	0.000331251
473	1.15904	1.16722	0.000331003
474	1.17924	1.16724	0.000331275
475	1.17534	1.16726	0.000331017
476	1.17035	1.16727	0.000330385
477	1.15179	1.16723	0.000331281
478	1.17282	1.16725	0.000330795
479	1.16441	1.16724	0.000330157
480	1.15482	1.16721	0.000330482
481	1.17893	1.16724	0.000330691
482	1.16206	1.16723	0.000330179
483	1.17229	1.16724	0.000329662
484	1.16484	1.16723	0.000329018
485	1.16797	1.16723	0.000328343
486	1.15944	1.16722	0.000328059
487	1.1666	1.16722	0.000327388
488	1.17092	1.16722	0.000326805
489	1.17514	1.16724	0.000326538
490	1.15912	1.16722	0.000326292
491	1.17507	1.16724	0.000326019
492	1.17035	1.16725	0.000325417
493	1.1709	1.16725	0.000324842
494	1.15332	1.16723	0.000325407
495	1.17298	1.16724	0.000324957
496	1.17161	1.16725	0.000324421
497	1.16058	1.16723	0.000324045
498	1.16874	1.16724	0.000323409
499	1.16719	1.16724	0.000322761
500	1.16737	1.16724	0.000322115
501	1.17212	1.16725	0.00032162
502	1.1589	1.16723	0.000321409
503	1.16845	1.16723	0.000320779
504	1.16168	1.16722	0.000320331
505	1.17537	1.16724	0.000320103
506	1.16589	1.16723	0.000319481
507	1.17111	1.16724	0.000318943
508	1.15723	1.16722	0.000318923
509	1.17288	1.16723	0.000318491
510	1.17718	1.16725	0.000318463
511	1.15585	1.16723	0.00031862
512	1.16911	1.16723	0.000318019
513	1.17772	1.16725	0.000318055
514	1.1621	1.16724	0.000317594
515	1.16663	1.16724	0.00031698
516	1.17161	1.16725	0.000316479
517	1.16266	1.16724	0.000315991
518	1.17757	1.16726	0.000316009
519	1.15625	1.16724	0.000316112
520	1.17359	1.16725	0.00031574
521	1.16308	1.16725	0.000315236
522	1.16357	1.16724	0.00031471
523	1.16446	1.16723	0.000314153
524	1.17033	1.16724	0.000313609
525	1.16228	1.16723	0.000313154
526	1.1753	1.16724	0.000312934
527	1.15817	1.16723	0.000312814
528	1.17566	1.16724	0.000312629
529	1.1525	1.16722	0.000313278
530	1.17614	1.16723	0.000313139
531	1.16354	1.16723	0.000312626
532	1.16304	1.16722	0.000312138
533	1.18087	1.16724	0.000312602
534	1.1614	1.16723	0.000312208
535	1.17214	1.16724	0.000311759
536	1.1708	1.16725	0.000311248
537	1.16236	1.16724	0.000310802
538	1.17542	1.16725	0.000310596
539	1.16412	1.16725	0.000310074
540	1.17223	1.16726	0.000309637
541	1.16633	1.16726	0.00030907
542	1.16632	1.16725	0.000308504
543	1.17034	1.16726	0.000307988
544	1.16917	1.16726	0.000307442
545	1.1625	1.16725	0.000307002
546	1.16544	1.16725	0.000306458
547	1.16116	1.16724	0.0003061
548	1.18069	1.16726	0.000306523
549	1.16084	1.16725	0.000306188
550	1.17239	1.16726	0.000305774
551	1.15814	1.16725	0.000305668
552	1.16857	1.16725	0.000305123
553	1.17237	1.16726	0.000304712
554	1.17988	1.16728	0.000305012
555	1.17959	1.1673	0.000305268
556	1.15547	1.16728	0.000305459
557	1.16813	1.16728	0.000304915
558	1.1698	1.16729	0.000304402
559	1.16646	1.16729	0.000303861
560	1.17184	1.16729	0.000303427
561	1.17097	1.1673	0.000302956
562	1.16932	1.1673	0.000302439
563	1.17148	1.16731	0.000301992
564	1.16469	1.16731	0.000301493
565	1.16717	1.16731	0.000300959
566	1.17034	1.16731	0.000300475
567	1.16888	1.16731	0.000299958
568	1.16201	1.16731	0.000299575
569	1.17255	1.16731	0.00029919
570	1.16467	1.16731	0.000298701
571	1.17518	1.16732	0.000298496
572	1.17266	1.16733	0.00029812
573	1.16894	1.16734	0.000297613
574	1.16719	1.16734	0.000297095
575	1.17383	1.16735	0.000296792
576	1.15877	1.16733	0.00029665
577	1.17064	1.16734	0.000296191
578	1.17337	1.16735	0.000295862
579	1.15559	1.16733	0.000296048
580	1.16985	1.16733	0.000295569
581	1.17152	1.16734	0.000295149
582	1.17482	1.16735	0.000294921
583	1.17179	1.16736	0.000294514
584	1.17489	1.16737	0.000294292
585	1.16123	1.16736	0.000293976
586	1.17325	1.16737	0.000293646
587	1.16298	1.16736	0.000293241
588	1.17356	1.16738	0.000292931
589	1.16914	1.16738	0.000292449
590	1.16957	1.16738	0.000291977
591	1.17168	1.16739	0.000291574
592	1.16478	1.16738	0.000291115
593	1.17596	1.1674	0.000290983
594	1.15811	1.16738	0.000290913
595	1.16516	1.16738	0.000290448
596	1.17136	1.16739	0.000290037
597	1.17549	1.1674	0.000289869
598	1.15861	1.16739	0.000289757
599	1.16372	1.16738	0.000289338
600	1.1735	1.16739	0.000289035
601	1.17264	1.1674	0.000288686
602	1.16792	1.1674	0.000288208
603	1.16659	1.1674	0.000287733
604	1.17174	1.16741	0.000287346
605	1.17483	1.16742	0.000287133
606	1.15984	1.1674	0.000286931
607	1.16991	1.16741	0.000286488
608	1.17062	1.16741	0.000286066
609	1.16889	1.16742	0.000285606
610	1.17264	1.16743	0.000285267
611	1.15256	1.1674	0.000285836
612	1.17034	1.16741	0.000285409
613	1.16409	1.1674	0.000284994
614	1.1668	1.1674	0.000284532
615	1.17913	1.16742	0.000284708
616	1.15755	1.1674	0.000284696
617	1.16679	1.1674	0.000284237
618	1.16987	1.16741	0.000283805
619	1.16209	1.1674	0.000283476
620	1.16925	1.1674	0.000283035
621	1.17324	1.16741	0.000282736
622	1.16484	1.16741	0.000282311
623	1.17627	1.16742	0.000282216
624	1.15893	1.16741	0.000282091
625	1.1686	1.16741	0.000281646
626	1.16354	1.1674	0.000281264
627	1.17181	1.16741	0.000280903
628	1.15891	1.16739	0.000280782
629	1.16961	1.1674	0.000280358
630	1.16728	1.1674	0.000279913
631	1.15875	1.16738	0.000279804
632	1.1717	1.16739	0.000279445
633	1.17327	1.1674	0.000279158
634	1.17083	1.16741	0.00027877
635	1.17402	1.16742	0.000278525
636	1.16924	1.16742	0.000278102
637	1.16447	1.16741	0.000277704
638	1.17335	1.16742	0.000277424
639	1.16813	1.16743	0.000276992
640	1.16639	1.16742	0.000276564
641	1.17271	1.16743	0.000276256
642	1.16377	1.16743	0.000275885
643	1.17032	1.16743	0.000275492
644	1.17923	1.16745	0.000275673
645	1.17132	1.16745	0.000275311
646	1.16678	1.16745	0.000274887
647	1.17469	1.16747	0.000274689
648	1.16186	1.16746	0.000274401
649	1.1721	1.16746	0.000274072
650	1.15248	1.16744	0.000274618
651	1.18557	1.16747	0.000275605
652	1.14638	1.16744	0.000277074
653	1.16343	1.16743	0.000276718
654	1.16901	1.16743	0.000276305
655	1.17452	1.16744	0.000276096
656	1.16014	1.16743	0.000275899
657	1.17643	1.16745	0.000275819
658	1.16089	1.16744	0.00027558
659	1.16617	1.16743	0.000275168
660	1.17241	1.16744	0.000274855
661	1.15105	1.16742	0.000275556
662	1.16854	1.16742	0.000275145
663	1.17207	1.16743	0.00027482
664	1.16794	1.16743	0.000274407
665	1.15943	1.16741	0.000274257
666	1.17958	1.16743	0.000274454
667	1.1602	1.16742	0.000274257
668	1.17266	1.16743	0.000273958
669	1.15629	1.16741	0.000274054
670	1.17114	1.16742	0.000273702
671	1.16899	1.16742	0.000273304
672	1.18122	1.16744	0.000273667
673	1.15881	1.16743	0.000273561
674	1.16824	1.16743	0.000273158
675	1.16544	1.16743	0.000272769
676	1.17413	1.16744	0.000272546
677	1.16646	1.16743	0.000272147
678	1.17155	1.16744	0.000271813
679	1.16004	1.16743	0.000271631
680	1.16446	1.16743	0.000271267
681	1.16656	1.16742	0.000270871
682	1.17161	1.16743	0.000270544
683	1.15782	1.16742	0.000270513
684	1.15974	1.16741	0.00027035
685	1.17445	1.16742	0.000270151
686	1.16507	1.16741	0.000269779
687	1.16686	1.16741	0.000269387
688	1.16787	1.16741	0.000268997
689	1.17389	1.16742	0.00026877
690	1.16	1.16741	0.000268596
691	1.17329	1.16742	0.000268342
692	1.15676	1.1674	0.000268396
693	1.16717	1.1674	0.000268009
694	1.17762	1.16742	0.000268027
695	1.15975	1.16741	0.000267869
696	1.16992	1.16741	0.000267508
697	1.16647	1.16741	0.000267128
698	1.15865	1.1674	0.00026704
699	1.16879	1.1674	0.000266665
700	1.17103	1.1674	0.000266335
701	1.16688	1.1674	0.000265956
702	1.17675	1.16742	0.00026591
703	1.15769	1.1674	0.000265892
704	1.167	1.1674	0.000265515
705	1.17495	1.16741	0.000265354
706	1.1554	1.1674	0.000265523
707	1.17646	1.16741	0.000265457
708	1.16655	1.16741	0.000265085
709	1.17589	1.16742	0.000264981
710	1.15739	1.16741	0.000264983
711	1.17622	1.16742	0.000264901
712	1.16129	1.16741	0.000264668
713	1.16652	1.16741	0.0002643
714	1.16688	1.16741	0.000263931
715	1.16572	1.1674	0.000263572
716	1.17458	1.16741	0.000263395
717	1.16831	1.16742	0.00026303
718	1.16624	1.16741	0.000262669
719	1.17502	1.16743	0.000262517
720	1.15611	1.16741	0.000262622
721	1.17882	1.16743	0.000262735
722	1.17068	1.16743	0.00026241
723	1.17211	1.16744	0.000262126
724	1.16417	1.16743	0.000261803
725	1.16177	1.16742	0.000261558
726	1.18023	1.16744	0.000261792
727	1.15809	1.16743	0.000261748
728	1.17772	1.16744	0.00026177
729	1.15679	1.16743	0.000261819
730	1.16437	1.16742	0.000261493
731	1.17678	1.16744	0.000261449
732	1.15755	1.16742	0.00026144
733	1.16034	1.16741	0.000261262
734	1.18687	1.16744	0.000262248
735	1.1616	1.16743	0.000262012
736	1.17312	1.16744	0.00026177
737	1.16356	1.16743	0.000261467
738	1.17057	1.16744	0.000261148
739	1.17271	1.16745	0.000260892
740	1.17584	1.16746	0.000260785
741	1.17698	1.16747	0.00026075
742	1.1595	1.16746	0.00026062
743	1.17979	1.16748	0.000260797
744	1.16313	1.16747	0.000260512
745	1.16577	1.16747	0.000260172
746	1.16777	1.16747	0.000259824
747	1.16988	1.16747	0.000259496
748	1.17146	1.16748	0.000259204
749	1.16306	1.16747	0.000258925
750	1.17151	1.16748	0.000258636
751	1.16731	1.16748	0.000258291
752	1.16809	1.16748	0.000257949
753	1.16352	1.16747	0.00025766
754	1.17104	1.16748	0.000257362
755	1.17254	1.16748	0.000257108
756	1.16393	1.16748	0.000256811
757	1.1646	1.16747	0.0002565
758	1.18136	1.16749	0.000256815
759	1.16924	1.1675	0.000256487
760	1.16759	1.1675	0.00025615
761	1.17675	1.16751	0.000256101
762	1.17024	1.16751	0.00025579
763	1.16543	1.16751	0.00025547
764	1.15605	1.16749	0.000255575
765	1.17158	1.1675	0.000255297
766	1.17879	1.16751	0.000255389
767	1.16311	1.16751	0.00025512
768	1.15636	1.16749	0.000255201
769	1.16697	1.16749	0.00025487
770	1.15941	1.16748	0.000254755
771	1.16769	1.16748	0.000254425
772	1.17158	1.16749	0.000254151
773	1.15816	1.16748	0.000254108
774	1.1729	1.16748	0.000253876
775	1.16885	1.16748	0.000253555
776	1.16854	1.16749	0.000253232
777	1.17578	1.1675	0.00025313
778	1.16993	1.1675	0.000252824
779	1.16463	1.1675	0.000252527
780	1.16877	1.1675	0.000252208
781	1.16958	1.1675	0.000251899
782	1.16723	1.1675	0.000251577
783	1.16807	1.1675	0.000251257
784	1.17286	1.16751	0.00025103
785	1.17044	1.16751	0.000250738
786	1.16441	1.16751	0.00025045
787	1.16212	1.1675	0.000250225
788	1.16603	1.1675	0.000249915
789	1.15511	1.16748	0.000250091
790	1.17427	1.16749	0.000249922
791	1.17045	1.16749	0.000249634
792	1.173	1.1675	0.000249415
793	1.16064	1.16749	0.000249251
794	1.17832	1.16751	0.00024931
795	1.16431	1.1675	0.000249029
796	1.17816	1.16752	0.000249076
797	1.17257	1.16752	0.000248844
798	1.17185	1.16753	0.000248591
799	1.16452	1.16752	0.000248308
800	1.16609	1.16752	0.000248005
801	1.17776	1.16754	0.000248024
802	1.16554	1.16753	0.000247727
803	1.16446	1.16753	0.000247449
804	1.17641	1.16754	0.000247387
805	1.16864	1.16754	0.000247083
806	1.17249	1.16755	0.000246853
807	1.15309	1.16753	0.000247196
808	1.18027	1.16755	0.000247392
809	1.1567	1.16753	0.00024745
810	1.17295	1.16754	0.000247234
811	1.15943	1.16753	0.000247132
812	1.1712	1.16753	0.000246869
813	1.16017	1.16752	0.000246731
814	1.17529	1.16753	0.000246613
815	1.16962	1.16754	0.000246323
816	1.1726	1.16754	0.0002461
817	1.16088	1.16753	0.000245934
818	1.17887	1.16755	0.000246023
819	1.14826	1.16752	0.000246848
820	1.17176	1.16753	0.000246601
821	1.16353	1.16752	0.000246348
822	1.16985	1.16753	0.000246065
823	1.17181	1.16753	0.000245821
824	1.16645	1.16753	0.000245526
825	1.17365	1.16754	0.00024534
826	1.16023	1.16753	0.000245203
827	1.16883	1.16753	0.000244912
828	1.1737	1.16754	0.000244729
829	1.16313	1.16753	0.000244492
830	1.17284	1.16754	0.000244281
831	1.1635	1.16754	0.000244035
832	1.15239	1.16752	0.000244419
833	1.17435	1.16753	0.000244263
834	1.16393	1.16752	0.000244009
835	1.16387	1.16752	0.000243756
836	1.16451	1.16751	0.000243491
837	1.17847	1.16753	0.000243551
838	1.15999	1.16752	0.000243427
839	1.16476	1.16751	0.000243159
840	1.18108	1.16753	0.000243405
841	1.16049	1.16752	0.00024326
842	1.16958	1.16752	0.000242983
843	1.17451	1.16753	0.000242836
844	1.16889	1.16753	0.000242554
845	1.15805	1.16752	0.000242526
846	1.18128	1.16754	0.000242784
847	1.16524	1.16754	0.000242512
848	1.16042	1.16753	0.000242371
849	1.17198	1.16753	0.000242142
850	1.16662	1.16753	0.00024186
851	1.15958	1.16752	0.000241756
852	1.16723	1.16752	0.000241473
853	1.16514	1.16752	0.000241206
854	1.16486	1.16752	0.000240943
855	1.17067	1.16752	0.00024069
856	1.16573	1.16752	0.000240418
857	1.17666	1.16753	0.000240373
858	1.15852	1.16752	0.000240323
859	1.17189	1.16752	0.000240097
860	1.17956	1.16754	0.000240225
861	1.16642	1.16754	0.00023995
862	1.16765	1.16754	0.000239672
863	1.16257	1.16753	0.000239463
864	1.18253	1.16755	0.000239814
865	1.16274	1.16754	0.000239601
866	1.16537	1.16754	0.000239338
867	1.17549	1.16755	0.000239237
868	1.16709	1.16755	0.000238962
869	1.17125	1.16755	0.000238725
870	1.16349	1.16755	0.000238496
871	1.17375	1.16756	0.000238329
872	1.16167	1.16755	0.000238151
873	1.15771	1.16754	0.000238145
874	1.16598	1.16754	0.000237879
875	1.16554	1.16753	0.000237618
876	1.17195	1.16754	0.0002374
877	1.15913	1.16753	0.000237323
878	1.17914	1.16754	0.000237421
879	1.16138	1.16753	0.000237254
880	1.1712	1.16754	0.000237021
881	1.16958	1.16754	0.000236763
882	1.16668	1.16754	0.000236497
883	1.15682	1.16753	0.00023654
884	1.17754	1.16754	0.000236544
885	1.16729	1.16754	0.000236277
886	1.1632	1.16753	0.000236061
887	1.17163	1.16754	0.00023584
888	1.16459	1.16754	0.000235598
889	1.15687	1.16752	0.000235638
890	1.17402	1.16753	0.000235486
891	1.15817	1.16752	0.000235456
892	1.1799	1.16753	0.000235601
893	1.16064	1.16753	0.000235463
894	1.16516	1.16752	0.000235215
895	1.15489	1.16751	0.000235375
896	1.17197	1.16751	0.000235165
897	1.16866	1.16752	0.000234906
898	1.17029	1.16752	0.000234665
899	1.16648	1.16752	0.000234407
900	1.16456	1.16751	0.000234169
901	1.16869	1.16752	0.000233913
902	1.16504	1.16751	0.00023367
903	1.16147	1.16751	0.000233507
904	1.1735	1.16751	0.000233343
905	1.16732	1.16751	0.000233085
906	1.15721	1.1675	0.000233105
907	1.1725	1.16751	0.000232913
908	1.1569	1.1675	0.000232949
909	1.17381	1.1675	0.000232796
910	1.15842	1.16749	0.000232754
911	1.17358	1.1675	0.000232595
912	1.17259	1.1675	0.000232407
913	1.15619	1.16749	0.000232482
914	1.15956	1.16748	0.00023239
915	1.1661	1.16748	0.000232141
916	1.17397	1.16749	0.000231996
917	1.1558	1.16748	0.000232093
918	1.181	1.16749	0.000232307
919	1.15223	1.16747	0.000232646
920	1.16838	1.16748	0.000232396
921	1.17427	1.16748	0.00023226
922	1.16571	1.16748	0.000232016
923	1.16624	1.16748	0.000231769
924	1.17057	1.16748	0.000231542
925	1.1593	1.16747	0.000231461
926	1.16717	1.16747	0.000231211
927	1.1786	1.16749	0.000231273
928	1.17119	1.16749	0.000231058
929	1.15363	1.16747	0.000231291
930	1.18017	1.16749	0.000231444
931	1.15032	1.16747	0.000231929
932	1.17688	1.16748	0.0002319
933	1.16268	1.16747	0.000231709
934	1.17046	1.16748	0.000231483
935	1.16714	1.16748	0.000231235
936	1.16342	1.16747	0.000231029
937	1.17236	1.16748	0.000230841
938	1.15921	1.16747	0.000230763
939	1.17011	1.16747	0.000230535
940	1.1654	1.16747	0.0002303
941	1.17018	1.16747	0.000230073
942	1.16388	1.16747	0.00022986
943	1.17042	1.16747	0.000229638
944	1.15595	1.16746	0.000229719
945	1.16385	1.16746	0.000229507
946	1.1761	1.16747	0.000229447
947	1.16451	1.16746	0.000229225
948	1.16104	1.16746	0.000229084
949	1.1625	1.16745	0.000228902
950	1.16549	1.16745	0.00022867
951	1.16574	1.16745	0.000228437
952	1.16588	1.16745	0.000228203
953	1.17107	1.16745	0.000227995
954	1.16051	1.16744	0.000227872
955	1.17744	1.16745	0.000227874
956	1.1703	1.16746	0.000227655
957	1.16748	1.16746	0.000227417
958	1.16553	1.16745	0.000227189
959	1.15746	1.16744	0.000227191
960	1.18104	1.16746	0.000227395
961	1.16722	1.16746	0.000227159
962	1.15974	1.16745	0.000227064
963	1.17106	1.16745	0.00022686
964	1.16159	1.16745	0.000226706
965	1.18787	1.16747	0.000227457
966	1.16589	1.16747	0.000227227
967	1.15724	1.16746	0.000227238
968	1.17736	1.16747	0.000227234
969	1.17208	1.16747	0.000227049
970	1.16363	1.16747	0.00022685
971	1.17317	1.16747	0.000226692
972	1.16643	1.16747	0.000226462
973	1.17791	1.16748	0.000226483
974	1.14818	1.16746	0.000227115
975	1.17636	1.16747	0.000227065
976	1.16386	1.16747	0.000226863
977	1.16561	1.16747	0.000226639
978	1.16341	1.16746	0.000226445
979	1.1828	1.16748	0.000226755
980	1.15199	1.16746	0.000227073
981	1.17486	1.16747	0.000226967
982	1.16629	1.16747	0.000226739
983	1.1587	1.16746	0.000226684
984	1.16998	1.16746	0.000226468
985	1.16755	1.16746	0.000226238
986	1.1591	1.16745	0.000226167
987	1.17664	1.16746	0.00022613
988	1.16773	1.16746	0.000225901
989	1.14872	1.16744	0.000226466
990	1.18602	1.16746	0.000227013
991	1.16485	1.16746	0.000226799
992	1.1605	1.16745	0.000226679
993	1.16933	1.16745	0.000226459
994	1.17861	1.16747	0.000226509
995	1.16081	1.16746	0.00022638
996	1.16671	1.16746	0.000226154
997	1.16353	1.16745	0.000225961
998	1.16473	1.16745	0.000225752
999	1.17054	1.16745	0.000225547
1000	1.16868	1.16746	0.000225325
