BLOCK:	ACTUAL_PE:	PE_AVE:	ERROR:
1	-7.54008	-7.54008	0
2	-7.56296	-7.55152	0.00808871
3	-7.55751	-7.55352	0.00563375
4	-7.56637	-7.55673	0.00505903
5	-7.53958	-7.5533	0.00507852
6	-7.57039	-7.55615	0.00496697
7	-7.54027	-7.55388	0.00474695
8	-7.55877	-7.55449	0.00419278
9	-7.54589	-7.55353	0.00383433
10	-7.55698	-7.55388	0.00346636
11	-7.55361	-7.55385	0.00315132
12	-7.56262	-7.55458	0.00297213
13	-7.54936	-7.55418	0.00277053
14	-7.56699	-7.5551	0.00271954
15	-7.5499	-7.55475	0.00256025
16	-7.54945	-7.55442	0.00242161
17	-7.56775	-7.5552	0.00240272
18	-7.54376	-7.55457	0.00235182
19	-7.56092	-7.5549	0.00225165
20	-7.55066	-7.55469	0.00214902
21	-7.55583	-7.55474	0.00204737
22	-7.54982	-7.55452	0.0019665
23	-7.56429	-7.55495	0.0019263
24	-7.54352	-7.55447	0.00190392
25	-7.54694	-7.55417	0.00185141
26	-7.56624	-7.55463	0.0018375
27	-7.55224	-7.55454	0.00177158
28	-7.54933	-7.55436	0.00171805
29	-7.56059	-7.55457	0.00167218
30	-7.54418	-7.55423	0.00165195
31	-7.55967	-7.5544	0.00160798
32	-7.54863	-7.55422	0.00156779
33	-7.53665	-7.55369	0.00160819
34	-7.55777	-7.55381	0.00156536
35	-7.54999	-7.5537	0.00152442
36	-7.56107	-7.5539	0.00149575
37	-7.54508	-7.55367	0.00147422
38	-7.56046	-7.55384	0.00144621
39	-7.54773	-7.55369	0.00141761
40	-7.54481	-7.55347	0.00139943
41	-7.5493	-7.55336	0.00136897
42	-7.55764	-7.55347	0.00134016
43	-7.5616	-7.55366	0.00132227
44	-7.54223	-7.5534	0.00131748
45	-7.565	-7.55365	0.00131318
46	-7.54478	-7.55346	0.00129873
47	-7.55422	-7.55348	0.0012712
48	-7.55446	-7.5535	0.00124488
49	-7.55416	-7.55351	0.00121955
50	-7.54233	-7.55329	0.00121547
51	-7.55357	-7.55329	0.00119165
52	-7.56395	-7.5535	0.00118623
53	-7.55254	-7.55348	0.00116399
54	-7.54567	-7.55334	0.00115139
55	-7.5587	-7.55343	0.00113459
56	-7.5438	-7.55326	0.00112729
57	-7.55094	-7.55322	0.00110825
58	-7.54508	-7.55308	0.00109798
59	-7.55846	-7.55317	0.00108315
60	-7.54875	-7.5531	0.0010676
61	-7.55423	-7.55312	0.00105026
62	-7.54733	-7.55302	0.00103746
63	-7.54699	-7.55293	0.00102541
64	-7.54774	-7.55285	0.00101258
65	-7.55261	-7.55284	0.00099701
66	-7.55217	-7.55283	0.000981956
67	-7.55851	-7.55292	0.000970955
68	-7.5549	-7.55295	0.000957114
69	-7.54937	-7.55289	0.000944643
70	-7.54977	-7.55285	0.0009322
71	-7.56581	-7.55303	0.000936773
72	-7.55003	-7.55299	0.000924691
73	-7.55832	-7.55306	0.000914901
74	-7.55095	-7.55303	0.000902984
75	-7.54474	-7.55292	0.000897697
76	-7.5595	-7.55301	0.000890042
77	-7.54532	-7.55291	0.000884068
78	-7.55995	-7.553	0.000877324
79	-7.54585	-7.55291	0.000870875
80	-7.55623	-7.55295	0.000860976
81	-7.55305	-7.55295	0.000850347
82	-7.55949	-7.55303	0.000843703
83	-7.55008	-7.553	0.000834286
84	-7.55048	-7.55297	0.000824893
85	-7.54359	-7.55286	0.000822538
86	-7.57142	-7.55307	0.000840831
87	-7.54792	-7.55301	0.000833247
88	-7.54629	-7.55294	0.000827271
89	-7.54044	-7.5528	0.00082981
90	-7.5594	-7.55287	0.000823829
91	-7.54164	-7.55275	0.000823963
92	-7.5535	-7.55275	0.000815047
93	-7.54953	-7.55272	0.000807019
94	-7.5515	-7.55271	0.000798538
95	-7.54094	-7.55258	0.000799674
96	-7.55801	-7.55264	0.000793337
97	-7.54889	-7.5526	0.000786102
98	-7.54857	-7.55256	0.000779158
99	-7.55068	-7.55254	0.000771519
100	-7.55474	-7.55256	0.000764118
101	-7.54938	-7.55253	0.000757202
102	-7.54577	-7.55247	0.000752674
103	-7.55281	-7.55247	0.000745373
104	-7.55358	-7.55248	0.000738283
105	-7.54736	-7.55243	0.000732859
106	-7.55982	-7.5525	0.000729251
107	-7.5475	-7.55245	0.000723931
108	-7.55133	-7.55244	0.000717303
109	-7.5431	-7.55236	0.00071583
110	-7.5561	-7.55239	0.00071013
111	-7.55456	-7.55241	0.000704002
112	-7.54415	-7.55234	0.000701567
113	-7.57205	-7.55251	0.000716722
114	-7.54786	-7.55247	0.000711598
115	-7.55439	-7.55249	0.000705607
116	-7.55666	-7.55252	0.000700439
117	-7.55755	-7.55257	0.000695769
118	-7.54885	-7.55253	0.000690585
119	-7.55965	-7.55259	0.000687364
120	-7.55122	-7.55258	0.000681731
121	-7.55917	-7.55264	0.000678266
122	-7.54343	-7.55256	0.000676889
123	-7.55642	-7.55259	0.000672113
124	-7.5505	-7.55258	0.000666904
125	-7.54551	-7.55252	0.000663958
126	-7.55553	-7.55254	0.000659119
127	-7.54857	-7.55251	0.000654673
128	-7.55765	-7.55255	0.000650787
129	-7.55502	-7.55257	0.000646023
130	-7.55787	-7.55261	0.000642337
131	-7.54623	-7.55256	0.00063928
132	-7.55851	-7.55261	0.000636024
133	-7.5488	-7.55258	0.000631885
134	-7.54968	-7.55256	0.00062754
135	-7.56154	-7.55263	0.000626411
136	-7.55835	-7.55267	0.000623217
137	-7.54474	-7.55261	0.000621349
138	-7.56093	-7.55267	0.000619762
139	-7.54982	-7.55265	0.000615641
140	-7.55333	-7.55265	0.000611263
141	-7.55263	-7.55265	0.000606928
142	-7.54722	-7.55262	0.000603861
143	-7.56311	-7.55269	0.000604083
144	-7.54263	-7.55262	0.000603917
145	-7.56054	-7.55267	0.00060222
146	-7.54557	-7.55263	0.00060006
147	-7.54868	-7.5526	0.000596578
148	-7.56254	-7.55267	0.000596314
149	-7.55316	-7.55267	0.000592321
150	-7.53688	-7.55256	0.000597647
151	-7.56282	-7.55263	0.000597533
152	-7.55171	-7.55263	0.000593633
153	-7.54266	-7.55256	0.000593315
154	-7.55848	-7.5526	0.000590705
155	-7.55389	-7.55261	0.000586953
156	-7.55841	-7.55264	0.00058437
157	-7.54292	-7.55258	0.000583921
158	-7.55067	-7.55257	0.000580351
159	-7.55453	-7.55258	0.000576831
160	-7.54874	-7.55256	0.000573727
161	-7.5478	-7.55253	0.000570924
162	-7.53872	-7.55244	0.000573731
163	-7.56236	-7.5525	0.000573431
164	-7.55681	-7.55253	0.000570535
165	-7.53187	-7.55241	0.000580661
166	-7.54773	-7.55238	0.000577845
167	-7.55411	-7.55239	0.000574477
168	-7.55285	-7.55239	0.000571064
169	-7.55127	-7.55238	0.000567723
170	-7.54617	-7.55235	0.000565558
171	-7.55591	-7.55237	0.000562634
172	-7.55621	-7.55239	0.000559806
173	-7.55727	-7.55242	0.00055728
174	-7.54601	-7.55238	0.000555294
175	-7.55846	-7.55242	0.000553208
176	-7.54332	-7.55237	0.000552472
177	-7.54392	-7.55232	0.00055141
178	-7.55371	-7.55233	0.000548367
179	-7.55778	-7.55236	0.000546151
180	-7.53808	-7.55228	0.000548845
181	-7.55848	-7.55231	0.000546883
182	-7.55194	-7.55231	0.000543882
183	-7.55667	-7.55233	0.000541431
184	-7.55889	-7.55237	0.00053966
185	-7.55321	-7.55237	0.000536763
186	-7.5478	-7.55235	0.000534439
187	-7.55096	-7.55234	0.000531633
188	-7.56024	-7.55238	0.000530461
189	-7.53354	-7.55228	0.000536944
190	-7.54831	-7.55226	0.000534525
191	-7.5586	-7.5523	0.000532756
192	-7.55384	-7.5523	0.000530043
193	-7.54482	-7.55226	0.000528714
194	-7.55886	-7.5523	0.00052708
195	-7.55202	-7.5523	0.000524379
196	-7.56112	-7.55234	0.000523632
197	-7.54563	-7.55231	0.000522081
198	-7.55478	-7.55232	0.000519593
199	-7.55333	-7.55233	0.000517007
200	-7.53755	-7.55225	0.000519672
201	-7.55315	-7.55226	0.000517106
202	-7.56369	-7.55231	0.000517637
203	-7.54652	-7.55228	0.000515874
204	-7.55066	-7.55228	0.000513407
205	-7.5535	-7.55228	0.000510937
206	-7.54776	-7.55226	0.000508928
207	-7.56279	-7.55231	0.000509006
208	-7.54741	-7.55229	0.000507104
209	-7.56038	-7.55233	0.000506156
210	-7.55503	-7.55234	0.000503909
211	-7.54644	-7.55231	0.000502297
212	-7.56042	-7.55235	0.000501381
213	-7.55611	-7.55237	0.000499338
214	-7.55225	-7.55237	0.000497005
215	-7.55445	-7.55238	0.000494788
216	-7.55385	-7.55238	0.000492544
217	-7.54977	-7.55237	0.000490421
218	-7.54855	-7.55235	0.000488485
219	-7.55825	-7.55238	0.000486997
220	-7.54803	-7.55236	0.000485185
221	-7.54891	-7.55235	0.000483241
222	-7.55962	-7.55238	0.000482172
223	-7.55277	-7.55238	0.000480013
224	-7.55507	-7.55239	0.00047802
225	-7.55022	-7.55238	0.000475993
226	-7.55888	-7.55241	0.000474754
227	-7.5448	-7.55238	0.000473846
228	-7.54465	-7.55234	0.000472979
229	-7.54686	-7.55232	0.00047152
230	-7.56245	-7.55236	0.000471523
231	-7.54413	-7.55233	0.000470827
232	-7.55165	-7.55232	0.000468807
233	-7.54984	-7.55231	0.000466916
234	-7.55548	-7.55233	0.000465117
235	-7.55792	-7.55235	0.000463746
236	-7.54765	-7.55233	0.000462208
237	-7.55686	-7.55235	0.000460653
238	-7.54801	-7.55233	0.000459078
239	-7.56216	-7.55237	0.000458994
240	-7.55812	-7.5524	0.000457707
241	-7.55005	-7.55239	0.000455911
242	-7.54802	-7.55237	0.000454385
243	-7.55297	-7.55237	0.000452522
244	-7.55325	-7.55238	0.000450681
245	-7.55968	-7.55241	0.000449828
246	-7.54934	-7.55239	0.000448171
247	-7.54971	-7.55238	0.000446489
248	-7.55392	-7.55239	0.000444731
249	-7.54955	-7.55238	0.000443091
250	-7.54279	-7.55234	0.000442975
251	-7.53749	-7.55228	0.000445145
252	-7.55817	-7.5523	0.000443991
253	-7.54536	-7.55228	0.000443084
254	-7.55529	-7.55229	0.000441499
255	-7.55403	-7.55229	0.00043982
256	-7.5441	-7.55226	0.000439264
257	-7.55585	-7.55228	0.000437776
258	-7.54567	-7.55225	0.000436828
259	-7.56149	-7.55229	0.000436597
260	-7.54812	-7.55227	0.000435211
261	-7.55815	-7.55229	0.000434127
262	-7.55062	-7.55229	0.000432517
263	-7.54899	-7.55227	0.000431054
264	-7.55766	-7.55229	0.000429904
265	-7.54914	-7.55228	0.000428446
266	-7.55997	-7.55231	0.00042781
267	-7.54607	-7.55229	0.000426845
268	-7.56141	-7.55232	0.000426608
269	-7.54595	-7.5523	0.000425679
270	-7.54663	-7.55228	0.000424621
271	-7.55359	-7.55228	0.000423081
272	-7.56362	-7.55232	0.000423576
273	-7.53919	-7.55228	0.000424746
274	-7.55651	-7.55229	0.000423477
275	-7.54848	-7.55228	0.000422164
276	-7.55399	-7.55228	0.00042068
277	-7.5465	-7.55226	0.000419679
278	-7.56093	-7.55229	0.000419326
279	-7.54206	-7.55226	0.000419425
280	-7.56001	-7.55228	0.00041884
281	-7.54428	-7.55226	0.000418319
282	-7.57694	-7.55234	0.000425897
283	-7.53086	-7.55227	0.000431106
284	-7.55914	-7.55229	0.000430266
285	-7.55732	-7.55231	0.000429118
286	-7.55125	-7.55231	0.000427633
287	-7.56005	-7.55233	0.000426994
288	-7.5395	-7.55229	0.000427831
289	-7.55701	-7.5523	0.000426662
290	-7.55176	-7.5523	0.000425195
291	-7.55506	-7.55231	0.000423839
292	-7.54972	-7.5523	0.00042248
293	-7.54992	-7.5523	0.000421117
294	-7.56087	-7.55232	0.000420693
295	-7.53947	-7.55228	0.000421519
296	-7.55278	-7.55228	0.000420098
297	-7.55391	-7.55229	0.000418719
298	-7.54568	-7.55227	0.0004179
299	-7.55409	-7.55227	0.000416547
300	-7.55108	-7.55227	0.000415177
301	-7.54781	-7.55225	0.000414062
302	-7.56131	-7.55228	0.000413775
303	-7.53253	-7.55222	0.000417512
304	-7.56138	-7.55225	0.000417225
305	-7.54044	-7.55221	0.00041765
306	-7.55361	-7.55221	0.00041631
307	-7.5388	-7.55217	0.000417242
308	-7.55764	-7.55219	0.000416265
309	-7.54349	-7.55216	0.000415869
310	-7.55729	-7.55218	0.000414856
311	-7.55323	-7.55218	0.000413536
312	-7.54508	-7.55216	0.000412836
313	-7.55554	-7.55217	0.000411658
314	-7.55114	-7.55216	0.00041036
315	-7.5476	-7.55215	0.000409314
316	-7.54736	-7.55213	0.000408298
317	-7.5629	-7.55217	0.000408421
318	-7.53706	-7.55212	0.000409891
319	-7.56336	-7.55216	0.000410119
320	-7.5462	-7.55214	0.000409259
321	-7.54857	-7.55213	0.000408135
322	-7.54734	-7.55211	0.000407139
323	-7.54987	-7.55211	0.000405937
324	-7.55072	-7.5521	0.000404707
325	-7.54309	-7.55207	0.00040441
326	-7.5485	-7.55206	0.000403318
327	-7.54338	-7.55204	0.000402958
328	-7.55554	-7.55205	0.00040187
329	-7.55473	-7.55205	0.000400732
330	-7.55381	-7.55206	0.000399552
331	-7.55354	-7.55206	0.00039837
332	-7.56325	-7.5521	0.000398592
333	-7.53921	-7.55206	0.00039927
334	-7.56262	-7.55209	0.000399324
335	-7.54795	-7.55208	0.000398323
336	-7.55389	-7.55208	0.000397174
337	-7.55778	-7.5521	0.000396355
338	-7.55395	-7.55211	0.00039522
339	-7.56203	-7.55214	0.000395138
340	-7.53891	-7.5521	0.000395886
341	-7.55649	-7.55211	0.000394935
342	-7.54874	-7.5521	0.000393903
343	-7.55478	-7.55211	0.000392832
344	-7.56124	-7.55213	0.000392587
345	-7.54457	-7.55211	0.000392061
346	-7.54997	-7.55211	0.000390976
347	-7.56625	-7.55215	0.000391967
348	-7.55156	-7.55214	0.000390845
349	-7.54559	-7.55213	0.000390176
350	-7.55034	-7.55212	0.000389094
351	-7.56757	-7.55217	0.000390468
352	-7.55087	-7.55216	0.000389376
353	-7.54493	-7.55214	0.000388811
354	-7.54583	-7.55212	0.000388122
355	-7.55617	-7.55213	0.000387196
356	-7.5573	-7.55215	0.000386381
357	-7.55464	-7.55216	0.000385361
358	-7.54058	-7.55212	0.000385639
359	-7.5507	-7.55212	0.000384585
360	-7.55767	-7.55214	0.000383825
361	-7.53865	-7.5521	0.000384575
362	-7.56081	-7.55212	0.000384264
363	-7.54818	-7.55211	0.000383359
364	-7.5591	-7.55213	0.000382787
365	-7.54269	-7.5521	0.000382611
366	-7.55128	-7.5521	0.000381572
367	-7.55976	-7.55212	0.000381102
368	-7.55441	-7.55213	0.000380117
369	-7.54652	-7.55211	0.000379391
370	-7.54538	-7.5521	0.000378802
371	-7.55186	-7.5521	0.000377782
372	-7.55553	-7.5521	0.000376879
373	-7.54739	-7.55209	0.000376081
374	-7.5546	-7.5521	0.000375135
375	-7.55312	-7.5521	0.000374144
376	-7.55524	-7.55211	0.000373243
377	-7.55183	-7.55211	0.000372253
378	-7.5499	-7.5521	0.000371314
379	-7.54144	-7.55207	0.000371399
380	-7.55357	-7.55208	0.000370442
381	-7.5563	-7.55209	0.000369636
382	-7.54067	-7.55206	0.000369875
383	-7.54709	-7.55205	0.000369137
384	-7.54386	-7.55203	0.000368791
385	-7.56309	-7.55205	0.000368951
386	-7.54218	-7.55203	0.000368881
387	-7.55673	-7.55204	0.000368128
388	-7.54517	-7.55202	0.000367604
389	-7.55224	-7.55202	0.00036666
390	-7.55528	-7.55203	0.000365814
391	-7.55053	-7.55203	0.000364899
392	-7.54478	-7.55201	0.000364437
393	-7.55833	-7.55203	0.000363864
394	-7.55806	-7.55204	0.000363263
395	-7.54421	-7.55202	0.000362884
396	-7.55457	-7.55203	0.000362024
397	-7.55465	-7.55203	0.000361172
398	-7.54887	-7.55203	0.000360352
399	-7.5473	-7.55201	0.000359644
400	-7.55664	-7.55203	0.00035893
401	-7.55861	-7.55204	0.000358411
402	-7.55179	-7.55204	0.000357519
403	-7.55747	-7.55206	0.000356886
404	-7.53839	-7.55202	0.000357601
405	-7.55552	-7.55203	0.000356822
406	-7.55758	-7.55204	0.000356205
407	-7.54641	-7.55203	0.000355598
408	-7.55251	-7.55203	0.000354729
409	-7.54807	-7.55202	0.000353993
410	-7.54863	-7.55201	0.000353226
411	-7.55556	-7.55202	0.000352472
412	-7.54219	-7.552	0.000352423
413	-7.55715	-7.55201	0.00035179
414	-7.55698	-7.55202	0.000351145
415	-7.5534	-7.55203	0.000350315
416	-7.54552	-7.55201	0.000349821
417	-7.5555	-7.55202	0.000349082
418	-7.55285	-7.55202	0.000348253
419	-7.55349	-7.55202	0.000347439
420	-7.55185	-7.55202	0.000346612
421	-7.55448	-7.55203	0.000345838
422	-7.55153	-7.55203	0.000345021
423	-7.55768	-7.55204	0.000344464
424	-7.56163	-7.55206	0.000344392
425	-7.54919	-7.55206	0.000343648
426	-7.53834	-7.55203	0.000344347
427	-7.56231	-7.55205	0.000344382
428	-7.5435	-7.55203	0.000344156
429	-7.56272	-7.55205	0.000344256
430	-7.55571	-7.55206	0.00034356
431	-7.55698	-7.55207	0.000342952
432	-7.55783	-7.55209	0.000342417
433	-7.53264	-7.55204	0.000344561
434	-7.56556	-7.55207	0.000345172
435	-7.55432	-7.55208	0.000344417
436	-7.56389	-7.55211	0.00034469
437	-7.53201	-7.55206	0.000346956
438	-7.55065	-7.55206	0.000346178
439	-7.55491	-7.55206	0.000345451
440	-7.54767	-7.55205	0.00034481
441	-7.54093	-7.55203	0.000344949
442	-7.56013	-7.55205	0.000344654
443	-7.53103	-7.552	0.000347127
444	-7.55703	-7.55201	0.00034653
445	-7.54371	-7.55199	0.000346253
446	-7.56018	-7.55201	0.000345963
447	-7.55187	-7.55201	0.00034519
448	-7.5487	-7.552	0.000344498
449	-7.55558	-7.55201	0.000343823
450	-7.54356	-7.55199	0.000343571
451	-7.54684	-7.55198	0.000342999
452	-7.56077	-7.552	0.000342791
453	-7.55833	-7.55201	0.00034232
454	-7.54934	-7.55201	0.000341616
455	-7.5406	-7.55198	0.000341784
456	-7.56561	-7.55201	0.000342339
457	-7.54175	-7.55199	0.000342325
458	-7.55582	-7.552	0.00034168
459	-7.56669	-7.55203	0.000342431
460	-7.54755	-7.55202	0.000341825
461	-7.53749	-7.55199	0.000342533
462	-7.56291	-7.55201	0.000342606
463	-7.54353	-7.55199	0.000342356
464	-7.55338	-7.552	0.000341631
465	-7.55948	-7.55201	0.000341276
466	-7.54429	-7.552	0.000340946
467	-7.56242	-7.55202	0.000340945
468	-7.54352	-7.552	0.0003407
469	-7.5532	-7.552	0.000339983
470	-7.54886	-7.552	0.000339326
471	-7.55151	-7.552	0.000338607
472	-7.54045	-7.55197	0.000338772
473	-7.54463	-7.55196	0.000338411
474	-7.56593	-7.55199	0.000338979
475	-7.56015	-7.552	0.000338701
476	-7.5541	-7.55201	0.000338018
477	-7.53522	-7.55197	0.000339137
478	-7.5577	-7.55198	0.000338639
479	-7.54952	-7.55198	0.000337972
480	-7.5396	-7.55195	0.000338249
481	-7.56319	-7.55198	0.000338352
482	-7.54731	-7.55197	0.000337789
483	-7.55741	-7.55198	0.000337278
484	-7.5478	-7.55197	0.000336691
485	-7.55244	-7.55197	0.000335998
486	-7.54345	-7.55195	0.000335764
487	-7.55049	-7.55195	0.000335088
488	-7.55622	-7.55196	0.000334515
489	-7.56132	-7.55198	0.000334378
490	-7.54383	-7.55196	0.000334108
491	-7.5595	-7.55198	0.000333781
492	-7.55457	-7.55198	0.000333144
493	-7.5553	-7.55199	0.000332536
494	-7.53912	-7.55196	0.000332882
495	-7.55803	-7.55197	0.000332435
496	-7.55482	-7.55198	0.000331815
497	-7.54462	-7.55197	0.000331478
498	-7.55336	-7.55197	0.000330824
499	-7.55157	-7.55197	0.000330162
500	-7.55204	-7.55197	0.000329502
501	-7.55638	-7.55198	0.000328962
502	-7.54178	-7.55196	0.000328933
503	-7.55055	-7.55195	0.000328291
504	-7.54542	-7.55194	0.000327896
505	-7.56045	-7.55196	0.00032768
506	-7.55111	-7.55196	0.000327037
507	-7.55584	-7.55196	0.000326481
508	-7.54056	-7.55194	0.000326609
509	-7.55776	-7.55195	0.000326167
510	-7.56165	-7.55197	0.000326082
511	-7.53857	-7.55194	0.000326497
512	-7.55452	-7.55195	0.000325898
513	-7.56208	-7.55197	0.000325861
514	-7.54667	-7.55196	0.00032539
515	-7.55227	-7.55196	0.000324759
516	-7.55623	-7.55197	0.000324235
517	-7.54755	-7.55196	0.000323721
518	-7.56201	-7.55198	0.000323677
519	-7.54209	-7.55196	0.000323613
520	-7.55853	-7.55197	0.000323238
521	-7.54742	-7.55196	0.000322735
522	-7.54759	-7.55196	0.000322226
523	-7.54907	-7.55195	0.000321657
524	-7.55563	-7.55196	0.00032112
525	-7.54674	-7.55195	0.000320661
526	-7.56074	-7.55196	0.000320487
527	-7.54167	-7.55194	0.000320474
528	-7.55966	-7.55196	0.000320199
529	-7.53604	-7.55193	0.000321004
530	-7.56137	-7.55195	0.000320893
531	-7.54746	-7.55194	0.000320399
532	-7.54703	-7.55193	0.00031993
533	-7.56599	-7.55196	0.000320416
534	-7.54631	-7.55194	0.000319991
535	-7.55661	-7.55195	0.000319511
536	-7.55539	-7.55196	0.000318979
537	-7.54764	-7.55195	0.000318487
538	-7.56056	-7.55197	0.000318296
539	-7.5479	-7.55196	0.000317795
540	-7.55649	-7.55197	0.000317317
541	-7.54913	-7.55196	0.000316774
542	-7.55139	-7.55196	0.000316191
543	-7.55466	-7.55197	0.000315648
544	-7.55418	-7.55197	0.000315094
545	-7.54834	-7.55196	0.000314586
546	-7.55056	-7.55196	0.00031402
547	-7.54523	-7.55195	0.000313688
548	-7.56629	-7.55198	0.000314205
549	-7.54488	-7.55196	0.000313898
550	-7.55595	-7.55197	0.000313411
551	-7.54103	-7.55195	0.000313471
552	-7.55409	-7.55195	0.000312927
553	-7.55756	-7.55196	0.000312525
554	-7.56456	-7.55199	0.000312787
555	-7.56744	-7.55202	0.000313461
556	-7.53955	-7.55199	0.000313698
557	-7.55363	-7.552	0.000313149
558	-7.55431	-7.552	0.000312615
559	-7.54991	-7.552	0.000312078
560	-7.55676	-7.552	0.000311637
561	-7.55593	-7.55201	0.00031116
562	-7.55536	-7.55202	0.000310663
563	-7.55543	-7.55202	0.00031017
564	-7.54822	-7.55202	0.000309694
565	-7.55122	-7.55202	0.000309149
566	-7.55465	-7.55202	0.000308638
567	-7.55352	-7.55202	0.000308105
568	-7.54612	-7.55201	0.000307738
569	-7.557	-7.55202	0.000307322
570	-7.54955	-7.55202	0.000306813
571	-7.55912	-7.55203	0.000306528
572	-7.55643	-7.55204	0.000306088
573	-7.55305	-7.55204	0.000305559
574	-7.55096	-7.55204	0.000305033
575	-7.55921	-7.55205	0.000304757
576	-7.54294	-7.55203	0.000304638
577	-7.55492	-7.55204	0.000304151
578	-7.55706	-7.55205	0.000303749
579	-7.53907	-7.55202	0.00030405
580	-7.55463	-7.55203	0.000303559
581	-7.55541	-7.55203	0.000303092
582	-7.55965	-7.55205	0.000302853
583	-7.55648	-7.55206	0.000302429
584	-7.5606	-7.55207	0.000302264
585	-7.54627	-7.55206	0.00030191
586	-7.55794	-7.55207	0.000301561
587	-7.54825	-7.55206	0.000301118
588	-7.55903	-7.55208	0.000300839
589	-7.55381	-7.55208	0.000300342
590	-7.55419	-7.55208	0.000299854
591	-7.55596	-7.55209	0.000299419
592	-7.5483	-7.55208	0.000298981
593	-7.56195	-7.5521	0.00029894
594	-7.54169	-7.55208	0.000298949
595	-7.55097	-7.55208	0.000298452
596	-7.55617	-7.55209	0.000298031
597	-7.55953	-7.5521	0.000297792
598	-7.54398	-7.55209	0.000297604
599	-7.54802	-7.55208	0.000297184
600	-7.55839	-7.55209	0.000296875
601	-7.55679	-7.5521	0.000296484
602	-7.55272	-7.5521	0.000295994
603	-7.55155	-7.5521	0.000295504
604	-7.55626	-7.5521	0.000295095
605	-7.55882	-7.55212	0.000294816
606	-7.54398	-7.5521	0.000294635
607	-7.5545	-7.55211	0.000294177
608	-7.55393	-7.55211	0.000293708
609	-7.55351	-7.55211	0.000293235
610	-7.55688	-7.55212	0.000292858
611	-7.53654	-7.55209	0.000293487
612	-7.55458	-7.5521	0.000293036
613	-7.5497	-7.55209	0.000292584
614	-7.55091	-7.55209	0.000292114
615	-7.56364	-7.55211	0.000292242
616	-7.54264	-7.55209	0.000292172
617	-7.55061	-7.55209	0.000291708
618	-7.5556	-7.5521	0.000291291
619	-7.5471	-7.55209	0.000290933
620	-7.55258	-7.55209	0.000290465
621	-7.55695	-7.5521	0.000290102
622	-7.54867	-7.55209	0.000289689
623	-7.5615	-7.55211	0.000289617
624	-7.54428	-7.5521	0.000289424
625	-7.55432	-7.5521	0.000288983
626	-7.54713	-7.55209	0.000288631
627	-7.55626	-7.5521	0.000288247
628	-7.54333	-7.55208	0.000288126
629	-7.55499	-7.55209	0.000287705
630	-7.5514	-7.55209	0.00028725
631	-7.54453	-7.55208	0.000287044
632	-7.55556	-7.55208	0.000286643
633	-7.55945	-7.55209	0.000286427
634	-7.5562	-7.5521	0.000286048
635	-7.55973	-7.55211	0.00028585
636	-7.55297	-7.55211	0.000285403
637	-7.54962	-7.55211	0.000284982
638	-7.55753	-7.55212	0.000284662
639	-7.55213	-7.55212	0.000284217
640	-7.55071	-7.55211	0.000283781
641	-7.55679	-7.55212	0.000283432
642	-7.54923	-7.55212	0.000283026
643	-7.55644	-7.55212	0.000282666
644	-7.56512	-7.55214	0.000282947
645	-7.556	-7.55215	0.000282571
646	-7.55052	-7.55215	0.000282145
647	-7.55915	-7.55216	0.000281916
648	-7.54574	-7.55215	0.000281655
649	-7.55738	-7.55216	0.000281336
650	-7.53674	-7.55213	0.000281901
651	-7.57055	-7.55216	0.000282884
652	-7.53017	-7.55213	0.000284454
653	-7.54715	-7.55212	0.00028412
654	-7.55451	-7.55212	0.00028371
655	-7.55965	-7.55214	0.000283509
656	-7.5447	-7.55212	0.000283303
657	-7.56022	-7.55214	0.00028314
658	-7.54359	-7.55212	0.000283008
659	-7.55043	-7.55212	0.00028259
660	-7.55787	-7.55213	0.000282296
661	-7.53648	-7.55211	0.00028286
662	-7.55094	-7.5521	0.000282438
663	-7.55607	-7.55211	0.000282076
664	-7.55224	-7.55211	0.000281651
665	-7.54433	-7.5521	0.00028147
666	-7.56465	-7.55212	0.000281678
667	-7.54407	-7.55211	0.000281514
668	-7.55817	-7.55211	0.000281239
669	-7.54062	-7.5521	0.000281343
670	-7.5546	-7.5521	0.000280948
671	-7.55281	-7.5521	0.000280531
672	-7.56597	-7.55212	0.000280872
673	-7.54304	-7.55211	0.000280779
674	-7.55193	-7.55211	0.000280362
675	-7.55072	-7.55211	0.000279954
676	-7.55917	-7.55212	0.000279735
677	-7.55061	-7.55212	0.00027933
678	-7.55665	-7.55212	0.000278999
679	-7.5453	-7.55211	0.000278769
680	-7.54987	-7.55211	0.000278378
681	-7.55157	-7.55211	0.00027797
682	-7.55674	-7.55211	0.000277646
683	-7.5427	-7.5521	0.000277581
684	-7.54505	-7.55209	0.000277367
685	-7.559	-7.5521	0.000277145
686	-7.55073	-7.5521	0.000276749
687	-7.55255	-7.5521	0.000276346
688	-7.55325	-7.5521	0.00027595
689	-7.55786	-7.55211	0.000275676
690	-7.54369	-7.5521	0.000275546
691	-7.55719	-7.5521	0.000275246
692	-7.54092	-7.55209	0.000275322
693	-7.55053	-7.55209	0.000274934
694	-7.56248	-7.5521	0.000274945
695	-7.54504	-7.55209	0.000274737
696	-7.55413	-7.55209	0.000274358
697	-7.54947	-7.55209	0.00027399
698	-7.54135	-7.55207	0.000274029
699	-7.55336	-7.55208	0.000273643
700	-7.55513	-7.55208	0.000273287
701	-7.55169	-7.55208	0.000272898
702	-7.56216	-7.55209	0.000272886
703	-7.54126	-7.55208	0.000272933
704	-7.55266	-7.55208	0.000272546
705	-7.56043	-7.55209	0.000272417
706	-7.53876	-7.55207	0.000272685
707	-7.56172	-7.55209	0.00027264
708	-7.5511	-7.55209	0.000272258
709	-7.55996	-7.5521	0.000272101
710	-7.54223	-7.55208	0.000272072
711	-7.56214	-7.5521	0.000272057
712	-7.54459	-7.55209	0.000271879
713	-7.55163	-7.55209	0.000271499
714	-7.55115	-7.55208	0.000271122
715	-7.54932	-7.55208	0.00027077
716	-7.55966	-7.55209	0.000270599
717	-7.55392	-7.55209	0.000270233
718	-7.55166	-7.55209	0.000269857
719	-7.55964	-7.5521	0.000269686
720	-7.54083	-7.55209	0.000269766
721	-7.56386	-7.5521	0.000269885
722	-7.55535	-7.55211	0.000269549
723	-7.55657	-7.55211	0.000269247
724	-7.54953	-7.55211	0.000268899
725	-7.54621	-7.5521	0.000268651
726	-7.56518	-7.55212	0.000268884
727	-7.54254	-7.55211	0.000268836
728	-7.56309	-7.55212	0.00026889
729	-7.54052	-7.55211	0.000268992
730	-7.55004	-7.5521	0.000268638
731	-7.56291	-7.55212	0.000268677
732	-7.54149	-7.5521	0.000268702
733	-7.54411	-7.55209	0.000268557
734	-7.57201	-7.55212	0.000269558
735	-7.54595	-7.55211	0.000269322
736	-7.55718	-7.55212	0.000269044
737	-7.54884	-7.55211	0.000268716
738	-7.55591	-7.55212	0.000268401
739	-7.55691	-7.55213	0.000268116
740	-7.55892	-7.55214	0.000267911
741	-7.56242	-7.55215	0.000267909
742	-7.54449	-7.55214	0.000267746
743	-7.56529	-7.55216	0.00026797
744	-7.5488	-7.55215	0.000267648
745	-7.55048	-7.55215	0.000267298
746	-7.55328	-7.55215	0.000266944
747	-7.5552	-7.55216	0.000266618
748	-7.55534	-7.55216	0.000266295
749	-7.54801	-7.55215	0.000265997
750	-7.55664	-7.55216	0.00026571
751	-7.55321	-7.55216	0.00026536
752	-7.5528	-7.55216	0.000265008
753	-7.54755	-7.55216	0.000264727
754	-7.55594	-7.55216	0.000264424
755	-7.55683	-7.55217	0.000264146
756	-7.54881	-7.55216	0.000263834
757	-7.54925	-7.55216	0.000263513
758	-7.56663	-7.55218	0.000263857
759	-7.55515	-7.55218	0.000263538
760	-7.5531	-7.55218	0.000263194
761	-7.56276	-7.5522	0.000263215
762	-7.55514	-7.5522	0.000262898
763	-7.54968	-7.5522	0.000262574
764	-7.54097	-7.55218	0.000262642
765	-7.55759	-7.55219	0.000262393
766	-7.56394	-7.55221	0.000262499
767	-7.54844	-7.5522	0.000262203
768	-7.5397	-7.55218	0.000262366
769	-7.55213	-7.55218	0.000262025
770	-7.54332	-7.55217	0.000261937
771	-7.55207	-7.55217	0.000261597
772	-7.55639	-7.55218	0.000261315
773	-7.54254	-7.55217	0.000261274
774	-7.55701	-7.55217	0.000261012
775	-7.55385	-7.55217	0.000260684
776	-7.55358	-7.55218	0.000260354
777	-7.5608	-7.55219	0.000260256
778	-7.5561	-7.55219	0.00025997
779	-7.54877	-7.55219	0.000259673
780	-7.55331	-7.55219	0.000259345
781	-7.55516	-7.55219	0.00025904
782	-7.55212	-7.55219	0.000258709
783	-7.55398	-7.5522	0.000258389
784	-7.55837	-7.5522	0.000258179
785	-7.55678	-7.55221	0.000257916
786	-7.54969	-7.55221	0.000257608
787	-7.54683	-7.5522	0.000257371
788	-7.55131	-7.5522	0.000257047
789	-7.54107	-7.55218	0.000257107
790	-7.56007	-7.55219	0.000256976
791	-7.55754	-7.5522	0.00025674
792	-7.55752	-7.55221	0.000256503
793	-7.54626	-7.5522	0.00025629
794	-7.56306	-7.55221	0.000256332
795	-7.54817	-7.55221	0.00025606
796	-7.56339	-7.55222	0.000256123
797	-7.55707	-7.55223	0.000255874
798	-7.5566	-7.55223	0.000255612
799	-7.54955	-7.55223	0.000255314
800	-7.55239	-7.55223	0.000254995
801	-7.56172	-7.55224	0.000254952
802	-7.54999	-7.55224	0.000254649
803	-7.54902	-7.55224	0.000254364
804	-7.56064	-7.55225	0.000254262
805	-7.55206	-7.55225	0.000253947
806	-7.55829	-7.55225	0.000253742
807	-7.53825	-7.55224	0.00025402
808	-7.56566	-7.55225	0.000254249
809	-7.54217	-7.55224	0.000254239
810	-7.55899	-7.55225	0.000254062
811	-7.54386	-7.55224	0.000253959
812	-7.557	-7.55224	0.000253714
813	-7.54541	-7.55224	0.000253542
814	-7.56073	-7.55225	0.000253445
815	-7.55469	-7.55225	0.000253152
816	-7.55698	-7.55225	0.000252908
817	-7.54601	-7.55225	0.000252714
818	-7.56398	-7.55226	0.000252812
819	-7.53274	-7.55224	0.000253624
820	-7.55708	-7.55224	0.000253383
821	-7.54989	-7.55224	0.000253091
822	-7.55531	-7.55224	0.00025281
823	-7.55615	-7.55225	0.000252548
824	-7.55048	-7.55225	0.000252251
825	-7.56009	-7.55226	0.000252124
826	-7.54282	-7.55225	0.000252078
827	-7.55268	-7.55225	0.000251773
828	-7.55709	-7.55225	0.000251537
829	-7.5481	-7.55225	0.000251284
830	-7.55724	-7.55225	0.000251053
831	-7.54785	-7.55225	0.000250807
832	-7.53717	-7.55223	0.000251159
833	-7.55928	-7.55224	0.000251
834	-7.5477	-7.55223	0.000250758
835	-7.54903	-7.55223	0.000250487
836	-7.549	-7.55222	0.000250218
837	-7.56267	-7.55224	0.000250229
838	-7.54359	-7.55223	0.000250144
839	-7.54997	-7.55222	0.00024986
840	-7.56753	-7.55224	0.000250226
841	-7.54609	-7.55223	0.000250036
842	-7.55459	-7.55224	0.000249754
843	-7.55923	-7.55225	0.000249596
844	-7.55337	-7.55225	0.000249303
845	-7.54256	-7.55224	0.000249272
846	-7.56685	-7.55225	0.000249575
847	-7.54956	-7.55225	0.000249301
848	-7.54628	-7.55224	0.000249106
849	-7.55701	-7.55225	0.000248876
850	-7.55242	-7.55225	0.000248583
851	-7.54436	-7.55224	0.000248464
852	-7.55184	-7.55224	0.000248173
853	-7.54843	-7.55223	0.000247922
854	-7.54964	-7.55223	0.00024765
855	-7.55545	-7.55224	0.000247389
856	-7.55031	-7.55223	0.000247111
857	-7.56126	-7.55224	0.000247047
858	-7.5436	-7.55223	0.000246964
859	-7.55647	-7.55224	0.000246726
860	-7.56503	-7.55225	0.000246886
861	-7.55082	-7.55225	0.000246605
862	-7.55209	-7.55225	0.000246319
863	-7.54777	-7.55225	0.000246089
864	-7.56821	-7.55226	0.000246496
865	-7.54735	-7.55226	0.000246277
866	-7.55103	-7.55226	0.000245996
867	-7.56081	-7.55227	0.00024591
868	-7.55291	-7.55227	0.000245628
869	-7.55582	-7.55227	0.000245379
870	-7.54814	-7.55227	0.000245143
871	-7.55945	-7.55228	0.000245
872	-7.54503	-7.55227	0.00024486
873	-7.54267	-7.55226	0.000244826
874	-7.55188	-7.55226	0.000244547
875	-7.55173	-7.55226	0.000244268
876	-7.55758	-7.55226	0.000244065
877	-7.54304	-7.55225	0.000244013
878	-7.56494	-7.55227	0.000244163
879	-7.54602	-7.55226	0.000243989
880	-7.5566	-7.55226	0.000243761
881	-7.55464	-7.55227	0.0002435
882	-7.55136	-7.55226	0.000243226
883	-7.54172	-7.55225	0.000243243
884	-7.56244	-7.55226	0.000243241
885	-7.55165	-7.55226	0.000242967
886	-7.54755	-7.55226	0.000242751
887	-7.55678	-7.55226	0.000242531
888	-7.54907	-7.55226	0.000242284
889	-7.54119	-7.55225	0.000242332
890	-7.55857	-7.55225	0.000242164
891	-7.54346	-7.55224	0.000242093
892	-7.56341	-7.55226	0.000242145
893	-7.54539	-7.55225	0.000241996
894	-7.54998	-7.55225	0.000241739
895	-7.53991	-7.55223	0.000241861
896	-7.55584	-7.55224	0.000241624
897	-7.55453	-7.55224	0.000241369
898	-7.55573	-7.55224	0.000241131
899	-7.55239	-7.55224	0.000240863
900	-7.5492	-7.55224	0.000240619
901	-7.55452	-7.55224	0.000240365
902	-7.55012	-7.55224	0.00024011
903	-7.54507	-7.55223	0.000239976
904	-7.55865	-7.55224	0.000239815
905	-7.55225	-7.55224	0.00023955
906	-7.54125	-7.55223	0.000239593
907	-7.55731	-7.55223	0.000239394
908	-7.54167	-7.55222	0.000239413
909	-7.55807	-7.55223	0.000239237
910	-7.54079	-7.55222	0.000239304
911	-7.55844	-7.55222	0.000239138
912	-7.55696	-7.55223	0.000238932
913	-7.54064	-7.55221	0.000239007
914	-7.54405	-7.55221	0.000238913
915	-7.55031	-7.5522	0.000238661
916	-7.55943	-7.55221	0.000238531
917	-7.54048	-7.5522	0.000238613
918	-7.56693	-7.55221	0.000238893
919	-7.53713	-7.5522	0.000239196
920	-7.55213	-7.5522	0.000238936
921	-7.55808	-7.5522	0.000238762
922	-7.5497	-7.5522	0.000238518
923	-7.55183	-7.5522	0.00023826
924	-7.55396	-7.5522	0.00023801
925	-7.54296	-7.55219	0.000237962
926	-7.55155	-7.55219	0.000237706
927	-7.56507	-7.55221	0.000237855
928	-7.55596	-7.55221	0.000237633
929	-7.53889	-7.5522	0.00023781
930	-7.56488	-7.55221	0.000237945
931	-7.53401	-7.55219	0.000238491
932	-7.56043	-7.5522	0.000238399
933	-7.54688	-7.55219	0.000238211
934	-7.55423	-7.5522	0.000237966
935	-7.55006	-7.55219	0.000237723
936	-7.54756	-7.55219	0.00023752
937	-7.55702	-7.55219	0.000237323
938	-7.54486	-7.55219	0.000237198
939	-7.55405	-7.55219	0.000236954
940	-7.55085	-7.55219	0.000236706
941	-7.55458	-7.55219	0.000236468
942	-7.54866	-7.55219	0.000236247
943	-7.55494	-7.55219	0.000236015
944	-7.54156	-7.55218	0.000236033
945	-7.54884	-7.55217	0.000235809
946	-7.56087	-7.55218	0.000235739
947	-7.54929	-7.55218	0.00023551
948	-7.54507	-7.55217	0.000235381
949	-7.54754	-7.55217	0.000235184
950	-7.54997	-7.55216	0.000234948
951	-7.54934	-7.55216	0.000234719
952	-7.55027	-7.55216	0.000234481
953	-7.55624	-7.55216	0.000234274
954	-7.54524	-7.55216	0.000234141
955	-7.56195	-7.55217	0.000234121
956	-7.55591	-7.55217	0.000233908
957	-7.55222	-7.55217	0.000233664
958	-7.55068	-7.55217	0.000233425
959	-7.54202	-7.55216	0.000233422
960	-7.56703	-7.55217	0.000233692
961	-7.55204	-7.55217	0.000233449
962	-7.54447	-7.55217	0.000233344
963	-7.5557	-7.55217	0.00023313
964	-7.54486	-7.55216	0.000233012
965	-7.57294	-7.55218	0.000233763
966	-7.55031	-7.55218	0.000233529
967	-7.5414	-7.55217	0.000233554
968	-7.56263	-7.55218	0.000233562
969	-7.55516	-7.55218	0.000233342
970	-7.54792	-7.55218	0.000233142
971	-7.55749	-7.55219	0.000232966
972	-7.55093	-7.55218	0.00023273
973	-7.5622	-7.55219	0.000232718
974	-7.53159	-7.55217	0.000233439
975	-7.56125	-7.55218	0.000233385
976	-7.54856	-7.55218	0.000233175
977	-7.55125	-7.55218	0.000232938
978	-7.54811	-7.55217	0.000232737
979	-7.56802	-7.55219	0.000233062
980	-7.53642	-7.55217	0.000233379
981	-7.56004	-7.55218	0.000233279
982	-7.54997	-7.55218	0.000233052
983	-7.54186	-7.55217	0.000233051
984	-7.5559	-7.55217	0.000232845
985	-7.55177	-7.55217	0.000232609
986	-7.54374	-7.55216	0.00023253
987	-7.56164	-7.55217	0.000232493
988	-7.55333	-7.55218	0.000232261
989	-7.53245	-7.55216	0.000232881
990	-7.57126	-7.55217	0.000233444
991	-7.54888	-7.55217	0.000233232
992	-7.54379	-7.55216	0.00023315
993	-7.55217	-7.55216	0.000232915
994	-7.56378	-7.55217	0.000232973
995	-7.54629	-7.55217	0.000232814
996	-7.551	-7.55217	0.000232583
997	-7.54901	-7.55216	0.000232372
998	-7.54899	-7.55216	0.000232161
999	-7.55456	-7.55216	0.000231941
1000	-7.55452	-7.55217	0.000231721
