BLOCK:	ACTUAL_T:	T_AVE:	ERROR:
1	0.770352	0.770352	0
2	0.784811	0.777582	0.0051119
3	0.781639	0.778934	0.00358236
4	0.786404	0.780802	0.00313597
5	0.769306	0.778502	0.00324387
6	0.79014	0.780442	0.00323148
7	0.769911	0.778938	0.00310034
8	0.782509	0.779384	0.00274475
9	0.773393	0.778718	0.00251921
10	0.781517	0.778998	0.00228278
11	0.779775	0.779069	0.00207635
12	0.786419	0.779681	0.00199162
13	0.776493	0.779436	0.00185347
14	0.787462	0.780009	0.00180755
15	0.776441	0.779772	0.00170263
16	0.776968	0.779596	0.0016052
17	0.788055	0.780094	0.00158602
18	0.772539	0.779674	0.00155245
19	0.783872	0.779895	0.00148638
20	0.776888	0.779745	0.00141964
21	0.780738	0.779792	0.00135283
22	0.776381	0.779637	0.00130019
23	0.786078	0.779917	0.00127346
24	0.772297	0.7796	0.00125937
25	0.774676	0.779403	0.00122429
26	0.786886	0.77969	0.00121057
27	0.777599	0.779613	0.00116821
28	0.776218	0.779492	0.00113276
29	0.783572	0.779632	0.0011024
30	0.772645	0.7794	0.00108998
31	0.783309	0.779526	0.00106209
32	0.776467	0.77943	0.00103319
33	0.768774	0.779107	0.00105114
34	0.782311	0.779201	0.00102444
35	0.776606	0.779127	0.000997848
36	0.783687	0.779254	0.000978134
37	0.773609	0.779101	0.000963524
38	0.783394	0.779214	0.000944767
39	0.77531	0.779114	0.000925831
40	0.774089	0.778989	0.000911171
41	0.776376	0.778925	0.000891172
42	0.782324	0.779006	0.000873621
43	0.784102	0.779124	0.000861304
44	0.77173	0.778956	0.000857966
45	0.786496	0.779124	0.000855102
46	0.773864	0.779009	0.000844122
47	0.779249	0.779015	0.000826177
48	0.779201	0.779018	0.000808974
49	0.780626	0.779051	0.00079313
50	0.771546	0.778901	0.000791343
51	0.778734	0.778898	0.000775833
52	0.785287	0.779021	0.000770581
53	0.778402	0.779009	0.00075613
54	0.774263	0.778921	0.000747217
55	0.783114	0.778997	0.00073751
56	0.774006	0.778908	0.000729706
57	0.777252	0.778879	0.000717482
58	0.772697	0.778773	0.000712985
59	0.782595	0.778837	0.000703837
60	0.775917	0.778789	0.000693788
61	0.779657	0.778803	0.00068256
62	0.775947	0.778757	0.000673103
63	0.774825	0.778694	0.000665306
64	0.775451	0.778644	0.000656839
65	0.778927	0.778648	0.000646748
66	0.77798	0.778638	0.000637028
67	0.782533	0.778696	0.000630166
68	0.780782	0.778727	0.000621645
69	0.777015	0.778702	0.000613131
70	0.776462	0.77867	0.000605207
71	0.786543	0.778781	0.000606756
72	0.776921	0.778755	0.000598878
73	0.782386	0.778805	0.000592736
74	0.777857	0.778792	0.000584865
75	0.774493	0.778735	0.000579868
76	0.782664	0.778786	0.000574539
77	0.77345	0.778717	0.000571243
78	0.783199	0.778775	0.000566802
79	0.773515	0.778708	0.000563524
80	0.781145	0.778738	0.000557302
81	0.778639	0.778737	0.000550423
82	0.782865	0.778788	0.000546008
83	0.777293	0.77877	0.000539727
84	0.777393	0.778753	0.00053355
85	0.771873	0.778672	0.000533377
86	0.789633	0.7788	0.000542189
87	0.775	0.778756	0.000537713
88	0.774956	0.778713	0.000533334
89	0.770664	0.778622	0.000534955
90	0.783206	0.778673	0.000531429
91	0.770931	0.778588	0.000532356
92	0.779163	0.778594	0.000526606
93	0.77753	0.778583	0.000521069
94	0.778402	0.778581	0.000515529
95	0.770315	0.778494	0.000517393
96	0.782173	0.778532	0.00051342
97	0.776523	0.778512	0.000508545
98	0.77641	0.77849	0.000503808
99	0.776585	0.778471	0.000499086
100	0.77975	0.778484	0.000494259
101	0.776513	0.778464	0.00048975
102	0.774477	0.778425	0.000486506
103	0.778413	0.778425	0.000481783
104	0.779305	0.778433	0.000477225
105	0.775725	0.778408	0.000473377
106	0.783842	0.778459	0.000471679
107	0.77521	0.778429	0.000468247
108	0.777271	0.778418	0.000464035
109	0.773215	0.77837	0.000462226
110	0.780847	0.778393	0.000458572
111	0.780515	0.778412	0.000454839
112	0.77268	0.778361	0.000453648
113	0.792198	0.778483	0.000465869
114	0.774927	0.778452	0.000462825
115	0.779513	0.778461	0.000458893
116	0.780584	0.778479	0.000455301
117	0.781033	0.778501	0.000451933
118	0.775816	0.778478	0.000448675
119	0.783648	0.778522	0.000447003
120	0.776855	0.778508	0.000443494
121	0.782956	0.778545	0.000441349
122	0.772687	0.778497	0.000440335
123	0.781898	0.778524	0.000437623
124	0.777272	0.778514	0.00043421
125	0.774105	0.778479	0.000432166
126	0.780651	0.778496	0.00042908
127	0.7764	0.77848	0.000426019
128	0.781926	0.778507	0.000423541
129	0.779789	0.778517	0.000420374
130	0.782073	0.778544	0.00041803
131	0.774588	0.778514	0.000415928
132	0.781694	0.778538	0.000413475
133	0.775777	0.778517	0.000410886
134	0.776178	0.7785	0.000408191
135	0.783941	0.77854	0.000407152
136	0.782919	0.778572	0.000405429
137	0.774157	0.77854	0.000403749
138	0.784532	0.778583	0.000403152
139	0.77682	0.778571	0.000400451
140	0.779367	0.778576	0.000397631
141	0.778445	0.778575	0.000394812
142	0.776068	0.778558	0.000392427
143	0.784236	0.778598	0.000391686
144	0.772078	0.778552	0.000391574
145	0.784402	0.778593	0.000390947
146	0.774378	0.778564	0.000389333
147	0.775929	0.778546	0.000387097
148	0.784201	0.778584	0.000386363
149	0.778631	0.778584	0.00038377
150	0.768536	0.778517	0.000387014
151	0.78583	0.778566	0.000387469
152	0.778094	0.778563	0.000384933
153	0.772603	0.778524	0.000384383
154	0.78345	0.778556	0.000383215
155	0.778944	0.778558	0.000380751
156	0.781072	0.778574	0.000378651
157	0.771626	0.77853	0.000378817
158	0.777511	0.778524	0.000376474
159	0.780669	0.778537	0.000374348
160	0.776488	0.778524	0.000372228
161	0.776949	0.778514	0.000370044
162	0.768663	0.778454	0.000372723
163	0.785268	0.778495	0.000372773
164	0.781349	0.778513	0.000370906
165	0.766365	0.778439	0.000375894
166	0.775591	0.778422	0.000374021
167	0.779094	0.778426	0.000371803
168	0.778673	0.778428	0.000369593
169	0.777098	0.77842	0.00036749
170	0.77365	0.778392	0.000366397
171	0.780074	0.778402	0.000364387
172	0.78042	0.778413	0.000362457
173	0.782472	0.778437	0.00036112
174	0.774766	0.778416	0.000359661
175	0.782439	0.778439	0.000358339
176	0.772601	0.778405	0.000357835
177	0.772927	0.778374	0.000357149
178	0.779569	0.778381	0.000355206
179	0.782747	0.778406	0.000354058
180	0.769613	0.778357	0.000355445
181	0.78218	0.778378	0.000354108
182	0.777805	0.778375	0.000352176
183	0.780946	0.778389	0.000350532
184	0.781784	0.778407	0.000349113
185	0.77859	0.778408	0.000347227
186	0.775159	0.778391	0.000345799
187	0.776947	0.778383	0.000344036
188	0.783929	0.778413	0.000343469
189	0.765614	0.778345	0.000348263
190	0.775739	0.778331	0.0003467
191	0.78209	0.778351	0.000345443
192	0.778372	0.778351	0.000343644
193	0.773343	0.778325	0.000342841
194	0.782792	0.778348	0.000341847
195	0.777575	0.778344	0.000340117
196	0.783347	0.77837	0.000339338
197	0.773936	0.778347	0.000338361
198	0.780092	0.778356	0.000336767
199	0.778192	0.778355	0.000335075
200	0.769165	0.778309	0.000336536
201	0.779391	0.778314	0.000334904
202	0.785469	0.77835	0.000335114
203	0.774283	0.77833	0.000334061
204	0.777448	0.778326	0.000332452
205	0.778411	0.778326	0.00033083
206	0.775423	0.778312	0.000329524
207	0.785429	0.778346	0.000329721
208	0.774468	0.778328	0.000328663
209	0.782805	0.778349	0.000327788
210	0.780307	0.778358	0.00032636
211	0.774236	0.778339	0.000325397
212	0.783058	0.778361	0.000324623
213	0.781369	0.778375	0.000323406
214	0.778113	0.778374	0.000321897
215	0.779209	0.778378	0.000320423
216	0.779225	0.778382	0.000318964
217	0.776589	0.778373	0.000317601
218	0.775673	0.778361	0.000316385
219	0.781829	0.778377	0.000315337
220	0.775594	0.778364	0.000314157
221	0.776417	0.778355	0.000312859
222	0.782867	0.778376	0.000312109
223	0.778951	0.778378	0.00031072
224	0.780248	0.778387	0.000309445
225	0.776827	0.77838	0.000308147
226	0.782914	0.7784	0.000307436
227	0.774385	0.778382	0.00030659
228	0.773882	0.778362	0.00030588
229	0.775386	0.778349	0.000304821
230	0.78439	0.778376	0.000304625
231	0.773326	0.778354	0.000304089
232	0.777928	0.778352	0.000302784
233	0.776402	0.778344	0.0003016
234	0.78073	0.778354	0.000300483
235	0.782211	0.77837	0.000299653
236	0.774211	0.778353	0.000298901
237	0.781044	0.778364	0.000297855
238	0.775666	0.778353	0.000296819
239	0.78499	0.77838	0.000296874
240	0.782637	0.778398	0.000296166
241	0.777127	0.778393	0.000294984
242	0.775953	0.778383	0.000293938
243	0.778991	0.778385	0.000292739
244	0.779188	0.778389	0.000291557
245	0.782508	0.778405	0.000290852
246	0.776792	0.778399	0.000289743
247	0.776783	0.778392	0.000288644
248	0.778761	0.778394	0.000287484
249	0.77704	0.778388	0.000286381
250	0.771714	0.778362	0.000286477
251	0.768592	0.778323	0.000287968
252	0.783106	0.778342	0.00028745
253	0.774055	0.778325	0.000286813
254	0.781543	0.778337	0.000285963
255	0.779308	0.778341	0.000284867
256	0.772228	0.778317	0.000284754
257	0.78059	0.778326	0.000283783
258	0.773937	0.778309	0.000283193
259	0.784414	0.778333	0.000283078
260	0.775652	0.778322	0.000282177
261	0.782643	0.778339	0.000281581
262	0.777827	0.778337	0.000280513
263	0.776243	0.778329	0.00027956
264	0.78225	0.778344	0.000278895
265	0.775795	0.778334	0.000278008
266	0.782732	0.778351	0.000277454
267	0.774676	0.778337	0.000276756
268	0.784422	0.77836	0.000276653
269	0.774691	0.778346	0.000275961
270	0.775064	0.778334	0.000275206
271	0.779388	0.778338	0.000274218
272	0.785551	0.778364	0.000274489
273	0.770675	0.778336	0.000274925
274	0.781183	0.778347	0.000274118
275	0.776926	0.778341	0.00027317
276	0.779927	0.778347	0.000272241
277	0.774473	0.778333	0.000271617
278	0.783526	0.778352	0.000271281
279	0.771739	0.778328	0.000271343
280	0.782813	0.778344	0.000270846
281	0.773179	0.778326	0.000270505
282	0.795256	0.778386	0.000276128
283	0.764831	0.778338	0.000279275
284	0.78324	0.778355	0.000278825
285	0.781194	0.778365	0.000278024
286	0.778309	0.778365	0.000277052
287	0.783755	0.778384	0.000276723
288	0.769373	0.778352	0.000277525
289	0.780581	0.77836	0.000276672
290	0.777549	0.778357	0.000275732
291	0.779757	0.778362	0.000274826
292	0.777644	0.77836	0.000273896
293	0.776057	0.778352	0.000273074
294	0.784127	0.778372	0.000272851
295	0.769984	0.778343	0.000273403
296	0.778634	0.778344	0.000272482
297	0.779072	0.778347	0.000271575
298	0.774295	0.778333	0.000271004
299	0.779499	0.778337	0.000270126
300	0.778056	0.778336	0.000269227
301	0.776479	0.77833	0.000268403
302	0.785115	0.778352	0.000268453
303	0.765937	0.778311	0.000270676
304	0.785306	0.778334	0.000270762
305	0.770513	0.778309	0.000271085
306	0.778678	0.77831	0.000270202
307	0.770162	0.778283	0.000270622
308	0.7816	0.778294	0.000269958
309	0.773439	0.778278	0.000269541
310	0.781931	0.77829	0.000268929
311	0.779567	0.778294	0.000268096
312	0.773592	0.778279	0.00026766
313	0.779833	0.778284	0.000266851
314	0.777344	0.778281	0.000266018
315	0.776119	0.778274	0.000265262
316	0.774588	0.778263	0.000264679
317	0.785589	0.778286	0.000264851
318	0.768085	0.778254	0.000265953
319	0.785244	0.778276	0.000266021
320	0.774068	0.778262	0.000265515
321	0.775896	0.778255	0.00026479
322	0.775134	0.778245	0.000264145
323	0.776764	0.778241	0.000263367
324	0.777473	0.778238	0.000262565
325	0.773075	0.778222	0.000262237
326	0.775592	0.778214	0.000261557
327	0.772657	0.778197	0.000261308
328	0.780285	0.778204	0.000260589
329	0.779963	0.778209	0.000259852
330	0.779583	0.778213	0.000259098
331	0.780019	0.778219	0.000258372
332	0.785852	0.778242	0.000258615
333	0.769844	0.778217	0.000259065
334	0.785061	0.778237	0.000259099
335	0.775903	0.77823	0.000258419
336	0.779372	0.778233	0.000257672
337	0.781768	0.778244	0.000257121
338	0.778603	0.778245	0.000256362
339	0.784409	0.778263	0.00025625
340	0.77047	0.77824	0.000256519
341	0.781387	0.778249	0.000255933
342	0.775388	0.778241	0.000255322
343	0.780348	0.778247	0.000254651
344	0.784539	0.778266	0.000254567
345	0.773816	0.778253	0.000254155
346	0.776773	0.778248	0.000253457
347	0.787491	0.778275	0.000254122
348	0.777106	0.778272	0.000253414
349	0.773851	0.778259	0.000253004
350	0.7761	0.778253	0.000252357
351	0.788815	0.778283	0.000253425
352	0.777373	0.77828	0.000252719
353	0.773491	0.778267	0.000252367
354	0.774164	0.778255	0.00025192
355	0.781066	0.778263	0.000251334
356	0.780639	0.77827	0.000250717
357	0.780701	0.778277	0.000250107
358	0.771123	0.778257	0.000250205
359	0.77768	0.778255	0.000249514
360	0.782313	0.778266	0.000249075
361	0.769725	0.778243	0.000249506
362	0.78409	0.778259	0.000249339
363	0.775847	0.778252	0.000248741
364	0.782319	0.778263	0.000248308
365	0.772748	0.778248	0.000248087
366	0.776954	0.778245	0.000247435
367	0.78341	0.778259	0.000247161
368	0.779878	0.778263	0.000246528
369	0.774022	0.778252	0.000246128
370	0.773416	0.778239	0.000245809
371	0.778027	0.778238	0.000245147
372	0.780214	0.778243	0.000244546
373	0.774459	0.778233	0.000244101
374	0.780881	0.77824	0.000243551
375	0.778637	0.778241	0.000242904
376	0.779902	0.778246	0.000242298
377	0.778184	0.778246	0.000241655
378	0.777714	0.778244	0.00024102
379	0.771502	0.778226	0.000241039
380	0.779504	0.77823	0.000240429
381	0.780635	0.778236	0.00023988
382	0.770051	0.778215	0.000240207
383	0.775072	0.778206	0.00023972
384	0.773213	0.778193	0.000239449
385	0.785389	0.778212	0.000239555
386	0.771674	0.778195	0.000239532
387	0.780989	0.778202	0.000239022
388	0.773085	0.778189	0.00023877
389	0.777375	0.778187	0.000238165
390	0.779826	0.778191	0.000237591
391	0.77731	0.778189	0.000236995
392	0.773754	0.778178	0.00023666
393	0.781079	0.778185	0.000236173
394	0.782034	0.778195	0.000235775
395	0.772241	0.77818	0.00023566
396	0.78056	0.778186	0.000235141
397	0.779506	0.778189	0.000234572
398	0.776355	0.778185	0.000234028
399	0.775563	0.778178	0.000233534
400	0.782013	0.778188	0.000233147
401	0.782085	0.778197	0.000232768
402	0.777712	0.778196	0.000232192
403	0.781805	0.778205	0.000231789
404	0.768504	0.778181	0.000232455
405	0.779786	0.778185	0.000231915
406	0.781297	0.778193	0.00023147
407	0.774701	0.778184	0.000231061
408	0.778136	0.778184	0.000230494
409	0.775638	0.778178	0.000230015
410	0.775903	0.778172	0.000229521
411	0.780187	0.778177	0.000229015
412	0.771188	0.77816	0.000229086
413	0.781999	0.778169	0.00022872
414	0.781894	0.778178	0.000228345
415	0.779623	0.778182	0.000227821
416	0.773397	0.77817	0.000227563
417	0.780403	0.778176	0.000227081
418	0.778096	0.778176	0.000226537
419	0.779672	0.778179	0.000226025
420	0.778864	0.778181	0.000225493
421	0.780889	0.778187	0.000225049
422	0.777779	0.778186	0.000224518
423	0.78199	0.778195	0.000224167
424	0.783701	0.778208	0.000224014
425	0.776824	0.778205	0.00022351
426	0.768832	0.778183	0.000224066
427	0.785152	0.778199	0.000224135
428	0.773399	0.778188	0.000223892
429	0.785392	0.778205	0.000223999
430	0.780528	0.77821	0.000223543
431	0.780971	0.778217	0.000223116
432	0.782114	0.778226	0.000222782
433	0.765022	0.778195	0.000224345
434	0.787906	0.778218	0.000224941
435	0.778798	0.778219	0.000224428
436	0.78655	0.778238	0.000224725
437	0.764587	0.778207	0.000226371
438	0.777179	0.778204	0.000225867
439	0.780026	0.778209	0.00022539
440	0.774729	0.778201	0.000225017
441	0.771279	0.778185	0.000225053
442	0.783921	0.778198	0.000224918
443	0.764381	0.778167	0.000226563
444	0.78143	0.778174	0.000226172
445	0.77294	0.778162	0.000225969
446	0.783535	0.778174	0.000225783
447	0.778843	0.778176	0.000225283
448	0.776523	0.778172	0.00022481
449	0.781047	0.778179	0.000224401
450	0.774007	0.778169	0.000224094
451	0.775912	0.778164	0.000223653
452	0.782952	0.778175	0.000223409
453	0.781999	0.778183	0.000223075
454	0.776756	0.77818	0.000222606
455	0.770453	0.778163	0.000222763
456	0.787513	0.778184	0.000223216
457	0.771942	0.77817	0.000223145
458	0.78231	0.778179	0.000222841
459	0.787812	0.7782	0.000223342
460	0.775212	0.778194	0.000222951
461	0.768997	0.778174	0.000223358
462	0.785417	0.778189	0.000223424
463	0.77327	0.778179	0.000223194
464	0.779135	0.778181	0.000222723
465	0.781898	0.778189	0.000222387
466	0.772455	0.778176	0.00022225
467	0.784399	0.77819	0.000222173
468	0.77339	0.778179	0.000221935
469	0.77934	0.778182	0.000221475
470	0.775045	0.778175	0.000221105
471	0.777244	0.778173	0.000220644
472	0.77013	0.778156	0.000220834
473	0.772694	0.778145	0.000220669
474	0.786161	0.778162	0.00022085
475	0.783563	0.778173	0.000220678
476	0.780236	0.778177	0.000220257
477	0.767861	0.778156	0.000220854
478	0.781881	0.778163	0.00022053
479	0.776271	0.77816	0.000220105
480	0.76988	0.778142	0.000220321
481	0.785952	0.778159	0.00022046
482	0.774705	0.778151	0.00022012
483	0.781527	0.778158	0.000219775
484	0.776561	0.778155	0.000219345
485	0.778647	0.778156	0.000218895
486	0.772957	0.778145	0.000218706
487	0.777737	0.778145	0.000218259
488	0.780613	0.77815	0.00021787
489	0.783428	0.77816	0.000217692
490	0.772744	0.778149	0.000217528
491	0.78338	0.77816	0.000217346
492	0.780234	0.778164	0.000216945
493	0.780598	0.778169	0.000216561
494	0.768879	0.77815	0.000216938
495	0.781987	0.778158	0.000216638
496	0.781073	0.778164	0.000216281
497	0.77372	0.778155	0.00021603
498	0.779161	0.778157	0.000215606
499	0.778128	0.778157	0.000215174
500	0.778248	0.778157	0.000214744
501	0.781411	0.778164	0.000214413
502	0.772599	0.778153	0.000214272
503	0.778966	0.778154	0.000213853
504	0.774454	0.778147	0.000213554
505	0.783578	0.778158	0.000213402
506	0.777258	0.778156	0.000212988
507	0.780741	0.778161	0.000212629
508	0.771486	0.778148	0.000212616
509	0.781923	0.778155	0.000212327
510	0.784785	0.778168	0.000212308
511	0.770567	0.778153	0.000212413
512	0.779404	0.778156	0.000212013
513	0.785146	0.778169	0.000212037
514	0.774734	0.778163	0.00021173
515	0.777756	0.778162	0.00021132
516	0.781076	0.778168	0.000210986
517	0.775109	0.778162	0.000210661
518	0.785045	0.778175	0.000210673
519	0.770833	0.778161	0.000210741
520	0.782395	0.778169	0.000210493
521	0.775384	0.778164	0.000210157
522	0.775714	0.778159	0.000209807
523	0.77631	0.778155	0.000209435
524	0.780223	0.778159	0.000209073
525	0.774855	0.778153	0.000208769
526	0.783533	0.778163	0.000208623
527	0.772116	0.778152	0.000208542
528	0.783774	0.778162	0.000208419
529	0.768331	0.778144	0.000208852
530	0.784092	0.778155	0.000208759
531	0.775696	0.77815	0.000208418
532	0.775358	0.778145	0.000208092
533	0.787248	0.778162	0.000208401
534	0.774264	0.778155	0.000208139
535	0.781428	0.778161	0.00020784
536	0.780534	0.778165	0.000207499
537	0.774906	0.778159	0.000207201
538	0.783614	0.77817	0.000207064
539	0.776083	0.778166	0.000206716
540	0.781486	0.778172	0.000206425
541	0.777551	0.778171	0.000206046
542	0.777544	0.77817	0.000205669
543	0.780224	0.778173	0.000205325
544	0.779445	0.778176	0.000204961
545	0.774999	0.77817	0.000204668
546	0.776958	0.778168	0.000204305
547	0.774103	0.77816	0.000204067
548	0.787124	0.778177	0.000204349
549	0.773893	0.778169	0.000204126
550	0.781596	0.778175	0.00020385
551	0.772091	0.778164	0.000203779
552	0.779044	0.778166	0.000203416
553	0.781579	0.778172	0.000203141
554	0.786584	0.778187	0.000203341
555	0.786393	0.778202	0.000203512
556	0.770316	0.778187	0.000203639
557	0.778754	0.778188	0.000203276
558	0.77987	0.778192	0.000202934
559	0.777639	0.778191	0.000202574
560	0.781224	0.778196	0.000202284
561	0.780644	0.7782	0.000201971
562	0.779545	0.778203	0.000201626
563	0.780987	0.778208	0.000201328
564	0.776457	0.778205	0.000200995
565	0.778115	0.778204	0.00020064
566	0.780225	0.778208	0.000200317
567	0.779252	0.77821	0.000199972
568	0.774674	0.778204	0.000199717
569	0.781698	0.77821	0.00019946
570	0.776445	0.778207	0.000199134
571	0.783451	0.778216	0.000198997
572	0.781775	0.778222	0.000198747
573	0.779295	0.778224	0.000198409
574	0.778125	0.778224	0.000198063
575	0.782552	0.778231	0.000197862
576	0.772516	0.778221	0.000197767
577	0.780428	0.778225	0.000197461
578	0.782243	0.778232	0.000197242
579	0.770391	0.778219	0.000197365
580	0.779897	0.778221	0.000197046
581	0.781015	0.778226	0.000196766
582	0.783216	0.778235	0.000196614
583	0.781192	0.77824	0.000196342
584	0.78326	0.778249	0.000196194
585	0.774155	0.778242	0.000195984
586	0.782169	0.778248	0.000195764
587	0.775322	0.778243	0.000195494
588	0.782374	0.77825	0.000195288
589	0.779427	0.778252	0.000194966
590	0.779715	0.778255	0.000194652
591	0.78112	0.77826	0.000194383
592	0.77652	0.778257	0.000194076
593	0.783974	0.778266	0.000193988
594	0.772074	0.778256	0.000193942
595	0.776774	0.778253	0.000193632
596	0.780908	0.778258	0.000193358
597	0.783661	0.778267	0.000193246
598	0.772407	0.778257	0.000193171
599	0.775813	0.778253	0.000192892
600	0.782332	0.77826	0.00019269
601	0.781757	0.778266	0.000192457
602	0.778614	0.778266	0.000192138
603	0.777724	0.778265	0.000191822
604	0.781162	0.77827	0.000191564
605	0.783217	0.778278	0.000191422
606	0.773225	0.77827	0.000191288
607	0.77994	0.778273	0.000190992
608	0.780413	0.778276	0.000190711
609	0.779262	0.778278	0.000190404
610	0.781763	0.778284	0.000190178
611	0.768373	0.778267	0.000190557
612	0.780225	0.77827	0.000190273
613	0.776063	0.778267	0.000189996
614	0.777864	0.778266	0.000189688
615	0.786089	0.778279	0.000189805
616	0.771701	0.778268	0.000189798
617	0.777862	0.778268	0.000189491
618	0.779914	0.77827	0.000189203
619	0.774725	0.778265	0.000188984
620	0.779503	0.778267	0.00018869
621	0.782163	0.778273	0.00018849
622	0.776559	0.77827	0.000188207
623	0.784177	0.77828	0.000188144
624	0.772623	0.77827	0.000188061
625	0.779065	0.778272	0.000187764
626	0.775693	0.778268	0.000187509
627	0.781206	0.778272	0.000187269
628	0.772606	0.778263	0.000187188
629	0.779739	0.778266	0.000186905
630	0.778185	0.778266	0.000186608
631	0.772501	0.778256	0.000186536
632	0.781132	0.778261	0.000186297
633	0.782182	0.778267	0.000186105
634	0.780556	0.778271	0.000185847
635	0.782678	0.778278	0.000185684
636	0.77949	0.77828	0.000185401
637	0.776314	0.778277	0.000185136
638	0.782231	0.778283	0.00018495
639	0.778756	0.778283	0.000184662
640	0.777592	0.778282	0.000184376
641	0.781808	0.778288	0.000184171
642	0.775844	0.778284	0.000183923
643	0.780211	0.778287	0.000183661
644	0.786153	0.778299	0.000183782
645	0.78088	0.778303	0.000183541
646	0.777853	0.778303	0.000183258
647	0.783124	0.77831	0.000183126
648	0.77457	0.778304	0.000182934
649	0.781399	0.778309	0.000182715
650	0.768317	0.778294	0.000183079
651	0.79038	0.778312	0.000183737
652	0.764251	0.778291	0.000184716
653	0.775617	0.778287	0.000184479
654	0.779339	0.778288	0.000184204
655	0.783016	0.778295	0.000184064
656	0.773429	0.778288	0.000183933
657	0.78429	0.778297	0.000183879
658	0.773924	0.77829	0.00018372
659	0.777445	0.778289	0.000183446
660	0.781608	0.778294	0.000183237
661	0.767363	0.778278	0.000183704
662	0.779028	0.778279	0.00018343
663	0.78138	0.778283	0.000183213
664	0.778624	0.778284	0.000182938
665	0.772953	0.778276	0.000182838
666	0.78639	0.778288	0.000182969
667	0.773466	0.778281	0.000182838
668	0.781771	0.778286	0.000182639
669	0.770858	0.778275	0.000182703
670	0.780761	0.778279	0.000182468
671	0.779324	0.77828	0.000182203
672	0.787479	0.778294	0.000182445
673	0.772539	0.778285	0.000182374
674	0.778826	0.778286	0.000182105
675	0.776961	0.778284	0.000181846
676	0.782756	0.778291	0.000181697
677	0.777642	0.77829	0.000181431
678	0.781033	0.778294	0.000181209
679	0.773363	0.778287	0.000181087
680	0.776309	0.778284	0.000180845
681	0.777704	0.778283	0.000180581
682	0.781073	0.778287	0.000180363
683	0.771883	0.778278	0.000180342
684	0.77316	0.77827	0.000180234
685	0.782966	0.778277	0.000180101
686	0.776715	0.778275	0.000179853
687	0.777909	0.778274	0.000179592
688	0.77858	0.778275	0.000179331
689	0.782591	0.778281	0.00017918
690	0.773332	0.778274	0.000179064
691	0.782195	0.778279	0.000178895
692	0.771172	0.778269	0.000178931
693	0.778114	0.778269	0.000178673
694	0.785082	0.778279	0.000178685
695	0.773164	0.778271	0.000178579
696	0.779944	0.778274	0.000178339
697	0.777647	0.778273	0.000178085
698	0.772432	0.778265	0.000178027
699	0.779193	0.778266	0.000177777
700	0.78069	0.778269	0.000177557
701	0.777921	0.778269	0.000177304
702	0.7845	0.778278	0.000177273
703	0.771794	0.778269	0.000177261
704	0.778001	0.778268	0.00017701
705	0.783303	0.778275	0.000176903
706	0.770266	0.778264	0.000177015
707	0.784305	0.778272	0.000176971
708	0.777698	0.778272	0.000176723
709	0.78393	0.77828	0.000176654
710	0.771596	0.77827	0.000176656
711	0.784146	0.778278	0.0001766
712	0.774194	0.778273	0.000176446
713	0.777682	0.778272	0.0001762
714	0.777923	0.778271	0.000175954
715	0.777148	0.77827	0.000175715
716	0.783054	0.778277	0.000175596
717	0.77887	0.778277	0.000175353
718	0.777496	0.778276	0.000175113
719	0.783349	0.778283	0.000175011
720	0.770738	0.778273	0.000175082
721	0.785881	0.778283	0.000175156
722	0.780455	0.778286	0.00017494
723	0.781405	0.778291	0.000174751
724	0.776113	0.778288	0.000174535
725	0.774514	0.778283	0.000174372
726	0.78682	0.778294	0.000174528
727	0.772059	0.778286	0.000174499
728	0.785146	0.778295	0.000174513
729	0.771192	0.778285	0.000174546
730	0.77625	0.778283	0.000174329
731	0.784521	0.778291	0.000174299
732	0.771699	0.778282	0.000174294
733	0.773559	0.778276	0.000174175
734	0.791249	0.778293	0.000174832
735	0.774398	0.778288	0.000174675
736	0.782077	0.778293	0.000174513
737	0.775704	0.77829	0.000174312
738	0.780381	0.778293	0.000174098
739	0.781808	0.778297	0.000173928
740	0.78389	0.778305	0.000173857
741	0.784656	0.778313	0.000173834
742	0.772998	0.778306	0.000173747
743	0.786525	0.778317	0.000173865
744	0.775417	0.778313	0.000173675
745	0.777177	0.778312	0.000173448
746	0.778514	0.778312	0.000173216
747	0.779918	0.778314	0.000172997
748	0.78097	0.778318	0.000172803
749	0.775375	0.778314	0.000172616
750	0.781008	0.778318	0.000172424
751	0.778203	0.778317	0.000172194
752	0.778728	0.778318	0.000171966
753	0.775683	0.778314	0.000171773
754	0.780693	0.778318	0.000171574
755	0.781691	0.778322	0.000171405
756	0.77595	0.778319	0.000171207
757	0.776403	0.778316	0.000171
758	0.787576	0.778329	0.00017121
759	0.77949	0.77833	0.000170991
760	0.778391	0.77833	0.000170766
761	0.784498	0.778338	0.000170734
762	0.780158	0.778341	0.000170527
763	0.776954	0.778339	0.000170313
764	0.770697	0.778329	0.000170384
765	0.781053	0.778332	0.000170198
766	0.785857	0.778342	0.000170259
767	0.775405	0.778338	0.00017008
768	0.770904	0.778329	0.000170134
769	0.77798	0.778328	0.000169913
770	0.772942	0.778321	0.000169837
771	0.778459	0.778321	0.000169617
772	0.781053	0.778325	0.000169434
773	0.772109	0.778317	0.000169405
774	0.781934	0.778322	0.000169251
775	0.779231	0.778323	0.000169036
776	0.779026	0.778324	0.000168821
777	0.783851	0.778331	0.000168754
778	0.779956	0.778333	0.00016855
779	0.776422	0.77833	0.000168351
780	0.779183	0.778332	0.000168139
781	0.779717	0.778333	0.000167933
782	0.778156	0.778333	0.000167718
783	0.778714	0.778334	0.000167505
784	0.781908	0.778338	0.000167353
785	0.780292	0.778341	0.000167158
786	0.776271	0.778338	0.000166967
787	0.774745	0.778333	0.000166817
788	0.777353	0.778332	0.00016661
789	0.770073	0.778322	0.000166727
790	0.782848	0.778327	0.000166614
791	0.780297	0.77833	0.000166422
792	0.781999	0.778335	0.000166277
793	0.773762	0.778329	0.000166167
794	0.78555	0.778338	0.000166206
795	0.776205	0.778335	0.000166019
796	0.785443	0.778344	0.00016605
797	0.781711	0.778348	0.000165896
798	0.781234	0.778352	0.000165727
799	0.776347	0.778349	0.000165539
800	0.777394	0.778348	0.000165336
801	0.785176	0.778357	0.00016535
802	0.777027	0.778355	0.000165152
803	0.776308	0.778353	0.000164966
804	0.784271	0.77836	0.000164925
805	0.779094	0.778361	0.000164722
806	0.781662	0.778365	0.000164569
807	0.76873	0.778353	0.000164797
808	0.786845	0.778364	0.000164928
809	0.771133	0.778355	0.000164966
810	0.781965	0.778359	0.000164823
811	0.772951	0.778352	0.000164754
812	0.7808	0.778355	0.000164579
813	0.773445	0.778349	0.000164488
814	0.783529	0.778356	0.000164409
815	0.779745	0.778357	0.000164216
816	0.78173	0.778362	0.000164066
817	0.773918	0.778356	0.000163956
818	0.785911	0.778365	0.000164015
819	0.765504	0.77835	0.000164565
820	0.781173	0.778353	0.0001644
821	0.775685	0.77835	0.000164232
822	0.779897	0.778352	0.000164043
823	0.781208	0.778355	0.000163881
824	0.777635	0.778354	0.000163684
825	0.782433	0.778359	0.00016356
826	0.773484	0.778353	0.000163469
827	0.779223	0.778354	0.000163274
828	0.782466	0.778359	0.000163153
829	0.77542	0.778356	0.000162994
830	0.781891	0.77836	0.000162854
831	0.775667	0.778357	0.00016269
832	0.768263	0.778345	0.000162946
833	0.7829	0.77835	0.000162842
834	0.77595	0.778347	0.000162672
835	0.77591	0.778344	0.000162504
836	0.776342	0.778342	0.000162327
837	0.785645	0.778351	0.000162367
838	0.773324	0.778345	0.000162285
839	0.776506	0.778343	0.000162106
840	0.787386	0.778353	0.00016227
841	0.773658	0.778348	0.000162173
842	0.77972	0.778349	0.000161989
843	0.783008	0.778355	0.000161891
844	0.779258	0.778356	0.000161702
845	0.772036	0.778348	0.000161684
846	0.787519	0.778359	0.000161856
847	0.776824	0.778358	0.000161675
848	0.773615	0.778352	0.000161581
849	0.781318	0.778355	0.000161428
850	0.777748	0.778355	0.00016124
851	0.773054	0.778348	0.000161171
852	0.778153	0.778348	0.000160982
853	0.77676	0.778346	0.000160804
854	0.776575	0.778344	0.000160629
855	0.780446	0.778347	0.00016046
856	0.777157	0.778345	0.000160278
857	0.784437	0.778352	0.000160249
858	0.772345	0.778345	0.000160215
859	0.781263	0.778349	0.000160065
860	0.786375	0.778358	0.00016015
861	0.777616	0.778357	0.000159967
862	0.778433	0.778357	0.000159781
863	0.77505	0.778354	0.000159642
864	0.788354	0.778365	0.000159876
865	0.775161	0.778361	0.000159734
866	0.776916	0.77836	0.000159558
867	0.783661	0.778366	0.000159492
868	0.778057	0.778366	0.000159308
869	0.780833	0.778368	0.00015915
870	0.775662	0.778365	0.000158998
871	0.782502	0.77837	0.000158886
872	0.774448	0.778366	0.000158767
873	0.77181	0.778358	0.000158763
874	0.777322	0.778357	0.000158586
875	0.777027	0.778355	0.000158412
876	0.7813	0.778359	0.000158267
877	0.772751	0.778352	0.000158215
878	0.78609	0.778361	0.00015828
879	0.774253	0.778356	0.000158169
880	0.780798	0.778359	0.000158014
881	0.779723	0.778361	0.000157842
882	0.777786	0.77836	0.000157665
883	0.771215	0.778352	0.000157694
884	0.785028	0.77836	0.000157696
885	0.778194	0.778359	0.000157518
886	0.775466	0.778356	0.000157374
887	0.78109	0.778359	0.000157227
888	0.776393	0.778357	0.000157065
889	0.771249	0.778349	0.000157092
890	0.782681	0.778354	0.000156991
891	0.772113	0.778347	0.000156971
892	0.786599	0.778356	0.000157067
893	0.773758	0.778351	0.000156976
894	0.776774	0.778349	0.00015681
895	0.769927	0.77834	0.000156917
896	0.781312	0.778343	0.000156777
897	0.779104	0.778344	0.000156604
898	0.780193	0.778346	0.000156443
899	0.777651	0.778345	0.000156271
900	0.776375	0.778343	0.000156113
901	0.779129	0.778344	0.000155942
902	0.776693	0.778342	0.00015578
903	0.774313	0.778338	0.000155671
904	0.782333	0.778342	0.000155562
905	0.778212	0.778342	0.00015539
906	0.771472	0.778334	0.000155403
907	0.781664	0.778338	0.000155275
908	0.771269	0.77833	0.000155299
909	0.782539	0.778335	0.000155198
910	0.772283	0.778328	0.00015517
911	0.782386	0.778333	0.000155063
912	0.781729	0.778336	0.000154938
913	0.770791	0.778328	0.000154988
914	0.773043	0.778322	0.000154927
915	0.777399	0.778321	0.000154761
916	0.782649	0.778326	0.000154664
917	0.77053	0.778318	0.000154728
918	0.787332	0.778327	0.000154871
919	0.768157	0.778316	0.000155098
920	0.778918	0.778317	0.00015493
921	0.782848	0.778322	0.00015484
922	0.777141	0.778321	0.000154678
923	0.777493	0.77832	0.000154513
924	0.780379	0.778322	0.000154362
925	0.772869	0.778316	0.000154307
926	0.778113	0.778316	0.000154141
927	0.785736	0.778324	0.000154182
928	0.780795	0.778326	0.000154039
929	0.769088	0.778317	0.000154194
930	0.786778	0.778326	0.000154296
931	0.766878	0.778313	0.00015462
932	0.784584	0.77832	0.0001546
933	0.775119	0.778317	0.000154472
934	0.780309	0.778319	0.000154322
935	0.778093	0.778319	0.000154157
936	0.775616	0.778316	0.000154019
937	0.781575	0.778319	0.000153894
938	0.772807	0.778313	0.000153842
939	0.78007	0.778315	0.00015369
940	0.776935	0.778314	0.000153533
941	0.780119	0.778316	0.000153382
942	0.77592	0.778313	0.00015324
943	0.780278	0.778315	0.000153092
944	0.770634	0.778307	0.000153146
945	0.775901	0.778304	0.000153005
946	0.784065	0.77831	0.000152964
947	0.776339	0.778308	0.000152817
948	0.774028	0.778304	0.000152722
949	0.775	0.7783	0.000152601
950	0.77699	0.778299	0.000152447
951	0.777159	0.778298	0.000152291
952	0.777251	0.778297	0.000152135
953	0.780713	0.778299	0.000151997
954	0.773675	0.778294	0.000151915
955	0.78496	0.778301	0.000151916
956	0.780199	0.778303	0.00015177
957	0.77832	0.778303	0.000151611
958	0.77702	0.778302	0.000151459
959	0.771637	0.778295	0.00015146
960	0.787363	0.778305	0.000151597
961	0.778144	0.778304	0.000151439
962	0.773161	0.778299	0.000151376
963	0.780708	0.778302	0.00015124
964	0.774392	0.778297	0.000151137
965	0.791916	0.778312	0.000151638
966	0.777262	0.778311	0.000151485
967	0.771494	0.778303	0.000151492
968	0.784908	0.77831	0.000151489
969	0.781388	0.778313	0.000151366
970	0.775751	0.778311	0.000151233
971	0.782116	0.778315	0.000151128
972	0.777617	0.778314	0.000150974
973	0.785271	0.778321	0.000150988
974	0.765455	0.778308	0.00015141
975	0.784239	0.778314	0.000151377
976	0.775903	0.778312	0.000151242
977	0.777072	0.77831	0.000151093
978	0.77561	0.778308	0.000150963
979	0.78853	0.778318	0.00015117
980	0.767995	0.778307	0.000151382
981	0.783238	0.778312	0.000151311
982	0.777524	0.778312	0.000151159
983	0.772465	0.778306	0.000151122
984	0.779983	0.778307	0.000150978
985	0.778367	0.778307	0.000150825
986	0.772736	0.778302	0.000150778
987	0.784429	0.778308	0.000150753
988	0.778489	0.778308	0.000150601
989	0.765816	0.778296	0.000150977
990	0.790681	0.778308	0.000151342
991	0.776566	0.778306	0.0001512
992	0.773666	0.778302	0.000151119
993	0.779552	0.778303	0.000150972
994	0.785742	0.77831	0.000151006
995	0.773873	0.778306	0.00015092
996	0.777806	0.778305	0.000150769
997	0.775689	0.778303	0.000150641
998	0.776486	0.778301	0.000150501
999	0.78036	0.778303	0.000150365
1000	0.779118	0.778304	0.000150216
