BLOCK:	ACTUAL_TE:	TE_AVE:	ERROR:
1	-6.38455	-6.38455	0
2	-6.38574	-6.38514	0.000420865
3	-6.38505	-6.38511	0.000281713
4	-6.38676	-6.38553	0.000414193
5	-6.38562	-6.38554	0.000331779
6	-6.38518	-6.38548	0.000282075
7	-6.38541	-6.38547	0.000241995
8	-6.38501	-6.38541	0.000218619
9	-6.3858	-6.38546	0.000198449
10	-6.38471	-6.38538	0.00019228
11	-6.38395	-6.38525	0.000214405
12	-6.38299	-6.38506	0.000266827
13	-6.38462	-6.38503	0.00024844
14	-6.3858	-6.38508	0.000236732
15	-6.38523	-6.38509	0.00022116
16	-6.38399	-6.38503	0.000217755
17	-6.38567	-6.38506	0.000208174
18	-6.38495	-6.38506	0.000196698
19	-6.38511	-6.38506	0.000186365
20	-6.38533	-6.38507	0.000177542
21	-6.38472	-6.38506	0.000169885
22	-6.38525	-6.38506	0.000162388
23	-6.38517	-6.38507	0.000155391
24	-6.38508	-6.38507	0.000148917
25	-6.38493	-6.38506	0.000143067
26	-6.38591	-6.3851	0.000141218
27	-6.38584	-6.38512	0.000138675
28	-6.38501	-6.38512	0.000133787
29	-6.38523	-6.38512	0.000129226
30	-6.38521	-6.38513	0.000124951
31	-6.38471	-6.38511	0.000121644
32	-6.38393	-6.38508	0.000123295
33	-6.38349	-6.38503	0.000128627
34	-6.3843	-6.38501	0.000126613
35	-6.38509	-6.38501	0.000123015
36	-6.38554	-6.38502	0.000120472
37	-6.38467	-6.38501	0.000117601
38	-6.38536	-6.38502	0.000114867
39	-6.38476	-6.38502	0.000112117
40	-6.38368	-6.38498	0.000114183
41	-6.38474	-6.38498	0.000111554
42	-6.38416	-6.38496	0.000110599
43	-6.38544	-6.38497	0.000108606
44	-6.38463	-6.38496	0.000106409
45	-6.38525	-6.38497	0.000104241
46	-6.38398	-6.38495	0.000104153
47	-6.38535	-6.38495	0.000102286
48	-6.38566	-6.38497	0.000101208
49	-6.38322	-6.38493	0.000105269
50	-6.38501	-6.38494	0.000103176
51	-6.38547	-6.38495	0.000101692
52	-6.38602	-6.38497	0.000101813
53	-6.38494	-6.38497	9.9894e-05
54	-6.38427	-6.38495	9.88685e-05
55	-6.38403	-6.38494	9.84741e-05
56	-6.38279	-6.3849	0.000103901
57	-6.38506	-6.3849	0.000102119
58	-6.38604	-6.38492	0.000102216
59	-6.38457	-6.38491	0.00010066
60	-6.38487	-6.38491	9.89845e-05
61	-6.38475	-6.38491	9.73996e-05
62	-6.38341	-6.38489	9.87988e-05
63	-6.38475	-6.38488	9.72538e-05
64	-6.38456	-6.38488	9.58636e-05
65	-6.38422	-6.38487	9.49322e-05
66	-6.3852	-6.38487	9.36259e-05
67	-6.38471	-6.38487	9.22588e-05
68	-6.38373	-6.38486	9.24279e-05
69	-6.38385	-6.38484	9.22297e-05
70	-6.38508	-6.38484	9.09758e-05
71	-6.386	-6.38486	9.11285e-05
72	-6.38465	-6.38486	8.99113e-05
73	-6.38474	-6.38486	8.86941e-05
74	-6.38416	-6.38485	8.79892e-05
75	-6.383	-6.38482	9.02074e-05
76	-6.3855	-6.38483	8.94613e-05
77	-6.38515	-6.38483	8.83929e-05
78	-6.38515	-6.38484	8.7351e-05
79	-6.38558	-6.38485	8.67461e-05
80	-6.38451	-6.38484	8.57644e-05
81	-6.38509	-6.38485	8.47581e-05
82	-6.38519	-6.38485	8.38273e-05
83	-6.38414	-6.38484	8.32503e-05
84	-6.38439	-6.38484	8.24349e-05
85	-6.38578	-6.38485	8.22025e-05
86	-6.38697	-6.38487	8.48823e-05
87	-6.38542	-6.38488	8.41406e-05
88	-6.38386	-6.38487	8.39788e-05
89	-6.38444	-6.38486	8.31711e-05
90	-6.38459	-6.38486	8.23009e-05
91	-6.38525	-6.38486	8.15059e-05
92	-6.38475	-6.38486	8.06291e-05
93	-6.38324	-6.38485	8.16322e-05
94	-6.3839	-6.38484	8.13841e-05
95	-6.38547	-6.38484	8.08025e-05
96	-6.38475	-6.38484	7.99669e-05
97	-6.3841	-6.38483	7.95063e-05
98	-6.38395	-6.38482	7.92038e-05
99	-6.3858	-6.38483	7.90198e-05
100	-6.38512	-6.38484	7.8281e-05
101	-6.38461	-6.38484	7.75384e-05
102	-6.38406	-6.38483	7.71532e-05
103	-6.38519	-6.38483	7.64834e-05
104	-6.38462	-6.38483	7.57742e-05
105	-6.38377	-6.38482	7.57158e-05
106	-6.38405	-6.38481	7.53447e-05
107	-6.38469	-6.38481	7.46497e-05
108	-6.38542	-6.38482	7.41713e-05
109	-6.38327	-6.3848	7.48298e-05
110	-6.38483	-6.3848	7.41499e-05
111	-6.38379	-6.38479	7.40381e-05
112	-6.38513	-6.3848	7.34393e-05
113	-6.38375	-6.38479	7.33668e-05
114	-6.38546	-6.38479	7.29638e-05
115	-6.38512	-6.3848	7.23863e-05
116	-6.38578	-6.3848	7.22587e-05
117	-6.386	-6.38481	7.23639e-05
118	-6.38513	-6.38482	7.1799e-05
119	-6.38418	-6.38481	7.13972e-05
120	-6.38594	-6.38482	7.14204e-05
121	-6.38473	-6.38482	7.08337e-05
122	-6.3844	-6.38482	7.03358e-05
123	-6.38358	-6.38481	7.04841e-05
124	-6.3846	-6.38481	6.99363e-05
125	-6.38436	-6.3848	6.94688e-05
126	-6.38456	-6.3848	6.89444e-05
127	-6.38397	-6.38479	6.87134e-05
128	-6.38476	-6.38479	6.81771e-05
129	-6.38534	-6.3848	6.7778e-05
130	-6.38476	-6.3848	6.72573e-05
131	-6.38435	-6.38479	6.68319e-05
132	-6.38597	-6.3848	6.69185e-05
133	-6.38514	-6.3848	6.64626e-05
134	-6.38541	-6.38481	6.61211e-05
135	-6.38563	-6.38482	6.59121e-05
136	-6.38397	-6.38481	6.57211e-05
137	-6.3835	-6.3848	6.59286e-05
138	-6.38413	-6.38479	6.56311e-05
139	-6.38459	-6.38479	6.51747e-05
140	-6.38428	-6.38479	6.4812e-05
141	-6.38496	-6.38479	6.43636e-05
142	-6.38311	-6.38478	6.4984e-05
143	-6.38676	-6.38479	6.59868e-05
144	-6.38451	-6.38479	6.5558e-05
145	-6.38394	-6.38479	6.53678e-05
146	-6.384	-6.38478	6.51413e-05
147	-6.38479	-6.38478	6.46982e-05
148	-6.38624	-6.38479	6.50046e-05
149	-6.38521	-6.38479	6.46301e-05
150	-6.38408	-6.38479	6.43735e-05
151	-6.38407	-6.38478	6.41225e-05
152	-6.38457	-6.38478	6.37156e-05
153	-6.38376	-6.38477	6.36504e-05
154	-6.3833	-6.38477	6.39494e-05
155	-6.38548	-6.38477	6.37012e-05
156	-6.38681	-6.38478	6.46163e-05
157	-6.38548	-6.38479	6.43578e-05
158	-6.3844	-6.38478	6.39968e-05
159	-6.38352	-6.38478	6.40836e-05
160	-6.384	-6.38477	6.3865e-05
161	-6.38238	-6.38476	6.51743e-05
162	-6.38572	-6.38476	6.50429e-05
163	-6.38446	-6.38476	6.46699e-05
164	-6.38479	-6.38476	6.42757e-05
165	-6.38232	-6.38475	6.55699e-05
166	-6.38435	-6.38474	6.52193e-05
167	-6.38546	-6.38475	6.49709e-05
168	-6.38484	-6.38475	6.45866e-05
169	-6.38563	-6.38475	6.44129e-05
170	-6.3857	-6.38476	6.42731e-05
171	-6.3858	-6.38477	6.41832e-05
172	-6.38558	-6.38477	6.39858e-05
173	-6.38356	-6.38476	6.39985e-05
174	-6.38386	-6.38476	6.38423e-05
175	-6.38481	-6.38476	6.34781e-05
176	-6.38442	-6.38476	6.31464e-05
177	-6.38453	-6.38476	6.28032e-05
178	-6.38436	-6.38475	6.24902e-05
179	-6.38366	-6.38475	6.24371e-05
180	-6.38366	-6.38474	6.23814e-05
181	-6.38521	-6.38474	6.20912e-05
182	-6.38523	-6.38475	6.18076e-05
183	-6.38525	-6.38475	6.15303e-05
184	-6.38621	-6.38476	6.17082e-05
185	-6.38533	-6.38476	6.1452e-05
186	-6.38506	-6.38476	6.11432e-05
187	-6.38554	-6.38477	6.09564e-05
188	-6.38434	-6.38476	6.06738e-05
189	-6.38512	-6.38477	6.03815e-05
190	-6.3847	-6.38477	6.00647e-05
191	-6.38547	-6.38477	5.98631e-05
192	-6.38629	-6.38478	6.00712e-05
193	-6.3848	-6.38478	5.97601e-05
194	-6.38467	-6.38478	5.94547e-05
195	-6.38565	-6.38478	5.93202e-05
196	-6.3861	-6.38479	5.93979e-05
197	-6.38473	-6.38479	5.90972e-05
198	-6.38464	-6.38479	5.88035e-05
199	-6.38605	-6.38479	5.88476e-05
200	-6.3838	-6.38479	5.87607e-05
201	-6.38406	-6.38478	5.85788e-05
202	-6.38549	-6.38479	5.83932e-05
203	-6.38509	-6.38479	5.81247e-05
204	-6.38449	-6.38479	5.78582e-05
205	-6.38588	-6.38479	5.78228e-05
206	-6.38462	-6.38479	5.75479e-05
207	-6.38465	-6.38479	5.72742e-05
208	-6.38571	-6.3848	5.7167e-05
209	-6.38618	-6.3848	5.72738e-05
210	-6.38457	-6.3848	5.70117e-05
211	-6.38508	-6.3848	5.67572e-05
212	-6.38583	-6.38481	5.66966e-05
213	-6.38405	-6.3848	5.65413e-05
214	-6.38508	-6.38481	5.62914e-05
215	-6.38564	-6.38481	5.61628e-05
216	-6.38502	-6.38481	5.59109e-05
217	-6.38489	-6.38481	5.56544e-05
218	-6.38504	-6.38481	5.54088e-05
219	-6.38551	-6.38482	5.52478e-05
220	-6.38464	-6.38481	5.50023e-05
221	-6.38428	-6.38481	5.48058e-05
222	-6.38531	-6.38481	5.46057e-05
223	-6.38435	-6.38481	5.44014e-05
224	-6.3847	-6.38481	5.41609e-05
225	-6.38498	-6.38481	5.39254e-05
226	-6.38451	-6.38481	5.37038e-05
227	-6.38322	-6.3848	5.39235e-05
228	-6.38383	-6.3848	5.38574e-05
229	-6.38378	-6.3848	5.38073e-05
230	-6.38587	-6.3848	5.37746e-05
231	-6.38414	-6.3848	5.36174e-05
232	-6.38476	-6.3848	5.33865e-05
233	-6.38523	-6.3848	5.31904e-05
234	-6.38439	-6.3848	5.29918e-05
235	-6.3846	-6.3848	5.27729e-05
236	-6.38634	-6.3848	5.2952e-05
237	-6.3853	-6.3848	5.27695e-05
238	-6.38451	-6.3848	5.25623e-05
239	-6.38467	-6.3848	5.23452e-05
240	-6.38417	-6.3848	5.21939e-05
241	-6.38436	-6.3848	5.20096e-05
242	-6.38409	-6.3848	5.18776e-05
243	-6.38449	-6.38479	5.16798e-05
244	-6.38447	-6.38479	5.1485e-05
245	-6.38592	-6.3848	5.148e-05
246	-6.38415	-6.38479	5.13372e-05
247	-6.38454	-6.38479	5.114e-05
248	-6.38577	-6.3848	5.10864e-05
249	-6.38399	-6.38479	5.09849e-05
250	-6.38522	-6.3848	5.08094e-05
251	-6.3846	-6.3848	5.06131e-05
252	-6.38351	-6.38479	5.06692e-05
253	-6.38428	-6.38479	5.05094e-05
254	-6.38298	-6.38478	5.081e-05
255	-6.38507	-6.38478	5.06231e-05
256	-6.38576	-6.38479	5.057e-05
257	-6.38497	-6.38479	5.03781e-05
258	-6.38476	-6.38479	5.01829e-05
259	-6.38487	-6.38479	4.99902e-05
260	-6.38464	-6.38479	4.9801e-05
261	-6.38419	-6.38478	4.96627e-05
262	-6.38388	-6.38478	4.95939e-05
263	-6.38462	-6.38478	4.94089e-05
264	-6.38428	-6.38478	4.92574e-05
265	-6.38545	-6.38478	4.91369e-05
266	-6.38587	-6.38478	4.91237e-05
267	-6.38406	-6.38478	4.9015e-05
268	-6.38478	-6.38478	4.88321e-05
269	-6.38391	-6.38478	4.87578e-05
270	-6.38403	-6.38478	4.86563e-05
271	-6.38451	-6.38478	4.8487e-05
272	-6.3853	-6.38478	4.83467e-05
273	-6.38318	-6.38477	4.85222e-05
274	-6.38474	-6.38477	4.83452e-05
275	-6.38309	-6.38477	4.85547e-05
276	-6.3841	-6.38476	4.84386e-05
277	-6.38479	-6.38476	4.82639e-05
278	-6.38564	-6.38477	4.8194e-05
279	-6.38445	-6.38476	4.80347e-05
280	-6.38579	-6.38477	4.80027e-05
281	-6.38451	-6.38477	4.78409e-05
282	-6.38406	-6.38476	4.77372e-05
283	-6.38361	-6.38476	4.77424e-05
284	-6.38428	-6.38476	4.76048e-05
285	-6.38553	-6.38476	4.75141e-05
286	-6.38379	-6.38476	4.74689e-05
287	-6.38442	-6.38476	4.73183e-05
288	-6.38544	-6.38476	4.7213e-05
289	-6.38614	-6.38476	4.72903e-05
290	-6.38544	-6.38477	4.7184e-05
291	-6.38542	-6.38477	4.70754e-05
292	-6.38326	-6.38476	4.71983e-05
293	-6.38584	-6.38477	4.7179e-05
294	-6.38468	-6.38477	4.70195e-05
295	-6.38449	-6.38477	4.68694e-05
296	-6.38483	-6.38477	4.67116e-05
297	-6.3853	-6.38477	4.65892e-05
298	-6.38424	-6.38477	4.64664e-05
299	-6.38484	-6.38477	4.63117e-05
300	-6.384	-6.38476	4.62279e-05
301	-6.38309	-6.38476	4.64073e-05
302	-6.38363	-6.38475	4.64026e-05
303	-6.38363	-6.38475	4.63985e-05
304	-6.38342	-6.38475	4.64518e-05
305	-6.38467	-6.38475	4.63002e-05
306	-6.38559	-6.38475	4.62315e-05
307	-6.38355	-6.38475	4.62448e-05
308	-6.38524	-6.38475	4.61226e-05
309	-6.38333	-6.38474	4.62008e-05
310	-6.38439	-6.38474	4.60656e-05
311	-6.38388	-6.38474	4.60007e-05
312	-6.3847	-6.38474	4.58535e-05
313	-6.38579	-6.38474	4.5829e-05
314	-6.38512	-6.38474	4.56993e-05
315	-6.38342	-6.38474	4.57475e-05
316	-6.38548	-6.38474	4.56629e-05
317	-6.38452	-6.38474	4.55242e-05
318	-6.38493	-6.38474	4.5385e-05
319	-6.3855	-6.38474	4.53045e-05
320	-6.3851	-6.38474	4.51767e-05
321	-6.38472	-6.38474	4.5036e-05
322	-6.38464	-6.38474	4.48974e-05
323	-6.38473	-6.38474	4.47585e-05
324	-6.38451	-6.38474	4.4626e-05
325	-6.38348	-6.38474	4.4658e-05
326	-6.38511	-6.38474	4.45355e-05
327	-6.38439	-6.38474	4.4412e-05
328	-6.38511	-6.38474	4.42909e-05
329	-6.38478	-6.38474	4.41564e-05
330	-6.38443	-6.38474	4.40326e-05
331	-6.38351	-6.38474	4.40561e-05
332	-6.38447	-6.38474	4.39306e-05
333	-6.38444	-6.38473	4.38075e-05
334	-6.38503	-6.38474	4.36851e-05
335	-6.3841	-6.38473	4.35964e-05
336	-6.38483	-6.38473	4.34676e-05
337	-6.38513	-6.38473	4.33543e-05
338	-6.38605	-6.38474	4.33992e-05
339	-6.38542	-6.38474	4.33174e-05
340	-6.3832	-6.38474	4.34252e-05
341	-6.38441	-6.38474	4.33083e-05
342	-6.38565	-6.38474	4.32648e-05
343	-6.38426	-6.38474	4.31613e-05
344	-6.38443	-6.38474	4.30448e-05
345	-6.38385	-6.38473	4.29973e-05
346	-6.38481	-6.38473	4.28736e-05
347	-6.38501	-6.38473	4.27574e-05
348	-6.3859	-6.38474	4.27666e-05
349	-6.38481	-6.38474	4.26446e-05
350	-6.38619	-6.38474	4.27235e-05
351	-6.38435	-6.38474	4.26164e-05
352	-6.38481	-6.38474	4.24958e-05
353	-6.38469	-6.38474	4.23756e-05
354	-6.38458	-6.38474	4.22584e-05
355	-6.38457	-6.38474	4.2142e-05
356	-6.38634	-6.38474	4.2264e-05
357	-6.38359	-6.38474	4.22691e-05
358	-6.3839	-6.38474	4.2217e-05
359	-6.38418	-6.38474	4.21278e-05
360	-6.3842	-6.38474	4.20375e-05
361	-6.38407	-6.38473	4.19621e-05
362	-6.38467	-6.38473	4.18465e-05
363	-6.38441	-6.38473	4.17406e-05
364	-6.38562	-6.38474	4.16976e-05
365	-6.38357	-6.38473	4.17062e-05
366	-6.38585	-6.38474	4.17037e-05
367	-6.38464	-6.38473	4.15908e-05
368	-6.38459	-6.38473	4.14797e-05
369	-6.38549	-6.38474	4.14172e-05
370	-6.38525	-6.38474	4.13289e-05
371	-6.38482	-6.38474	4.12181e-05
372	-6.38521	-6.38474	4.11267e-05
373	-6.3857	-6.38474	4.10972e-05
374	-6.38328	-6.38474	4.11735e-05
375	-6.38517	-6.38474	4.10797e-05
376	-6.38539	-6.38474	4.1007e-05
377	-6.38455	-6.38474	4.09012e-05
378	-6.38333	-6.38474	4.09626e-05
379	-6.38419	-6.38474	4.08802e-05
380	-6.38431	-6.38473	4.07876e-05
381	-6.38535	-6.38474	4.07123e-05
382	-6.38559	-6.38474	4.06675e-05
383	-6.38448	-6.38474	4.0567e-05
384	-6.38404	-6.38474	4.05019e-05
385	-6.38501	-6.38474	4.04029e-05
386	-6.38467	-6.38474	4.02986e-05
387	-6.38525	-6.38474	4.02162e-05
388	-6.38555	-6.38474	4.01666e-05
389	-6.38618	-6.38474	4.02334e-05
390	-6.38554	-6.38475	4.01819e-05
391	-6.38456	-6.38474	4.00819e-05
392	-6.38415	-6.38474	4.00085e-05
393	-6.38671	-6.38475	4.02197e-05
394	-6.38501	-6.38475	4.0123e-05
395	-6.38585	-6.38475	4.01177e-05
396	-6.38373	-6.38475	4.00994e-05
397	-6.38539	-6.38475	4.00306e-05
398	-6.38434	-6.38475	3.99434e-05
399	-6.38396	-6.38475	3.98922e-05
400	-6.38362	-6.38474	3.9892e-05
401	-6.38548	-6.38475	3.9835e-05
402	-6.38522	-6.38475	3.97535e-05
403	-6.38477	-6.38475	3.96548e-05
404	-6.38564	-6.38475	3.96179e-05
405	-6.38584	-6.38475	3.96114e-05
406	-6.38563	-6.38475	3.95727e-05
407	-6.38436	-6.38475	3.94872e-05
408	-6.3853	-6.38476	3.94132e-05
409	-6.38462	-6.38476	3.93183e-05
410	-6.38478	-6.38476	3.92224e-05
411	-6.38528	-6.38476	3.91474e-05
412	-6.38541	-6.38476	3.90846e-05
413	-6.38415	-6.38476	3.90179e-05
414	-6.38414	-6.38475	3.89524e-05
415	-6.38397	-6.38475	3.89048e-05
416	-6.38543	-6.38475	3.88451e-05
417	-6.38489	-6.38475	3.87534e-05
418	-6.38571	-6.38476	3.87274e-05
419	-6.38398	-6.38476	3.86791e-05
420	-6.38355	-6.38475	3.8693e-05
421	-6.38315	-6.38475	3.87875e-05
422	-6.38486	-6.38475	3.86965e-05
423	-6.38469	-6.38475	3.86052e-05
424	-6.38608	-6.38475	3.86411e-05
425	-6.38395	-6.38475	3.85957e-05
426	-6.38509	-6.38475	3.85135e-05
427	-6.38459	-6.38475	3.84253e-05
428	-6.38341	-6.38475	3.84639e-05
429	-6.38464	-6.38475	3.83751e-05
430	-6.38492	-6.38475	3.82879e-05
431	-6.38552	-6.38475	3.82412e-05
432	-6.38466	-6.38475	3.81532e-05
433	-6.3851	-6.38475	3.80739e-05
434	-6.3837	-6.38475	3.80626e-05
435	-6.38612	-6.38475	3.81057e-05
436	-6.38406	-6.38475	3.80511e-05
437	-6.38513	-6.38475	3.7974e-05
438	-6.38489	-6.38475	3.78885e-05
439	-6.38487	-6.38475	3.78032e-05
440	-6.38558	-6.38475	3.77641e-05
441	-6.38402	-6.38475	3.77154e-05
442	-6.38425	-6.38475	3.76474e-05
443	-6.38446	-6.38475	3.75682e-05
444	-6.38488	-6.38475	3.74848e-05
445	-6.3843	-6.38475	3.74144e-05
446	-6.38488	-6.38475	3.73317e-05
447	-6.38361	-6.38475	3.73354e-05
448	-6.38392	-6.38474	3.72978e-05
449	-6.38401	-6.38474	3.72509e-05
450	-6.38255	-6.38474	3.74843e-05
451	-6.38297	-6.38473	3.76054e-05
452	-6.38634	-6.38474	3.76906e-05
453	-6.38534	-6.38474	3.76306e-05
454	-6.3842	-6.38474	3.7566e-05
455	-6.38492	-6.38474	3.74856e-05
456	-6.38434	-6.38474	3.74135e-05
457	-6.38384	-6.38474	3.73833e-05
458	-6.38235	-6.38473	3.76614e-05
459	-6.38497	-6.38473	3.7583e-05
460	-6.38473	-6.38473	3.75013e-05
461	-6.384	-6.38473	3.74535e-05
462	-6.38478	-6.38473	3.73727e-05
463	-6.38363	-6.38473	3.73678e-05
464	-6.38468	-6.38473	3.72874e-05
465	-6.38664	-6.38473	3.74328e-05
466	-6.3856	-6.38473	3.73993e-05
467	-6.38582	-6.38473	3.73914e-05
468	-6.38343	-6.38473	3.74151e-05
469	-6.38419	-6.38473	3.73533e-05
470	-6.38629	-6.38473	3.74208e-05
471	-6.38564	-6.38474	3.7391e-05
472	-6.38526	-6.38474	3.7328e-05
473	-6.38559	-6.38474	3.7293e-05
474	-6.38669	-6.38474	3.74409e-05
475	-6.3848	-6.38474	3.73623e-05
476	-6.38374	-6.38474	3.73427e-05
477	-6.38342	-6.38474	3.73662e-05
478	-6.38488	-6.38474	3.72893e-05
479	-6.38511	-6.38474	3.72196e-05
480	-6.38478	-6.38474	3.71422e-05
481	-6.38426	-6.38474	3.70781e-05
482	-6.38525	-6.38474	3.70163e-05
483	-6.38512	-6.38474	3.69479e-05
484	-6.38296	-6.38474	3.70549e-05
485	-6.38447	-6.38474	3.69826e-05
486	-6.38402	-6.38473	3.69361e-05
487	-6.38389	-6.38473	3.6901e-05
488	-6.3853	-6.38473	3.68434e-05
489	-6.38617	-6.38474	3.68857e-05
490	-6.38472	-6.38474	3.68105e-05
491	-6.38443	-6.38474	3.67407e-05
492	-6.38422	-6.38474	3.66811e-05
493	-6.3844	-6.38473	3.6613e-05
494	-6.3858	-6.38474	3.66023e-05
495	-6.38505	-6.38474	3.65338e-05
496	-6.38321	-6.38473	3.65891e-05
497	-6.38404	-6.38473	3.65424e-05
498	-6.38462	-6.38473	3.64697e-05
499	-6.38438	-6.38473	3.64034e-05
500	-6.38467	-6.38473	3.63309e-05
501	-6.38427	-6.38473	3.62701e-05
502	-6.38288	-6.38473	3.63851e-05
503	-6.3821	-6.38472	3.66869e-05
504	-6.38373	-6.38472	3.66663e-05
505	-6.38509	-6.38472	3.66009e-05
506	-6.38522	-6.38472	3.6542e-05
507	-6.38473	-6.38472	3.647e-05
508	-6.38333	-6.38472	3.65005e-05
509	-6.38488	-6.38472	3.64301e-05
510	-6.38448	-6.38472	3.63618e-05
511	-6.38272	-6.38471	3.65006e-05
512	-6.38541	-6.38472	3.64548e-05
513	-6.38436	-6.38472	3.63902e-05
514	-6.38457	-6.38472	3.63205e-05
515	-6.38564	-6.38472	3.6294e-05
516	-6.38462	-6.38472	3.62242e-05
517	-6.38488	-6.38472	3.61555e-05
518	-6.38445	-6.38472	3.60895e-05
519	-6.38584	-6.38472	3.60853e-05
520	-6.38494	-6.38472	3.60185e-05
521	-6.38434	-6.38472	3.59565e-05
522	-6.38402	-6.38472	3.59127e-05
523	-6.3846	-6.38472	3.58446e-05
524	-6.38529	-6.38472	3.5793e-05
525	-6.38446	-6.38472	3.57282e-05
526	-6.38544	-6.38472	3.56866e-05
527	-6.3835	-6.38472	3.56942e-05
528	-6.38399	-6.38472	3.56528e-05
529	-6.38355	-6.38471	3.56538e-05
530	-6.38523	-6.38471	3.56e-05
531	-6.38392	-6.38471	3.55642e-05
532	-6.38399	-6.38471	3.55233e-05
533	-6.38512	-6.38471	3.5465e-05
534	-6.38492	-6.38471	3.54006e-05
535	-6.38447	-6.38471	3.53375e-05
536	-6.38459	-6.38471	3.52723e-05
537	-6.38528	-6.38471	3.52226e-05
538	-6.38514	-6.38471	3.51659e-05
539	-6.38377	-6.38471	3.51442e-05
540	-6.38426	-6.38471	3.50891e-05
541	-6.38281	-6.38471	3.52003e-05
542	-6.38507	-6.38471	3.51418e-05
543	-6.38432	-6.38471	3.50842e-05
544	-6.38501	-6.38471	3.50241e-05
545	-6.38584	-6.38471	3.50219e-05
546	-6.38513	-6.38471	3.4966e-05
547	-6.38407	-6.38471	3.49216e-05
548	-6.3856	-6.38471	3.4896e-05
549	-6.38404	-6.38471	3.48536e-05
550	-6.38355	-6.38471	3.48535e-05
551	-6.38289	-6.3847	3.49458e-05
552	-6.38552	-6.38471	3.49139e-05
553	-6.38519	-6.38471	3.48619e-05
554	-6.38469	-6.38471	3.4799e-05
555	-6.38785	-6.38471	3.51953e-05
556	-6.38407	-6.38471	3.51509e-05
557	-6.3855	-6.38471	3.51165e-05
558	-6.38451	-6.38471	3.50555e-05
559	-6.38345	-6.38471	3.50659e-05
560	-6.38492	-6.38471	3.50052e-05
561	-6.38496	-6.38471	3.49457e-05
562	-6.38604	-6.38471	3.49631e-05
563	-6.38395	-6.38471	3.49272e-05
564	-6.38353	-6.38471	3.49279e-05
565	-6.38404	-6.38471	3.4886e-05
566	-6.38431	-6.38471	3.48313e-05
567	-6.38464	-6.38471	3.47701e-05
568	-6.38411	-6.38471	3.4725e-05
569	-6.38445	-6.38471	3.46668e-05
570	-6.38488	-6.38471	3.46074e-05
571	-6.38394	-6.38471	3.45729e-05
572	-6.38377	-6.3847	3.45513e-05
573	-6.38411	-6.3847	3.45067e-05
574	-6.38377	-6.3847	3.44846e-05
575	-6.38538	-6.3847	3.44447e-05
576	-6.38417	-6.3847	3.43974e-05
577	-6.38428	-6.3847	3.43454e-05
578	-6.3837	-6.3847	3.43299e-05
579	-6.38349	-6.3847	3.43344e-05
580	-6.38479	-6.3847	3.42756e-05
581	-6.38388	-6.3847	3.42453e-05
582	-6.38482	-6.3847	3.41871e-05
583	-6.38469	-6.3847	3.41285e-05
584	-6.3857	-6.3847	3.41137e-05
585	-6.38504	-6.3847	3.40605e-05
586	-6.38468	-6.3847	3.40023e-05
587	-6.38527	-6.3847	3.39582e-05
588	-6.38547	-6.3847	3.39255e-05
589	-6.38467	-6.3847	3.38679e-05
590	-6.38462	-6.3847	3.38108e-05
591	-6.38428	-6.3847	3.37611e-05
592	-6.38352	-6.3847	3.37628e-05
593	-6.38599	-6.3847	3.37757e-05
594	-6.38358	-6.3847	3.37711e-05
595	-6.38581	-6.3847	3.37665e-05
596	-6.38481	-6.3847	3.37103e-05
597	-6.38404	-6.3847	3.36719e-05
598	-6.38537	-6.3847	3.36341e-05
599	-6.3843	-6.3847	3.35845e-05
600	-6.38489	-6.3847	3.35301e-05
601	-6.38415	-6.3847	3.34866e-05
602	-6.3848	-6.3847	3.34314e-05
603	-6.38496	-6.3847	3.33789e-05
604	-6.38451	-6.3847	3.3325e-05
605	-6.384	-6.3847	3.32902e-05
606	-6.38414	-6.3847	3.32481e-05
607	-6.38459	-6.3847	3.31938e-05
608	-6.38331	-6.38469	3.32179e-05
609	-6.38462	-6.38469	3.31636e-05
610	-6.38423	-6.38469	3.31179e-05
611	-6.38398	-6.38469	3.30845e-05
612	-6.38424	-6.38469	3.30387e-05
613	-6.3856	-6.38469	3.30181e-05
614	-6.38412	-6.38469	3.29777e-05
615	-6.38451	-6.38469	3.29254e-05
616	-6.38509	-6.38469	3.28782e-05
617	-6.38382	-6.38469	3.28553e-05
618	-6.38573	-6.38469	3.28448e-05
619	-6.38501	-6.38469	3.27957e-05
620	-6.38332	-6.38469	3.28173e-05
621	-6.38371	-6.38469	3.28024e-05
622	-6.38383	-6.38469	3.2779e-05
623	-6.38524	-6.38469	3.27382e-05
624	-6.38535	-6.38469	3.27027e-05
625	-6.38573	-6.38469	3.26923e-05
626	-6.38359	-6.38469	3.26875e-05
627	-6.38446	-6.38469	3.26375e-05
628	-6.38442	-6.38469	3.25882e-05
629	-6.38538	-6.38469	3.25551e-05
630	-6.38412	-6.38469	3.25162e-05
631	-6.38578	-6.38469	3.25105e-05
632	-6.38386	-6.38469	3.24853e-05
633	-6.38617	-6.38469	3.25185e-05
634	-6.38536	-6.38469	3.24844e-05
635	-6.38571	-6.38469	3.24727e-05
636	-6.38373	-6.38469	3.24569e-05
637	-6.38515	-6.38469	3.2414e-05
638	-6.38419	-6.38469	3.23729e-05
639	-6.384	-6.38469	3.23406e-05
640	-6.38432	-6.38469	3.22953e-05
641	-6.38408	-6.38469	3.22589e-05
642	-6.38547	-6.38469	3.22312e-05
643	-6.38612	-6.38469	3.22577e-05
644	-6.38589	-6.3847	3.22613e-05
645	-6.38468	-6.3847	3.22112e-05
646	-6.38374	-6.38469	3.21956e-05
647	-6.38446	-6.38469	3.21479e-05
648	-6.38389	-6.38469	3.21224e-05
649	-6.38529	-6.38469	3.20858e-05
650	-6.38427	-6.38469	3.20432e-05
651	-6.38498	-6.38469	3.1997e-05
652	-6.38379	-6.38469	3.19776e-05
653	-6.38372	-6.38469	3.19631e-05
654	-6.3855	-6.38469	3.19384e-05
655	-6.38513	-6.38469	3.18966e-05
656	-6.38456	-6.38469	3.18486e-05
657	-6.38379	-6.38469	3.18298e-05
658	-6.3827	-6.38469	3.19251e-05
659	-6.38426	-6.38469	3.18833e-05
660	-6.38546	-6.38469	3.18562e-05
661	-6.38543	-6.38469	3.1828e-05
662	-6.3824	-6.38469	3.19677e-05
663	-6.384	-6.38468	3.1936e-05
664	-6.3843	-6.38468	3.18931e-05
665	-6.3849	-6.38468	3.18469e-05
666	-6.38506	-6.38469	3.18041e-05
667	-6.38387	-6.38468	3.178e-05
668	-6.38552	-6.38469	3.17568e-05
669	-6.38433	-6.38468	3.17138e-05
670	-6.38346	-6.38468	3.17188e-05
671	-6.38383	-6.38468	3.16973e-05
672	-6.38475	-6.38468	3.16503e-05
673	-6.38424	-6.38468	3.16102e-05
674	-6.38369	-6.38468	3.15975e-05
675	-6.38528	-6.38468	3.15632e-05
676	-6.38503	-6.38468	3.15208e-05
677	-6.38414	-6.38468	3.14842e-05
678	-6.3851	-6.38468	3.14439e-05
679	-6.38526	-6.38468	3.1409e-05
680	-6.38541	-6.38468	3.13808e-05
681	-6.38502	-6.38468	3.13386e-05
682	-6.38513	-6.38468	3.12994e-05
683	-6.38487	-6.38468	3.12548e-05
684	-6.38531	-6.38469	3.12225e-05
685	-6.38455	-6.38468	3.11776e-05
686	-6.38566	-6.38469	3.11643e-05
687	-6.38568	-6.38469	3.11528e-05
688	-6.38538	-6.38469	3.11237e-05
689	-6.38397	-6.38469	3.10959e-05
690	-6.38369	-6.38469	3.10845e-05
691	-6.38389	-6.38469	3.10607e-05
692	-6.38416	-6.38468	3.10249e-05
693	-6.38336	-6.38468	3.10388e-05
694	-6.38485	-6.38468	3.0995e-05
695	-6.3853	-6.38468	3.0963e-05
696	-6.38421	-6.38468	3.0926e-05
697	-6.383	-6.38468	3.09759e-05
698	-6.3827	-6.38468	3.1061e-05
699	-6.38457	-6.38468	3.1017e-05
700	-6.38409	-6.38468	3.0984e-05
701	-6.38481	-6.38468	3.09404e-05
702	-6.38541	-6.38468	3.09139e-05
703	-6.38357	-6.38468	3.091e-05
704	-6.38566	-6.38468	3.08975e-05
705	-6.38548	-6.38468	3.08744e-05
706	-6.38337	-6.38468	3.08867e-05
707	-6.38526	-6.38468	3.08541e-05
708	-6.38456	-6.38468	3.0811e-05
709	-6.38407	-6.38468	3.07796e-05
710	-6.38484	-6.38468	3.07371e-05
711	-6.38592	-6.38468	3.07435e-05
712	-6.3833	-6.38468	3.07615e-05
713	-6.3851	-6.38468	3.07242e-05
714	-6.38426	-6.38468	3.06868e-05
715	-6.38359	-6.38468	3.06812e-05
716	-6.38508	-6.38468	3.06435e-05
717	-6.38562	-6.38468	3.06287e-05
718	-6.38542	-6.38468	3.06035e-05
719	-6.38462	-6.38468	3.0561e-05
720	-6.38473	-6.38468	3.05187e-05
721	-6.38504	-6.38468	3.04804e-05
722	-6.38467	-6.38468	3.04382e-05
723	-6.38446	-6.38468	3.03975e-05
724	-6.38536	-6.38468	3.03701e-05
725	-6.38444	-6.38468	3.03301e-05
726	-6.38495	-6.38468	3.02906e-05
727	-6.38446	-6.38468	3.02504e-05
728	-6.38537	-6.38468	3.02239e-05
729	-6.38374	-6.38468	3.02102e-05
730	-6.38567	-6.38468	3.01992e-05
731	-6.38613	-6.38468	3.02229e-05
732	-6.38394	-6.38468	3.01985e-05
733	-6.38377	-6.38468	3.01826e-05
734	-6.38514	-6.38468	3.01479e-05
735	-6.38435	-6.38468	3.01103e-05
736	-6.38406	-6.38468	3.00811e-05
737	-6.38528	-6.38468	3.00515e-05
738	-6.38534	-6.38468	3.0024e-05
739	-6.3842	-6.38468	2.99905e-05
740	-6.38308	-6.38468	3.00274e-05
741	-6.38544	-6.38468	3.00043e-05
742	-6.385	-6.38468	2.99669e-05
743	-6.3855	-6.38468	2.9947e-05
744	-6.38567	-6.38468	2.99363e-05
745	-6.38472	-6.38468	2.98961e-05
746	-6.38551	-6.38468	2.98764e-05
747	-6.38532	-6.38468	2.98487e-05
748	-6.38389	-6.38468	2.98277e-05
749	-6.38495	-6.38468	2.979e-05
750	-6.38512	-6.38468	2.97561e-05
751	-6.38591	-6.38469	2.97611e-05
752	-6.38471	-6.38469	2.97215e-05
753	-6.38403	-6.38468	2.96949e-05
754	-6.3849	-6.38468	2.9657e-05
755	-6.3843	-6.38468	2.96221e-05
756	-6.38488	-6.38468	2.95841e-05
757	-6.38464	-6.38468	2.9545e-05
758	-6.38527	-6.38469	2.95161e-05
759	-6.38591	-6.38469	2.95215e-05
760	-6.38551	-6.38469	2.95025e-05
761	-6.38601	-6.38469	2.9515e-05
762	-6.38491	-6.38469	2.94777e-05
763	-6.38425	-6.38469	2.94447e-05
764	-6.38492	-6.38469	2.94077e-05
765	-6.38601	-6.38469	2.942e-05
766	-6.38516	-6.38469	2.93879e-05
767	-6.38534	-6.38469	2.93616e-05
768	-6.38335	-6.38469	2.93756e-05
769	-6.38516	-6.38469	2.93436e-05
770	-6.38391	-6.38469	2.93231e-05
771	-6.38438	-6.38469	2.92878e-05
772	-6.38481	-6.38469	2.92503e-05
773	-6.38438	-6.38469	2.92152e-05
774	-6.38411	-6.38469	2.91871e-05
775	-6.385	-6.38469	2.91522e-05
776	-6.38504	-6.38469	2.91181e-05
777	-6.38503	-6.38469	2.90839e-05
778	-6.38617	-6.38469	2.91086e-05
779	-6.38414	-6.38469	2.90799e-05
780	-6.38454	-6.38469	2.90433e-05
781	-6.38558	-6.38469	2.90285e-05
782	-6.38488	-6.38469	2.89924e-05
783	-6.38591	-6.38469	2.8997e-05
784	-6.38551	-6.3847	2.89786e-05
785	-6.38634	-6.3847	2.90174e-05
786	-6.38528	-6.3847	2.899e-05
787	-6.38471	-6.3847	2.89532e-05
788	-6.38528	-6.3847	2.89258e-05
789	-6.38597	-6.3847	2.89336e-05
790	-6.38579	-6.3847	2.89301e-05
791	-6.38709	-6.38471	2.9051e-05
792	-6.38453	-6.38471	2.90152e-05
793	-6.38561	-6.38471	2.90013e-05
794	-6.38474	-6.38471	2.89648e-05
795	-6.38387	-6.38471	2.89476e-05
796	-6.38523	-6.38471	2.89186e-05
797	-6.38451	-6.38471	2.88834e-05
798	-6.38475	-6.38471	2.88472e-05
799	-6.38503	-6.38471	2.8814e-05
800	-6.3863	-6.38471	2.88467e-05
801	-6.38395	-6.38471	2.8826e-05
802	-6.38445	-6.38471	2.87919e-05
803	-6.38456	-6.38471	2.87566e-05
804	-6.38424	-6.38471	2.87267e-05
805	-6.38342	-6.3847	2.87357e-05
806	-6.38579	-6.38471	2.87318e-05
807	-6.38516	-6.38471	2.87017e-05
808	-6.38539	-6.38471	2.86787e-05
809	-6.38547	-6.38471	2.86589e-05
810	-6.38605	-6.38471	2.8671e-05
811	-6.38443	-6.38471	2.86377e-05
812	-6.3858	-6.38471	2.86337e-05
813	-6.38524	-6.38471	2.86058e-05
814	-6.38544	-6.38471	2.85846e-05
815	-6.38507	-6.38471	2.8553e-05
816	-6.38439	-6.38471	2.85208e-05
817	-6.38513	-6.38471	2.84905e-05
818	-6.38511	-6.38471	2.84598e-05
819	-6.38449	-6.38471	2.84264e-05
820	-6.38532	-6.38471	2.84015e-05
821	-6.38637	-6.38472	2.8438e-05
822	-6.38547	-6.38472	2.84181e-05
823	-6.38434	-6.38472	2.83872e-05
824	-6.38402	-6.38472	2.83652e-05
825	-6.38645	-6.38472	2.84082e-05
826	-6.38259	-6.38471	2.84902e-05
827	-6.38384	-6.38471	2.84752e-05
828	-6.38339	-6.38471	2.84856e-05
829	-6.38497	-6.38471	2.8453e-05
830	-6.3844	-6.38471	2.84212e-05
831	-6.38435	-6.38471	2.83904e-05
832	-6.38477	-6.38471	2.83564e-05
833	-6.38493	-6.38471	2.83235e-05
834	-6.38377	-6.38471	2.8312e-05
835	-6.38517	-6.38471	2.82833e-05
836	-6.38449	-6.38471	2.82508e-05
837	-6.3842	-6.38471	2.82236e-05
838	-6.3836	-6.38471	2.82209e-05
839	-6.38521	-6.38471	2.81936e-05
840	-6.38646	-6.38471	2.82365e-05
841	-6.38561	-6.38471	2.82229e-05
842	-6.38501	-6.38471	2.81915e-05
843	-6.38471	-6.38471	2.81581e-05
844	-6.38448	-6.38471	2.81261e-05
845	-6.3845	-6.38471	2.80939e-05
846	-6.38557	-6.38471	2.8079e-05
847	-6.38432	-6.38471	2.80497e-05
848	-6.38586	-6.38471	2.80493e-05
849	-6.38504	-6.38472	2.80188e-05
850	-6.38579	-6.38472	2.80145e-05
851	-6.38477	-6.38472	2.79817e-05
852	-6.38461	-6.38472	2.79491e-05
853	-6.38329	-6.38471	2.79664e-05
854	-6.38478	-6.38471	2.79338e-05
855	-6.38478	-6.38471	2.79012e-05
856	-6.38457	-6.38471	2.78691e-05
857	-6.3846	-6.38471	2.78369e-05
858	-6.38509	-6.38472	2.78078e-05
859	-6.38458	-6.38471	2.77759e-05
860	-6.38546	-6.38472	2.77572e-05
861	-6.38439	-6.38472	2.77275e-05
862	-6.38444	-6.38472	2.76973e-05
863	-6.38519	-6.38472	2.76707e-05
864	-6.38568	-6.38472	2.7661e-05
865	-6.38461	-6.38472	2.76293e-05
866	-6.38566	-6.38472	2.76186e-05
867	-6.38532	-6.38472	2.75954e-05
868	-6.38583	-6.38472	2.75932e-05
869	-6.38457	-6.38472	2.7562e-05
870	-6.38464	-6.38472	2.75305e-05
871	-6.38569	-6.38472	2.75216e-05
872	-6.38336	-6.38472	2.75344e-05
873	-6.38496	-6.38472	2.75042e-05
874	-6.38589	-6.38472	2.75056e-05
875	-6.38619	-6.38472	2.75252e-05
876	-6.38563	-6.38472	2.75133e-05
877	-6.38391	-6.38472	2.74976e-05
878	-6.38581	-6.38472	2.74941e-05
879	-6.38464	-6.38472	2.7463e-05
880	-6.38541	-6.38472	2.74428e-05
881	-6.38506	-6.38472	2.74143e-05
882	-6.38468	-6.38472	2.73833e-05
883	-6.3849	-6.38472	2.7353e-05
884	-6.38489	-6.38473	2.73227e-05
885	-6.38436	-6.38472	2.7295e-05
886	-6.38435	-6.38472	2.72674e-05
887	-6.38514	-6.38472	2.72408e-05
888	-6.38448	-6.38472	2.72116e-05
889	-6.38431	-6.38472	2.71849e-05
890	-6.38455	-6.38472	2.71551e-05
891	-6.38529	-6.38472	2.7132e-05
892	-6.38352	-6.38472	2.71354e-05
893	-6.38476	-6.38472	2.7105e-05
894	-6.38482	-6.38472	2.70749e-05
895	-6.38502	-6.38472	2.70467e-05
896	-6.38387	-6.38472	2.70333e-05
897	-6.38587	-6.38472	2.70334e-05
898	-6.38544	-6.38472	2.70152e-05
899	-6.38591	-6.38473	2.70174e-05
900	-6.38464	-6.38473	2.69875e-05
901	-6.38583	-6.38473	2.69852e-05
902	-6.38508	-6.38473	2.69582e-05
903	-6.3836	-6.38473	2.69574e-05
904	-6.38515	-6.38473	2.69317e-05
905	-6.38494	-6.38473	2.6903e-05
906	-6.38404	-6.38473	2.68839e-05
907	-6.38481	-6.38473	2.68544e-05
908	-6.38476	-6.38473	2.68249e-05
909	-6.38427	-6.38473	2.68001e-05
910	-6.38237	-6.38472	2.68958e-05
911	-6.38486	-6.38472	2.68667e-05
912	-6.38436	-6.38472	2.68402e-05
913	-6.38446	-6.38472	2.68124e-05
914	-6.38448	-6.38472	2.67843e-05
915	-6.38421	-6.38472	2.67609e-05
916	-6.38546	-6.38472	2.67437e-05
917	-6.38468	-6.38472	2.67146e-05
918	-6.38594	-6.38472	2.67182e-05
919	-6.38489	-6.38472	2.66898e-05
920	-6.38376	-6.38472	2.66815e-05
921	-6.38381	-6.38472	2.6671e-05
922	-6.38399	-6.38472	2.6654e-05
923	-6.38559	-6.38472	2.66416e-05
924	-6.38339	-6.38472	2.66519e-05
925	-6.38366	-6.38472	2.66478e-05
926	-6.38438	-6.38472	2.66215e-05
927	-6.38646	-6.38472	2.66593e-05
928	-6.38477	-6.38472	2.66306e-05
929	-6.38525	-6.38472	2.66081e-05
930	-6.38471	-6.38472	2.65795e-05
931	-6.38369	-6.38472	2.65738e-05
932	-6.38355	-6.38472	2.65748e-05
933	-6.3842	-6.38472	2.65521e-05
934	-6.38377	-6.38472	2.65432e-05
935	-6.38292	-6.38472	2.65841e-05
936	-6.38414	-6.38472	2.65628e-05
937	-6.38465	-6.38472	2.65346e-05
938	-6.38565	-6.38472	2.6525e-05
939	-6.38395	-6.38472	2.65093e-05
940	-6.38544	-6.38472	2.64924e-05
941	-6.3844	-6.38472	2.64664e-05
942	-6.38478	-6.38472	2.64384e-05
943	-6.38453	-6.38472	2.64111e-05
944	-6.38561	-6.38472	2.64002e-05
945	-6.38499	-6.38472	2.63739e-05
946	-6.38477	-6.38472	2.63461e-05
947	-6.38478	-6.38472	2.63184e-05
948	-6.38403	-6.38472	2.63006e-05
949	-6.38504	-6.38472	2.62751e-05
950	-6.38449	-6.38472	2.62485e-05
951	-6.3836	-6.38472	2.62472e-05
952	-6.38439	-6.38471	2.62218e-05
953	-6.38517	-6.38472	2.61988e-05
954	-6.38473	-6.38472	2.61713e-05
955	-6.38451	-6.38472	2.61447e-05
956	-6.38561	-6.38472	2.61343e-05
957	-6.38474	-6.38472	2.6107e-05
958	-6.38515	-6.38472	2.60836e-05
959	-6.38456	-6.38472	2.60569e-05
960	-6.38598	-6.38472	2.60632e-05
961	-6.38483	-6.38472	2.60363e-05
962	-6.38473	-6.38472	2.60093e-05
963	-6.38463	-6.38472	2.59824e-05
964	-6.38327	-6.38472	2.59989e-05
965	-6.38507	-6.38472	2.59745e-05
966	-6.38441	-6.38472	2.59495e-05
967	-6.38416	-6.38472	2.59292e-05
968	-6.38527	-6.38472	2.59088e-05
969	-6.38308	-6.38471	2.59369e-05
970	-6.3843	-6.38471	2.59138e-05
971	-6.38431	-6.38471	2.58904e-05
972	-6.38451	-6.38471	2.58646e-05
973	-6.38429	-6.38471	2.58417e-05
974	-6.38341	-6.38471	2.58498e-05
975	-6.38489	-6.38471	2.58239e-05
976	-6.38471	-6.38471	2.57974e-05
977	-6.38564	-6.38471	2.57885e-05
978	-6.38469	-6.38471	2.57621e-05
979	-6.38523	-6.38471	2.57412e-05
980	-6.38443	-6.38471	2.57166e-05
981	-6.38518	-6.38471	2.56947e-05
982	-6.38368	-6.38471	2.569e-05
983	-6.38316	-6.38471	2.57121e-05
984	-6.38593	-6.38471	2.57157e-05
985	-6.38422	-6.38471	2.56945e-05
986	-6.38464	-6.38471	2.56685e-05
987	-6.385	-6.38471	2.56442e-05
988	-6.3856	-6.38471	2.56339e-05
989	-6.38373	-6.38471	2.56273e-05
990	-6.38524	-6.38471	2.5607e-05
991	-6.38403	-6.38471	2.55905e-05
992	-6.38329	-6.38471	2.56046e-05
993	-6.38285	-6.38471	2.56475e-05
994	-6.38517	-6.38471	2.56258e-05
995	-6.38549	-6.38471	2.5612e-05
996	-6.38429	-6.38471	2.55898e-05
997	-6.38547	-6.38471	2.55756e-05
998	-6.38426	-6.38471	2.55538e-05
999	-6.38402	-6.38471	2.55376e-05
1000	-6.38584	-6.38471	2.55372e-05
