         -2.2495        0.909661        0.628251
       -0.250007        0.109333       -0.753782
         0.53874          1.0546       -0.584954
        -1.18503       -0.568982       -0.937499
        0.291801       -0.129648         1.32793
       0.0282227         0.14359        0.898381
       -0.941192       -0.134173        0.117182
       -0.200806        0.115513        -1.07285
       0.0396556         1.03134         1.08605
         1.16538       -0.767518        -2.16874
       -0.700675         1.90272         1.23711
       -0.522685         1.03079        0.511664
         -0.4733       0.0786913        -1.87761
         0.13037        0.300902        -1.74402
       -0.686434        0.917804         2.63481
        0.970381       -0.961621        0.431706
          1.5795         0.97344         1.88479
       -0.251085        0.296008       -0.267692
        -1.22123         1.22606         1.09835
        0.775301        0.191114        -1.53043
         1.37396         0.38341      -0.0375184
       -0.710892        0.265506         2.16571
       -0.356435       0.0435685       -0.294925
        0.673617       -0.120823       0.0778728
         1.23694        -1.18862         1.03566
         1.46191        -1.23314         3.34956
         1.94192       -0.762695        -1.27858
        -0.84576        -1.57291        0.709008
       -0.748961        0.617061       -0.313636
       -0.108023       -0.695574         1.13652
       -0.415003      -0.0738173       -0.352242
        0.230477        -1.63179       0.0527448
        -0.18457       -0.738948          1.0688
        0.072416        0.151998        -1.71893
       -0.380505        0.102887         0.42438
          1.9099          1.7422       0.0879522
        0.281396          1.1617        0.888184
        0.126715        0.551743        -1.23394
       -0.642131       -0.148664        0.163267
        0.528326         1.90325       -0.067286
        -1.03134        0.539693        -3.02535
       -0.660547        -1.41655       0.0977117
        -2.01697       -0.903356         1.43187
         1.00775         1.27379        -1.75742
       0.0472272        -2.67114        -1.03016
        0.773223        -1.82964         2.15781
       -0.294875           1.294        0.644464
         1.07161        -1.20572        0.626407
        -1.85135        0.563664        -1.22258
       -0.380027       -0.456691           1.256
       -0.180372        0.167834        -1.17349
       -0.559375        0.605158        -1.39942
        0.768536       -0.550972        -0.33381
        -1.49718        -1.10936       -0.229064
       -0.273387        -1.13231        -1.16216
       0.0968846        0.828584       -0.318772
        -1.29965         1.02497         2.23614
       0.0108348       -0.456027       -0.332422
         2.29248       -0.846542       0.0573991
         1.03429        -1.18417       -0.677283
        0.382145        0.129279       -0.100469
       0.0284586        0.226823         1.94715
       -0.410939       -0.288699         0.65673
       -0.193231        -1.60036       -0.426934
         1.88156        0.317975        -1.24359
        -1.84679        0.331522       -0.329146
         1.19796       -0.381569       -0.704475
         1.86547       -0.541173        0.972365
         1.57637       -0.764525         2.14852
       0.0519878         1.35877         -1.0806
       -0.666546        -0.72514        0.486756
       -0.607987        -0.71386        0.857176
         0.28642           2.163         1.90228
       -0.632592         1.36406       -0.852684
        -1.30613       -0.587964         0.60064
       -0.193431       -0.077325       -0.165315
       -0.378731      -0.0730002       -0.768015
       -0.521345       -0.709351       -0.859267
         0.19045       -0.799329        0.563729
       -0.496544         1.25101        0.460973
         1.09664         1.23667       -0.290028
        -1.04401        0.824372       -0.453214
      -0.0228388       -0.221244        0.235187
        0.732852       -0.507643       -0.177929
        0.664719        -1.08226       -0.179579
        0.356997         -1.2085        -1.20094
         0.81062        0.449214        0.558719
       -0.193061        -1.05306         -1.8086
        -1.14965         2.31356         0.43272
       -0.993246         1.05562       -0.418843
        0.803133      -0.0742788       -0.744799
        -1.29483       -0.737254        0.189405
       -0.473178       -0.980322         1.19525
      -0.0296201        0.114824         1.67425
       -0.894387         0.25214       -0.916046
         2.01041        -1.17987       0.0714148
         0.81753        -1.55275         1.21372
       -0.406425       -0.980772       0.0742303
       -0.406887         1.73906        0.625859
        0.273437        0.928063        0.426018
       -0.374207       -0.336937      -0.0747854
       -0.701764        0.314393        -1.65214
        -1.24767        0.854221       -0.419989
         1.49153       -0.113727       -0.310791
        -1.00359        0.765637        -1.60374
          1.1161      -0.0682441        -1.70032
         1.16161          2.8106       -0.657944
       -0.647254        -2.45281       -0.780041
